0.0	0.18877762157271
0.043408681736347265	0.18792613045109496
0.08681736347269453	0.18557574606425492
0.1302260452090418	0.18176292435499586
0.17363472694538906	0.17653734655996955
0.21704340868173633	0.1699679347289319
0.2604520904180836	0.16214869829369594
0.30386077215443086	0.15320261078230396
0.3472694538907781	0.1432821035551306
0.3906781356271254	0.13256552227003748
0.43408681736347265	0.12124983845700199
0.4774954990998199	0.10954077168163501
0.5209041808361672	0.09764200940608869
0.5643128625725145	0.08574530727941204
0.6077215443088617	0.07402303263446205
0.651130226045209	0.06262473374531971
0.6945389077815562	0.05168356170504004
0.7379475895179035	0.04134873739979966
0.7813562712542508	0.031668135507853856
0.824764952990598	0.022304038781465113
0.8681736347269453	0.013193699394676156
0.9115823164632926	0.004682643058840863
0.9549909981996398	-0.003096023222696337
0.9983996799359871	-0.010192913604832848
1.0418083616723344	-0.016673790698573443
1.0852170434086816	-0.022588363411630064
1.128625725145029	-0.027978102757228313
1.1720344068813762	-0.03288090951998325
1.2154430886177234	-0.03733233072706238
1.2588517703540707	-0.04136574048788573
1.302260452090418	-0.04501229670293051
1.3456691338267652	-0.04830088571958549
1.3890778155631125	-0.05125810620473016
1.4324864972994598	-0.0539082978966689
1.475895179035807	-0.056273607596322245
1.5193038607721543	-0.05837408192194894
1.5627125425085016	-0.060227777073280725
1.6061212242448488	-0.06185087763659207
1.649529905981196	-0.06325781836904826
1.6929385877175434	-0.06446140458863671
1.7363472694538906	-0.065472928170696
1.7797559511902379	-0.06630227721842016
1.8231646329265851	-0.06695803827419931
1.8665733146629324	-0.06744759052199137
1.9099819963992797	-0.06777719184666152
1.953390678135627	-0.06795205690648934
1.9967993598719742	-0.06797642757453634
2.0402080416083215	-0.06785363624099024
2.0836167233446687	-0.06758616256364777
2.127025405081016	-0.0671756843241542
2.1704340868173633	-0.06662312310641708
2.2138427685537105	-0.06592868557079369
2.257251450290058	-0.06509190116113715
2.300660132026405	-0.06411165715799794
2.3440688137627523	-0.062986232085639
2.3874774954990996	-0.06171332859774169
2.430886177235447	-0.06029010711093087
2.474294858971794	-0.058713221630168
2.5177035407081414	-0.056978859418545205
2.5611122224444887	-0.05508278640785111
2.604520904180836	-0.05302040052551589
2.647929585917183	-0.050786795425579734
2.6913382676535305	-0.048376837449700436
2.7347469493898777	-0.04578525899700264
2.778155631126225	-0.043006771829423446
2.8215643128625723	-0.040036204152942
2.8649729945989195	-0.03686866555299316
2.908381676335267	-0.033499743967032994
2.951790358071614	-0.02992573877170958
2.9951990398079613	-0.026143933643388573
3.0386077215443086	-0.022152911974297168
3.082016403280656	-0.017952916064499336
3.125425085017003	-0.013546248649401127
3.1688337667533504	-0.008937710760781009
3.2122424484896976	-0.00413506197367472
3.255651130226045	0.0008505245602182243
3.299059811962392	0.00600406305272036
3.3424684936987394	0.011306530394124992
3.3858771754350867	0.016735627189349234
3.429285857171434	0.022276181212869228
3.4726945389077812	0.028006762066859786
3.5161032206441285	0.03454917540856578
3.5595119023804758	0.04403181420354779
3.602920584116823	0.05766154940046214
3.6463292658531703	0.0700203785012656
3.6897379475895176	0.07805708739676082
3.733146629325865	0.083241712737438
3.776555311062212	0.08678810872761578
3.8199639927985594	0.08922297058047882
3.8633726745349066	0.09079403508527475
3.906781356271254	0.09164446641676613
3.950190038007601	0.09186980371368306
3.9935987197439484	0.09153955011517562
4.037007401480296	0.09070721260441506
4.080416083216643	0.08941577147679514
4.123824764952991	0.0877010876634769
4.1672334466893375	0.08559418590979936
4.210642128425685	0.083122804252007
4.254050810162032	0.08031251368825632
4.29745949189838	0.07718762012495736
4.3408681736347265	0.07377192164318619
4.384276855371074	0.07008932742553944
4.427685537107421	0.0661643431244866
4.471094218843769	0.06202243275199332
4.514502900580116	0.057690257548699525
4.557911582316463	0.05319577994131147
4.60132026405281	0.04856822967875024
4.644728945789158	0.04383793885313275
4.688137627525505	0.039036062043017655
4.731546309261852	0.03419421033930631
4.774954990998199	0.029344040201210786
4.818363672734547	0.02451685216193028
4.861772354470894	0.019743276983938407
4.905181036207241	0.015053175548906977
4.948589717943588	0.010476008916432133
4.991998399679936	0.006042331207501445
5.035407081416283	0.0017883312416946684
5.0788157631526305	-0.0022327391201916735
5.122224444888977	-0.005988919176304869
5.165633126625325	-0.009875140193195436
5.209041808361672	-0.014624340170435485
5.25245049009802	-0.019948887440036117
5.295859171834366	-0.02504774107549504
5.339267853570714	-0.02951309795726452
5.382676535307061	-0.03327650886971924
5.426085217043409	-0.03639942982604051
5.4694938987797554	-0.03897251722028092
5.512902580516103	-0.041081515226517235
5.55631126225245	-0.042798473375831994
5.599719943988798	-0.04418131475724675
5.6431286257251445	-0.045275807815522
5.686537307461492	-0.04611795672903693
5.729945989197839	-0.04673617854161245
5.773354670934187	-0.04715309896413045
5.816763352670534	-0.04738696193692804
5.860172034406881	-0.047452704781975594
5.903580716143228	-0.04736276559557591
5.946989397879576	-0.047127686181284045
5.990398079615923	-0.04675656288950038
6.03380676135227	-0.04625738476458591
6.077215443088617	-0.04563728652265234
6.120624124824965	-0.04490273479440916
6.164032806561312	-0.044059660372388024
6.207441488297659	-0.04311354656522268
6.250850170034006	-0.0420694832448585
6.294258851770354	-0.04093219662721892
6.337667533506701	-0.03970606514992804
6.3810762152430485	-0.03839513119583379
6.424484896979395	-0.037003116645248565
6.467893578715743	-0.03553344771937046
6.51130226045209	-0.03398929191500874
6.5547109421884375	-0.03237360744699069
6.598119623924784	-0.030689203671995277
6.641528305661132	-0.02893880955233831
6.684936987397479	-0.027125146468691547
6.728345669133827	-0.02525100171384212
6.771754350870173	-0.023319299693440043
6.815163032606521	-0.02133316889720649
6.858571714342868	-0.019296003711716997
6.901980396079216	-0.017211520844853695
6.9453890778155625	-0.015083810356711858
6.98879775955191	-0.012917381039393133
7.032206441288257	-0.010717199412102751
7.075615123024605	-0.008488721321938786
7.1190238047609515	-0.00623791533784504
7.162432486497299	-0.003971277687298602
7.205841168233646	-0.001695839040449787
7.249249849969994	0.0005808363928077875
7.292658531706341	0.002850659458666943
7.336067213442688	0.005105033398287578
7.379475895179035	0.007334882411513977
7.422884576915383	0.00953069602974621
7.46629325865173	0.011682597168652525
7.509701940388077	0.013780445199153307
7.553110622124424	0.015813985369416583
7.596519303860772	0.01777304757143308
7.639927985597119	0.019647777757084428
7.683336667333466	0.021428856501340965
7.726745349069813	0.023107632337156153
7.770154030806161	0.02467609336422605
7.813562712542508	0.026126642534032074
7.8569713942788555	0.02745173792822375
7.900380076015202	0.028643580352286147
7.94378875775155	0.029694103227198898
7.987197439487897	0.030595458855547736
8.030606121224244	0.03134098093521079
8.074014802960592	0.031926340709426765
8.117423484696939	0.03235048064128848
8.160832166433286	0.03261600301238202
8.204240848169633	0.03272893620212325
8.247649529905981	0.03269802394817381
8.291058211642328	0.032533759040824645
8.334466893378675	0.03224730856480812
8.377875575115022	0.03184933302704693
8.42128425685137	0.031348600505838875
8.464692938587717	0.03075035870004511
8.508101620324064	0.030054719084214615
8.55151030206041	0.02925572407723942
8.59491898379676	0.028341963051073837
8.638327665533106	0.027299180649406424
8.681736347269453	0.026114308305882433
8.7251450290058	0.024779425285817308
8.768553710742149	0.023294111248038513
8.811962392478495	0.021665554799112197
8.855371074214842	0.01990689992968689
8.898779755951189	0.01803489225169258
8.942188437687538	0.01606777339095461
8.985597119423884	0.014023893038166313
9.029005801160231	0.011921046030072241
9.072414482896578	0.009776288398337218
9.115823164632927	0.007605947394804663
9.159231846369273	0.0054256297196851044
9.20264052810562	0.0032501522779061764
9.246049209841967	0.0010934073673886657
9.289457891578316	-0.0010317897512739371
9.332866573314663	-0.0031138264629748946
9.37627525505101	-0.00514236808881377
9.419683936787356	-0.007108380120375901
9.463092618523705	-0.009004106715852916
9.506501300260052	-0.010823017021202641
9.549909981996398	-0.012559726300001434
9.593318663732745	-0.014209892078085845
9.636727345469094	-0.015770081333547403
9.68013602720544	-0.01723760696897464
9.723544708941787	-0.018610341666352975
9.766953390678134	-0.019886531986867878
9.810362072414483	-0.02106464818119347
9.85377075415083	-0.02214330687667368
9.897179435887177	-0.023121289500801556
9.940588117623523	-0.023997652203762848
9.983996799359872	-0.024771894294766367
10.027405481096219	-0.025444134558450515
10.070814162832566	-0.026015244969999157
10.114222844568912	-0.02648690663485781
10.157631526305261	-0.026861573924627485
10.201040208041608	-0.027142349583038128
10.244448889777955	-0.02733278030089409
10.287857571514301	-0.027436580537801764
10.33126625325065	-0.027457290963631503
10.374674934986997	-0.027397888424850497
10.418083616723344	-0.027260392631430708
10.46149229845969	-0.027045551268732704
10.50490098019604	-0.026752704143729822
10.548309661932386	-0.026379902260273674
10.591718343668733	-0.02592428796931487
10.63512702540508	-0.02538265916633234
10.678535707141428	-0.024752087138826845
10.721944388877775	-0.02403045710269916
10.765353070614122	-0.023216843448136626
10.808761752350469	-0.022311690471673418
10.852170434086817	-0.021316818629283862
10.895579115823164	-0.020235304418145528
10.938987797559511	-0.01907128976309752
10.982396479295858	-0.017829771158224178
11.025805161032206	-0.016516406789388816
11.069213842768553	-0.015137365883771542
11.1126225245049	-0.013699230880121427
11.156031206241249	-0.012208951099349663
11.199439887977595	-0.01067383742377867
11.242848569713942	-0.009101581582121099
11.286257251450289	-0.0075002812842602795
11.329665933186638	-0.005878453857551452
11.373074614922984	-0.004245025629766391
11.416483296659331	-0.002609290393535718
11.459891978395678	-0.00098083609432692
11.503300660132027	0.0006305565624528386
11.546709341868373	0.0022150374338937573
11.59011802360472	0.003762827177966055
11.633526705341067	0.005264375094024415
11.676935387077416	0.006710543644854766
11.720344068813763	0.008092834409692051
11.76375275055011	0.009403665612735729
11.807161432286456	0.01063668847182278
11.850570114022805	0.011787083296070533
11.893978795759152	0.012851712875013993
11.937387477495498	0.01382895716109983
11.980796159231845	0.014718056632478799
12.024204840968194	0.015517905834265044
12.06761352270454	0.01622549248891375
12.111022204440888	0.016834515072815776
12.154430886177234	0.017334935052483735
12.197839567913583	0.017714056325356248
12.24124824964993	0.01795908647500749
12.284656931386277	0.018060350988377688
12.328065613122623	0.01801396583269016
12.371474294858972	0.017823095340042394
12.414882976595319	0.01749764841174814
12.458291658331666	0.017052884370061583
12.501700340068012	0.01650762939046102
12.545109021804361	0.015882700632498553
12.588517703540708	0.015199891051226266
12.631926385277055	0.014481616850323537
12.675335067013402	0.013751080668343657
12.71874374874975	0.013032473092071284
12.762152430486097	0.01235025398899492
12.805561112222444	0.011726104172517654
12.84896979395879	0.011172450927167038
12.89237847569514	0.010683645755709514
12.935787157431486	0.010229732711177275
12.979195839167833	0.00975964152479078
13.02260452090418	0.009215750334847034
13.066013202640528	0.00855238916546111
13.109421884376875	0.007747310225574872
13.152830566113222	0.006801714263419245
13.196239247849569	0.005732831854063952
13.239647929585917	0.004565342250788779
13.283056611322264	0.0033252090352895725
13.326465293058611	0.002036444288720879
13.369873974794958	0.0007199270704486282
13.413282656531306	-0.0006067007683986658
13.456691338267653	-0.0019287052816735761
13.500100020004	-0.003233824535648938
13.543508701740347	-0.0045118613544425645
13.586917383476695	-0.005754348152028965
13.630326065213042	-0.0069542901493679365
13.673734746949389	-0.00810597925466841
13.717143428685736	-0.009204863315874307
13.760552110422084	-0.010247447063381238
13.803960792158431	-0.011231190514737754
13.847369473894778	-0.012154361618847781
13.890778155631125	-0.013015800896445634
13.934186837367474	-0.01381457733174829
13.97759551910382	-0.014549562019228302
14.021004200840167	-0.015219008098433906
14.064412882576514	-0.01582027072631398
14.107821564312863	-0.016349792093856036
14.15123024604921	-0.016803402171106957
14.194638927785556	-0.01717687828531736
14.238047609521903	-0.017466622850246083
14.281456291258252	-0.01767029819703453
14.324864972994598	-0.01778729832719214
14.368273654730945	-0.017819007196884173
14.411682336467292	-0.017768857879045002
14.45509101820364	-0.01764224936794659
14.498499699939988	-0.017446397150849696
14.541908381676334	-0.017190194113583634
14.585317063412681	-0.01688413374243347
14.62872574514903	-0.016540268773250433
14.672134426885377	-0.016172002087264187
14.715543108621723	-0.015793254654141747
14.75895179035807	-0.015416472455081653
14.802360472094419	-0.015049463240886518
14.845769153830766	-0.01469221732080686
14.889177835567112	-0.014335632104876206
14.93258651730346	-0.013963265643037986
14.975995199039808	-0.013555383750512545
15.019403880776155	-0.01309338768910917
15.062812562512502	-0.012563018463950998
15.106221244248848	-0.011955799473199163
15.149629925985197	-0.011269022609338347
15.193038607721544	-0.010504879911986426
15.23644728945789	-0.009669270058290158
15.279855971194237	-0.008770618104583322
15.323264652930586	-0.007818876626102395
15.366673334666933	-0.006824762825929531
15.41008201640328	-0.0057992212980379765
15.453490698139627	-0.004753071365751538
15.496899379875975	-0.0036967901316276863
15.540308061612322	-0.0026403874212998224
15.583716743348669	-0.0015933376473499516
15.627125425085016	-0.0005645420017372782
15.670534106821364	0.00043769761107073646
15.713942788557711	0.0014057036873892648
15.757351470294058	0.00233245154494921
15.800760152030405	0.0032116007061865903
15.844168833766753	0.004037526119892276
15.8875775155031	0.004805345106081965
15.930986197239447	0.005510936398877564
15.974394878975794	0.006150948736842798
16.017803560712142	0.006722797530501201
16.061212242448487	0.007224649335271838
16.104620924184836	0.0076553950455249264
16.148029605921185	0.008014613306027818
16.19143828765753	0.008302525547768919
16.234846969393878	0.008519943951063674
16.278255651130227	0.008668213910592526
16.321664332866572	0.00874915300006257
16.36507301460292	0.008764988724342532
16.408481696339265	0.008718297393316116
16.451890378075614	0.008611946213630012
16.495299059811963	0.008449040350180403
16.538707741548308	0.008232876517120236
16.582116423284656	0.007966904313913892
16.625525105021005	0.007654695261233996
16.66893378675735	0.007299917306807763
16.7123424684937	0.006906310733373916
16.755751150230044	0.0064776611678754314
16.799159831966392	0.006017766607797542
16.84256851370274	0.005530396976762164
16.885977195439086	0.0050192462933481286
16.929385877175434	0.004487879643412934
16.972794558911783	0.003939679985133726
17.016203240648128	0.0033778023430877657
17.059611922384477	0.0028051437287799907
17.10302060412082	0.0022243356985243434
17.14642928585717	0.0016377634341783465
17.18983796759352	0.0010476113045250202
17.233246649329864	0.00045593036633220785
17.276655331066213	-0.00013528125505340993
17.32006401280256	-0.000723997514068403
17.363472694538906	-0.001308096474375603
17.406881376275255	-0.0018853167043898778
17.4502900580116	-0.0024532454065952503
17.49369873974795	-0.003009340353265333
17.537107421484297	-0.0035509824333041506
17.580516103220642	-0.004075551502835811
17.62392478495699	-0.004580516006586627
17.66733346669334	-0.005063526508118338
17.710742148429684	-0.005522504229257291
17.754150830166033	-0.005955717280098943
17.797559511902378	-0.006361839124217533
17.840968193638727	-0.006739985762387185
17.884376875375075	-0.007089729663449312
17.92778555711142	-0.007411089229320267
17.97119423884777	-0.007704493159370385
18.014602920584117	-0.007970720936829628
18.058011602320462	-0.008210824207294382
18.10142028405681	-0.008426037184909335
18.144828965793156	-0.008617685033659117
18.188237647529505	-0.00878709729051641
18.231646329265853	-0.008935530834775995
18.2750550110022	-0.009064105373790265
18.318463692738547	-0.009173753975986243
18.361872374474896	-0.009265190969132031
18.40528105621124	-0.009338898727838746
18.44868973794759	-0.009395133186393012
18.492098419683934	-0.009433945726875226
18.535507101420283	-0.00945521731751231
18.57891578315663	-0.009458700075871768
18.622324464892976	-0.009444061707170798
18.665733146629325	-0.009410928979069588
18.709141828365674	-0.009358927141215834
18.75255051010202	-0.0092877128766031
18.795959191838367	-0.00919699903039961
18.839367873574712	-0.009086570123643528
18.88277655531106	-0.008956288672157975
18.92618523704741	-0.008806093606589682
18.969593918783755	-0.008635993395416125
19.013002600520103	-0.008446057484942204
19.05641128225645	-0.00823641020226451
19.099819963992797	-0.008007231217447591
19.143228645729145	-0.007758765798848155
19.18663732746549	-0.007491346224228895
19.23004600920184	-0.007205423167115588
19.273454690938188	-0.006901603544828827
19.316863372674533	-0.006580689879721019
19.36027205441088	-0.006243715653950932
19.40368073614723	-0.0058919711133777475
19.447089417883575	-0.005527014583619566
19.490498099619924	-0.00515066591626151
19.53390678135627	-0.004764980996260798
19.577315463092617	-0.004372208567646946
19.620724144828966	-0.003974732419201238
19.66413282656531	-0.003575003229508905
19.70754150830166	-0.003175465320561649
19.750950190038008	-0.0027784843206732635
19.794358871774353	-0.0023862821886637686
19.8377675535107	-0.0020008856766434713
19.881176235247047	-0.0016240925293261599
19.924584916983395	-0.0012574570050066514
19.967993598719744	-0.0009022941223393033
20.01140228045609	-0.0005597010110491019
20.054810962192438	-0.00023059282914086876
20.098219643928786	8.425103522213817e-05
20.14162832566513	0.0003841365491493165
20.18503700740148	0.0006684068244256214
20.228445689137825	0.0009364011377505921
20.271854370874173	0.0011874241298406585
20.315263052610522	0.0014207263659237468
20.358671734346867	0.0016354960687497422
20.402080416083216	0.0018308604964892283
20.445489097819564	0.0020058942713975514
20.48889777955591	0.002159631717862265
20.532306461292258	0.002291081394519223
20.575715143028603	0.0023992429492243894
20.61912382476495	0.0024831280993500293
20.6625325065013	0.002541788351481278
20.705941188237645	0.0025743521145358272
20.749349869973994	0.0025800731675304223
20.792758551710342	0.0025583906072524365
20.836167233446687	0.0025089971261560706
20.879575915183036	0.002431908350716133
20.92298459691938	0.0023275225233286845
20.96639327865573	0.002196658644984556
21.00980196039208	0.0020405629480526877
21.053210642128423	0.001860877499794078
21.096619323864772	0.0016595693867516026
21.14002800560112	0.001438823239072795
21.183436687337466	0.0012009037546562018
21.226845369073814	0.000947998993293564
21.27025405081016	0.0006820600493968043
21.313662732546508	0.00040465795339530986
21.357071414282856	0.00011688271011400797
21.4004800960192	-0.00018069040321583296
21.44388877775555	-0.00048794847766003846
21.4872974594919	-0.0008050977037869222
21.530706141228244	-0.0011324440351693776
21.574114822964592	-0.0014701326625937705
21.617523504700937	-0.001817893838154283
21.660932186437286	-0.002174841622836682
21.704340868173635	-0.0025393576016492503
21.74774954990998	-0.0029090706178960812
21.791158231646328	-0.003280924865486312
21.834566913382677	-0.0036513168855716593
21.877975595119022	-0.004016277358149994
21.92138427685537	-0.004371674644336937
21.964792958591715	-0.004713421746872393
22.008201640328064	-0.005037673727236014
22.051610322064413	-0.0053410061219106575
22.095019003800758	-0.005620566276882455
22.138427685537106	-0.005874190206141633
22.181836367273455	-0.006100478635155671
22.2252450490098	-0.006298827295937781
22.26865373074615	-0.006469408293588996
22.312062412482497	-0.006613102189202719
22.355471094218842	-0.006731384789110562
22.39887977595519	-0.006826177533534372
22.442288457691536	-0.0068996743982644715
22.485697139427884	-0.006954161135400677
22.529105821164233	-0.006991844762462257
22.572514502900578	-0.007014711226904752
22.615923184636927	-0.007024425151105157
22.659331866373275	-0.0070222778255839
22.70274054810962	-0.007009181344491605
22.74614922984597	-0.006985701101015401
22.789557911582314	-0.006952116432056177
22.832966593318663	-0.006908498719181255
22.87637527505501	-0.006854796418718306
22.919783956791356	-0.006790916997269331
22.963192638527705	-0.006716796849001755
23.006601320264053	-0.006632452095124447
23.0500100020004	-0.00653800554800632
23.093418683736747	-0.006433687794342474
23.136827365473092	-0.0063198130752479265
23.18023604720944	-0.006196733300712076
23.22364472894579	-0.00606477626173621
23.267053410682134	-0.0059241771424649314
23.310462092418483	-0.005775015587597215
23.35387077415483	-0.005617172697230832
23.397279455891177	-0.005450321644222544
23.440688137627525	-0.005273960999567284
23.48409681936387	-0.005087491892739993
23.52750550110022	-0.00489033108264969
23.570914182836567	-0.004682044616254294
23.614322864572912	-0.004462482884418362
23.65773154630926	-0.004231898017421409
23.70114022804561	-0.00399102817090119
23.744548909781955	-0.003741139304396679
23.787957591518303	-0.0034840217961129016
23.83136627325465	-0.003221944236493801
23.874774954990997	-0.002957568668805949
23.918183636727345	-0.002693832082752451
23.96159231846369	-0.0024338012195989356
24.00500100020004	-0.002180512124397488
24.048409681936388	-0.0019368093340889625
24.091818363672733	-0.0017051995595986358
24.13522704540908	-0.0014877320246663994
24.178635727145426	-0.0012859146811981526
24.222044408881775	-0.0011006732151931375
24.265453090618124	-0.0009323569738046156
24.30886177235447	-0.0007807914500836399
24.352270454090817	-0.0006453710646430744
24.395679135827166	-0.0005251804201540089
24.43908781756351	-0.0004191287391055176
24.48249649929986	-0.00032608155379523773
24.525905181036205	-0.00024497570526807455
24.569313862772553	-0.00017490774456996316
24.6127225445089	-0.00011519103767546057
24.656131226245247	-6.538198801769868e-05
24.699539907981595	-2.5279517135434748e-05
24.742948589717944	5.096297781781445e-06
24.78635727145429	2.554028362541927e-05
24.829765953190638	3.570713116593516e-05
24.873174634926983	3.515995099220848e-05
24.91658331666333	2.3417942722092633e-05
24.95999199839968	0.0
