0.0	-0.6007201440288057
0.043408681736347265	-0.5993198639727941
0.08681736347269453	-0.5951190238047603
0.1302260452090418	-0.5881176235247043
0.17363472694538906	-0.5797159431886376
0.21704340868173633	-0.5671134226845362
0.2604520904180836	-0.5531106221244251
0.30386077215443086	-0.5363072614522899
0.3472694538907781	-0.518103620724145
0.3906781356271254	-0.4970994198839769
0.43408681736347265	-0.4732946589317857
0.4774954990998199	-0.4480896179235847
0.5209041808361672	-0.4214842968593713
0.5643128625725145	-0.3920784156831365
0.6077215443088617	-0.36267253450690085
0.651130226045209	-0.33046609321864384
0.6945389077815562	-0.29825965193038595
0.7379475895179035	-0.2632526505301058
0.7813562712542508	-0.2282456491298257
0.824764952990598	-0.19323864772954558
0.8681736347269453	-0.15543108621724322
0.9115823164632926	-0.11902380476095153
0.9549909981996398	-0.08121624324864918
0.9983996799359871	-0.04340868173634682
1.0418083616723344	-0.005601120224044465
1.0852170434086816	0.03220644128825789
1.128625725145029	0.07001400280056025
1.1720344068813762	0.10642128425685193
1.2154430886177234	0.14282856571314273
1.2588517703540707	0.17783556711342285
1.302260452090418	0.21284256851370298
1.3456691338267652	0.24644928985797154
1.3890778155631125	0.27865573114622944
1.4324864972994598	0.30946189237847577
1.475895179035807	0.3388677735547114
1.5193038607721543	0.3668733746749355
1.5627125425085016	0.3920784156831365
1.6061212242448488	0.4158831766353277
1.649529905981196	0.43828765753150645
1.6929385877175434	0.45789157831566296
1.7363472694538906	0.4760952190438088
1.7797559511902379	0.4914982996599324
1.8231646329265851	0.5055011002200445
1.8665733146629324	0.5167033406681343
1.9099819963992797	0.525105021004201
1.953390678135627	0.532106421284257
1.9967993598719742	0.5349069813962792
2.0402080416083215	0.5363072614522908
2.0836167233446687	0.5363072614522908
2.127025405081016	0.532106421284257
2.1704340868173633	0.5265053010602125
2.2138427685537105	0.518103620724145
2.257251450290058	0.5083016603320667
2.300660132026405	0.49429885977195465
2.3440688137627523	0.4802960592118426
2.3874774954990996	0.46209241848369675
2.430886177235447	0.44248849769954024
2.474294858971794	0.4200840168033606
2.5177035407081414	0.3962792558511703
2.5611122224444887	0.37107421484296843
2.604520904180836	0.3430686137227452
2.647929585917183	0.31366273254650956
2.6913382676535305	0.2828565713142632
2.7347469493898777	0.25065013002600534
2.778155631126225	0.21704340868173677
2.8215643128625723	0.18203640728145665
2.8649729945989195	0.14702940588117652
2.908381676335267	0.11062212442488484
2.951790358071614	0.07281456291258248
2.9951990398079613	0.036407281456291685
3.0386077215443086	-0.001400280056010672
3.082016403280656	-0.03780756151230236
3.125425085017003	-0.07421484296859315
3.1688337667533504	-0.11062212442488484
3.2122424484896976	-0.14562912582516496
3.255651130226045	-0.1806361272254451
3.299059811962392	-0.21424284856971365
3.3424684936987394	-0.24504900980195998
3.3858771754350867	-0.2758551710342063
3.429285857171434	-0.305261052210442
3.4726945389077812	-0.3318663732746545
3.5161032206441285	-0.3570714142828564
3.5595119023804758	-0.3794758951790351
3.602920584116823	-0.4004800960192032
3.6463292658531703	-0.41868373674734904
3.6897379475895176	-0.43408681736347265
3.733146629325865	-0.4480896179235847
3.776555311062212	-0.4592918583716745
3.8199639927985594	-0.4676935387077412
3.8633726745349066	-0.4732946589317857
3.906781356271254	-0.4760952190438088
3.950190038007601	-0.4760952190438088
3.9935987197439484	-0.47469493898779724
4.037007401480296	-0.4690938187637528
4.080416083216643	-0.46209241848369675
4.123824764952991	-0.4522904580916185
4.1672334466893375	-0.4396879375875171
4.210642128425685	-0.4242848569713944
4.254050810162032	-0.4074814962992592
4.29745949189838	-0.3892778555711143
4.3408681736347265	-0.36687337467493464
4.384276855371074	-0.3444688937787559
4.427685537107421	-0.3206641328265647
4.471094218843769	-0.29405881176235216
4.514502900580116	-0.26605321064212806
4.557911582316463	-0.23804760952190396
4.60132026405281	-0.2086417283456692
4.644728945789158	-0.17783556711342285
4.688137627525505	-0.14702940588117563
4.731546309261852	-0.1162232446489293
4.774954990998199	-0.0840168033606723
4.818363672734547	-0.05321064212842508
4.861772354470894	-0.021004200840168075
4.905181036207241	0.009801960392078257
4.948589717943588	0.04060812162432548
4.991998399679936	0.07141428285657181
5.035407081416283	0.10082016403280658
5.0788157631526305	0.13022604520904224
5.122224444888977	0.15823164632926634
5.165633126625325	0.18483696739347888
5.209041808361672	0.21004200840168075
5.25245049009802	0.23384676935387105
5.295859171834366	0.2562512502500507
5.339267853570714	0.2758551710342072
5.382676535307061	0.2954590918183637
5.426085217043409	0.312262452490498
5.4694938987797554	0.3276655331066216
5.512902580516103	0.34166833366673366
5.55631126225245	0.3528705741148235
5.599719943988798	0.36267253450690173
5.6431286257251445	0.37107421484296843
5.686537307461492	0.3766753350670138
5.729945989197839	0.379475895179036
5.773354670934187	0.3808761752350476
5.816763352670534	0.3808761752350476
5.860172034406881	0.37807561512302446
5.903580716143228	0.37387477495499155
5.946989397879576	0.3668733746749355
5.990398079615923	0.35847169433886794
6.03380676135227	0.3486697339467897
6.077215443088617	0.3360672134426892
6.120624124824965	0.3234646929385878
6.164032806561312	0.3080616123224651
6.207441488297659	0.2912582516503299
6.250850170034006	0.2716543308661734
6.294258851770354	0.2520504100820169
6.337667533506701	0.23104620924184882
6.3810762152430485	0.21004200840168075
6.424484896979395	0.18623724744949044
6.467893578715743	0.16243248649730013
6.51130226045209	0.13722744548909827
6.5547109421884375	0.1120224044808964
6.598119623924784	0.08681736347269453
6.641528305661132	0.06021204240848199
6.684936987397479	0.035007001400280124
6.728345669133827	0.008401680336067585
6.771754350870173	-0.018203640728144954
6.815163032606521	-0.04340868173634682
6.858571714342868	-0.06861372274454869
6.901980396079216	-0.09381876375275056
6.9453890778155625	-0.11762352470494086
6.98879775955191	-0.14142828565713117
7.032206441288257	-0.1638327665533108
7.075615123024605	-0.18483696739347888
7.1190238047609515	-0.2044408881776354
7.162432486497299	-0.22264452890578124
7.205841168233646	-0.2408481696339262
7.249249849969994	-0.2562512502500498
7.292658531706341	-0.27025405081016185
7.336067213442688	-0.28285657131426234
7.379475895179035	-0.2926585317063406
7.422884576915383	-0.30246049209841974
7.46629325865173	-0.30946189237847577
7.509701940388077	-0.31506301260252023
7.553110622124424	-0.31786357271454246
7.596519303860772	-0.3206641328265647
7.639927985597119	-0.3206641328265647
7.683336667333466	-0.319263852770554
7.726745349069813	-0.31506301260252023
7.770154030806161	-0.31086217243448644
7.813562712542508	-0.3038607721544304
7.8569713942788555	-0.2968593718743744
7.900380076015202	-0.28705741148229613
7.94378875775155	-0.2758551710342063
7.987197439487897	-0.2646529305861174
8.030606121224244	-0.25065013002600534
8.074014802960592	-0.23664732946589329
8.117423484696939	-0.22124424884976968
8.160832166433286	-0.2044408881776354
8.204240848169633	-0.1876375275055011
8.247649529905981	-0.17083416683336683
8.291058211642328	-0.15123024604920943
8.334466893378675	-0.13302660532106358
8.377875575115022	-0.11342268453690707
8.42128425685137	-0.09381876375275056
8.464692938587717	-0.07421484296859315
8.508101620324064	-0.05461092218443664
8.55151030206041	-0.036407281456290796
8.59491898379676	-0.016803360672134282
8.638327665533106	0.0028005601120222323
8.681736347269453	0.021004200840168075
8.7251450290058	0.03920784156831392
8.768553710742149	0.05741148229645976
8.811962392478495	0.07421484296859404
8.855371074214842	0.08961792358471676
8.898779755951189	0.10502100420084037
8.942188437687538	0.12042408481696398
8.985597119423884	0.13302660532106447
9.029005801160231	0.14562912582516496
9.072414482896578	0.15823164632926634
9.115823164632927	0.1680336067213446
9.159231846369273	0.17783556711342285
9.20264052810562	0.18623724744949044
9.246049209841967	0.19323864772954646
9.289457891578316	0.19883976795359093
9.332866573314663	0.20304060812162472
9.37627525505101	0.20584116823364695
9.419683936787356	0.2086417283456692
9.463092618523705	0.2086417283456692
9.506501300260052	0.2086417283456692
9.549909981996398	0.20724144828965851
9.593318663732745	0.2044408881776354
9.636727345469094	0.2002400480096025
9.68013602720544	0.1960392078415687
9.723544708941787	0.19043808761752334
9.766953390678134	0.18203640728145665
9.810362072414483	0.17503500700140062
9.85377075415083	0.16523304660932236
9.897179435887177	0.1554310862172441
9.940588117623523	0.14562912582516496
9.983996799359872	0.13302660532106447
10.027405481096219	0.12182436487297466
10.070814162832566	0.10922184436887417
10.114222844568912	0.09521904380876212
10.157631526305261	0.08261652330466074
10.201040208041608	0.06861372274454958
10.244448889777955	0.05461092218443753
10.287857571514301	0.03920784156831392
10.33126625325065	0.025205041008201867
10.374674934986997	0.011202240448089817
10.418083616723344	-0.0042008401680337926
10.46149229845969	-0.018203640728144954
10.50490098019604	-0.032206441288257004
10.548309661932386	-0.046209241848369054
10.591718343668733	-0.0602120424084811
10.63512702540508	-0.07281456291258248
10.678535707141428	-0.08541708341668297
10.721944388877775	-0.09801960392078435
10.765353070614122	-0.10922184436887328
10.808761752350469	-0.11902380476095153
10.852170434086817	-0.12882576515303068
10.895579115823164	-0.13862772554510894
10.938987797559511	-0.14702940588117563
10.982396479295858	-0.15403080616123166
11.025805161032206	-0.16103220644128768
11.069213842768553	-0.16663332666533304
11.1126225245049	-0.17083416683336683
11.156031206241249	-0.17503500700139973
11.199439887977595	-0.17783556711342285
11.242848569713942	-0.1806361272254451
11.286257251450289	-0.1806361272254451
11.329665933186638	-0.18203640728145576
11.373074614922984	-0.1806361272254451
11.416483296659331	-0.17923584716943353
11.459891978395678	-0.1764352870574113
11.503300660132027	-0.17363472694538906
11.546709341868373	-0.16943388677735527
11.59011802360472	-0.16523304660932148
11.633526705341067	-0.159631926385277
11.676935387077416	-0.152630526105221
11.720344068813763	-0.14702940588117563
11.76375275055011	-0.13862772554510894
11.807161432286456	-0.1316263252650529
11.850570114022805	-0.12322464492898533
11.893978795759152	-0.11482296459291863
11.937387477495498	-0.10642128425685105
11.980796159231845	-0.09661932386477279
12.024204840968194	-0.08681736347269453
12.06761352270454	-0.07701540308061627
12.111022204440888	-0.06721344268853713
12.154430886177234	-0.05741148229645887
12.197839567913583	-0.047609521904380614
12.24124824964993	-0.03780756151230236
12.284656931386277	-0.0280056011202241
12.328065613122623	-0.019603920784156514
12.371474294858972	-0.009801960392078257
12.414882976595319	-0.001400280056010672
12.458291658331666	0.008401680336067585
12.501700340068012	0.016803360672134282
12.545109021804361	0.023804760952190307
12.588517703540708	0.03220644128825789
12.631926385277055	0.03920784156831392
12.675335067013402	0.04620924184836994
12.71874374874975	0.051810362072414406
12.762152430486097	0.05741148229645976
12.805561112222444	0.06301260252050422
12.84896979395879	0.06721344268853802
12.89237847569514	0.07141428285657181
12.935787157431486	0.07421484296859404
12.979195839167833	0.07701540308061627
13.02260452090418	0.0798159631926385
13.066013202640528	0.08121624324865007
13.109421884376875	0.08261652330466074
13.152830566113222	0.08261652330466074
13.196239247849569	0.08261652330466074
13.239647929585917	0.08261652330466074
13.283056611322264	0.08121624324865007
13.326465293058611	0.0798159631926385
13.369873974794958	0.07841568313662783
13.413282656531306	0.0756151230246056
13.456691338267653	0.07281456291258248
13.500100020004	0.07001400280056025
13.543508701740347	0.06721344268853802
13.586917383476695	0.06301260252050422
13.630326065213042	0.05881176235247043
13.673734746949389	0.05461092218443753
13.717143428685736	0.049009801960392174
13.760552110422084	0.04480896179235838
13.803960792158431	0.03920784156831392
13.847369473894778	0.03360672134426945
13.890778155631125	0.0280056011202241
13.934186837367474	0.022404480896179635
13.97759551910382	0.016803360672134282
14.021004200840167	0.011202240448089817
14.064412882576514	0.005601120224045353
14.107821564312863	0.0
14.15123024604921	-0.005601120224044465
14.194638927785556	-0.011202240448089817
14.238047609521903	-0.016803360672134282
14.281456291258252	-0.022404480896178747
14.324864972994598	-0.0280056011202241
14.368273654730945	-0.033606721344268564
14.411682336467292	-0.03920784156831303
14.45509101820364	-0.04480896179235838
14.498499699939988	-0.049009801960392174
14.541908381676334	-0.05461092218443664
14.585317063412681	-0.05881176235247043
14.62872574514903	-0.06301260252050422
14.672134426885377	-0.06721344268853713
14.715543108621723	-0.07001400280056025
14.75895179035807	-0.07421484296859315
14.802360472094419	-0.07701540308061627
14.845769153830766	-0.0798159631926385
14.889177835567112	-0.08121624324864918
14.93258651730346	-0.0840168033606723
14.975995199039808	-0.08541708341668297
15.019403880776155	-0.08681736347269453
15.062812562512502	-0.0882176435287052
15.106221244248848	-0.08961792358471676
15.149629925985197	-0.08961792358471676
15.193038607721544	-0.08961792358471676
15.23644728945789	-0.08961792358471676
15.279855971194237	-0.08961792358471676
15.323264652930586	-0.0882176435287052
15.366673334666933	-0.08681736347269453
15.41008201640328	-0.08541708341668297
15.453490698139627	-0.0840168033606723
15.496899379875975	-0.08261652330466074
15.540308061612322	-0.0798159631926385
15.583716743348669	-0.07841568313662695
15.627125425085016	-0.07561512302460471
15.670534106821364	-0.07281456291258248
15.713942788557711	-0.07001400280056025
15.757351470294058	-0.06721344268853713
15.800760152030405	-0.06301260252050422
15.844168833766753	-0.0602120424084811
15.8875775155031	-0.0560112022404482
15.930986197239447	-0.05321064212842508
15.974394878975794	-0.049009801960392174
16.017803560712142	-0.046209241848369054
16.061212242448487	-0.04200840168033615
16.104620924184836	-0.03780756151230236
16.148029605921185	-0.035007001400280124
16.19143828765753	-0.030806161232246332
16.234846969393878	-0.02660532106421254
16.278255651130227	-0.023804760952190307
16.321664332866572	-0.019603920784156514
16.36507301460292	-0.015403080616122722
16.408481696339265	-0.01260252050410049
16.451890378075614	-0.008401680336066697
16.495299059811963	-0.005601120224044465
16.538707741548308	-0.001400280056010672
16.582116423284656	0.0014002800560115602
16.625525105021005	0.0042008401680337926
16.66893378675735	0.007001400280056025
16.7123424684937	0.009801960392078257
16.755751150230044	0.012602520504101378
16.799159831966392	0.01540308061612361
16.84256851370274	0.016803360672134282
16.885977195439086	0.019603920784157403
16.929385877175434	0.021004200840168075
16.972794558911783	0.023804760952190307
17.016203240648128	0.025205041008201867
17.059611922384477	0.026605321064213427
17.10302060412082	0.026605321064213427
17.14642928585717	0.0280056011202241
17.18983796759352	0.02940588117623566
17.233246649329864	0.02940588117623566
17.276655331066213	0.02940588117623566
17.32006401280256	0.02940588117623566
17.363472694538906	0.02940588117623566
17.406881376275255	0.02940588117623566
17.4502900580116	0.0280056011202241
17.49369873974795	0.026605321064213427
17.537107421484297	0.026605321064213427
17.580516103220642	0.025205041008201867
17.62392478495699	0.022404480896179635
17.66733346669334	0.021004200840168075
17.710742148429684	0.019603920784157403
17.754150830166033	0.016803360672134282
17.797559511902378	0.01400280056011205
17.840968193638727	0.012602520504101378
17.884376875375075	0.009801960392078257
17.92778555711142	0.007001400280056025
17.97119423884777	0.0028005601120222323
18.014602920584117	0.0
18.058011602320462	-0.0028005601120222323
18.10142028405681	-0.007001400280056025
18.144828965793156	-0.009801960392078257
18.188237647529505	-0.01400280056011205
18.231646329265853	-0.016803360672134282
18.2750550110022	-0.021004200840168075
18.318463692738547	-0.023804760952190307
18.361872374474896	-0.0280056011202241
18.40528105621124	-0.030806161232246332
18.44868973794759	-0.033606721344268564
18.492098419683934	-0.03780756151230236
18.535507101420283	-0.04060812162432459
18.57891578315663	-0.04340868173634682
18.622324464892976	-0.047609521904380614
18.665733146629325	-0.050410082016402846
18.709141828365674	-0.051810362072414406
18.75255051010202	-0.05461092218443664
18.795959191838367	-0.05741148229645887
18.839367873574712	-0.05881176235247043
18.88277655531106	-0.061612322464492664
18.92618523704741	-0.06301260252050422
18.969593918783755	-0.0644128825765149
19.013002600520103	-0.06581316263252646
19.05641128225645	-0.06721344268853713
19.099819963992797	-0.06721344268853713
19.143228645729145	-0.06721344268853713
19.18663732746549	-0.06861372274454869
19.23004600920184	-0.06861372274454869
19.273454690938188	-0.06721344268853713
19.316863372674533	-0.06721344268853713
19.36027205441088	-0.06721344268853713
19.40368073614723	-0.06581316263252646
19.447089417883575	-0.0644128825765149
19.490498099619924	-0.06301260252050422
19.53390678135627	-0.061612322464492664
19.577315463092617	-0.0602120424084811
19.620724144828966	-0.05881176235247043
19.66413282656531	-0.0560112022404482
19.70754150830166	-0.05321064212842508
19.750950190038008	-0.051810362072414406
19.794358871774353	-0.049009801960392174
19.8377675535107	-0.046209241848369054
19.881176235247047	-0.04340868173634682
19.924584916983395	-0.04060812162432459
19.967993598719744	-0.03780756151230236
20.01140228045609	-0.035007001400280124
20.054810962192438	-0.032206441288257004
20.098219643928786	-0.0280056011202241
20.14162832566513	-0.02520504100820098
20.18503700740148	-0.022404480896178747
20.228445689137825	-0.019603920784156514
20.271854370874173	-0.016803360672134282
20.315263052610522	-0.01400280056011205
20.358671734346867	-0.011202240448089817
20.402080416083216	-0.008401680336066697
20.445489097819564	-0.005601120224044465
20.48889777955591	-0.0028005601120222323
20.532306461292258	0.0
20.575715143028603	0.0028005601120222323
20.61912382476495	0.0042008401680337926
20.6625325065013	0.007001400280056025
20.705941188237645	0.008401680336067585
20.749349869973994	0.009801960392078257
20.792758551710342	0.011202240448089817
20.836167233446687	0.012602520504101378
20.879575915183036	0.01400280056011205
20.92298459691938	0.01540308061612361
20.96639327865573	0.01540308061612361
21.00980196039208	0.016803360672134282
21.053210642128423	0.016803360672134282
21.096619323864772	0.016803360672134282
21.14002800560112	0.016803360672134282
21.183436687337466	0.016803360672134282
21.226845369073814	0.01540308061612361
21.27025405081016	0.01540308061612361
21.313662732546508	0.01400280056011205
21.357071414282856	0.012602520504101378
21.4004800960192	0.011202240448089817
21.44388877775555	0.009801960392078257
21.4872974594919	0.008401680336067585
21.530706141228244	0.007001400280056025
21.574114822964592	0.0042008401680337926
21.617523504700937	0.0028005601120222323
21.660932186437286	0.0
21.704340868173635	-0.001400280056010672
21.74774954990998	-0.0042008401680337926
21.791158231646328	-0.007001400280056025
21.834566913382677	-0.009801960392078257
21.877975595119022	-0.01260252050410049
21.92138427685537	-0.01400280056011205
21.964792958591715	-0.016803360672134282
22.008201640328064	-0.019603920784156514
22.051610322064413	-0.022404480896178747
22.095019003800758	-0.02520504100820098
22.138427685537106	-0.0280056011202241
22.181836367273455	-0.030806161232246332
22.2252450490098	-0.032206441288257004
22.26865373074615	-0.035007001400280124
22.312062412482497	-0.036407281456290796
22.355471094218842	-0.03920784156831303
22.39887977595519	-0.04060812162432459
22.442288457691536	-0.04340868173634682
22.485697139427884	-0.04480896179235838
22.529105821164233	-0.046209241848369054
22.572514502900578	-0.047609521904380614
22.615923184636927	-0.049009801960392174
22.659331866373275	-0.050410082016402846
22.70274054810962	-0.050410082016402846
22.74614922984597	-0.051810362072414406
22.789557911582314	-0.051810362072414406
22.832966593318663	-0.05321064212842508
22.87637527505501	-0.05321064212842508
22.919783956791356	-0.05321064212842508
22.963192638527705	-0.05321064212842508
23.006601320264053	-0.05321064212842508
23.0500100020004	-0.051810362072414406
23.093418683736747	-0.051810362072414406
23.136827365473092	-0.050410082016402846
23.18023604720944	-0.050410082016402846
23.22364472894579	-0.049009801960392174
23.267053410682134	-0.047609521904380614
23.310462092418483	-0.046209241848369054
23.35387077415483	-0.04480896179235838
23.397279455891177	-0.04340868173634682
23.440688137627525	-0.04200840168033615
23.48409681936387	-0.04060812162432459
23.52750550110022	-0.03920784156831303
23.570914182836567	-0.03780756151230236
23.614322864572912	-0.035007001400280124
23.65773154630926	-0.033606721344268564
23.70114022804561	-0.030806161232246332
23.744548909781955	-0.02940588117623477
23.787957591518303	-0.0280056011202241
23.83136627325465	-0.02520504100820098
23.874774954990997	-0.023804760952190307
23.918183636727345	-0.021004200840168075
23.96159231846369	-0.019603920784156514
24.00500100020004	-0.018203640728144954
24.048409681936388	-0.015403080616122722
24.091818363672733	-0.01400280056011205
24.13522704540908	-0.01260252050410049
24.178635727145426	-0.011202240448089817
24.222044408881775	-0.009801960392078257
24.265453090618124	-0.008401680336066697
24.30886177235447	-0.007001400280056025
24.352270454090817	-0.005601120224044465
24.395679135827166	-0.0042008401680337926
24.43908781756351	-0.0028005601120222323
24.48249649929986	-0.0028005601120222323
24.525905181036205	-0.001400280056010672
24.569313862772553	0.0
24.6127225445089	0.0
24.656131226245247	0.0
24.699539907981595	0.0
24.742948589717944	0.0
24.78635727145429	0.0014002800560115602
24.829765953190638	0.0
24.873174634926983	0.0
24.91658331666333	0.0
24.95999199839968	0.0
