0.0	0.008401680336067141
0.04480896179235847	-0.11482296459291863
0.08961792358471694	-0.03640728145629124
0.13442688537707542	-0.015403080616123166
0.1792358471694339	-0.0042008401680335705
0.22404480896179238	0.0042008401680335705
0.26885377075415084	0.012602520504100712
0.31366273254650934	0.02240448089617919
0.3584716943388678	0.030806161232246332
0.40328065613122627	0.039207841568313695
0.44808961792358476	0.049009801960392174
0.4928985797159432	0.05881176235247043
0.5377075415083017	0.06861372274454891
0.5825165033006602	0.07841568313662739
0.6273254650930187	0.08681736347269453
0.6721344268853771	0.09661932386477301
0.7169433886777355	0.10502100420084015
0.761752350470094	0.11342268453690729
0.8065613122624525	0.12182436487297466
0.851370274054811	0.12882576515303068
0.8961792358471695	0.1358271654330867
0.9409881976395279	0.1414282856571314
0.9857971594318864	0.14562912582516496
1.030606121224245	0.14982996599319853
1.0754150830166034	0.152630526105221
1.1202240448089618	0.152630526105221
1.1650330066013204	0.152630526105221
1.2098419683936787	0.15123024604920987
1.2546509301860373	0.1470294058811763
1.2994598919783957	0.1428285657131425
1.3442688537707541	0.1358271654330867
1.3890778155631127	0.12602520504100823
1.433886777355471	0.11482296459291863
1.4786957391478297	0.10082016403280658
1.523504700940188	0.08541708341668341
1.5683136627325465	0.06441288257651534
1.613122624524905	0.043408681736347265
1.6579315863172635	0.019603920784156736
1.702740548109622	-0.0028005601120224544
1.7475495099019804	-0.02660532106421276
1.792358471694339	-0.05461092218443686
1.8371674334866974	-0.08541708341668341
1.8819763952790558	-0.11762352470494108
1.9267853570714144	-0.14842968593718742
1.9715943188637728	-0.17923584716943375
2.016403280656131	-0.20864172834566908
2.06121224244849	-0.23524704940988184
2.1060212042408484	-0.2604520904180835
2.1508301660332068	-0.2828565713142628
2.195639127825565	-0.30246049209841963
2.2404480896179235	-0.31646329265853157
2.2852570514102823	-0.3276655331066213
2.3300660132026407	-0.3346669333866772
2.374874974994999	-0.3346669333866772
2.4196839367873575	-0.3290658131626324
2.464492898579716	-0.3178635727145428
2.5093018603720747	-0.2996599319863972
2.554110822164433	-0.277255451090218
2.5989197839567915	-0.2548509701940387
2.64372874574915	-0.23384676935387072
2.6885377075415082	-0.20024004800960182
2.733346669333867	-0.1414282856571314
2.7781556311262254	-0.063012602520504
2.822964592918584	0.015403080616123166
2.867773554710942	0.08681736347269453
2.9125825165033006	0.1470294058811763
2.9573914782956594	0.1974394878975796
3.002200440088018	0.2380476095219044
3.047009401880376	0.2730546109221845
3.0918183636727345	0.30246049209841974
3.136627325465093	0.32626525305061005
3.1814362872574518	0.345869173834767
3.22624524904981	0.3612722544508902
3.2710542108421685	0.37247449489897977
3.315863172634527	0.3794758951790358
3.3606721344268857	0.38367673534706936
3.405481096219244	0.38367673534706936
3.4502900580116025	0.3808761752350469
3.495099019803961	0.3752750550110022
3.5399079815963193	0.36547309461892374
3.584716943388678	0.35287057411482303
3.6295259051810365	0.33746749349869964
3.674334866973395	0.32066413282656536
3.7191438287657532	0.2996599319863973
3.7639527905581116	0.2772554510902181
3.8087617523504704	0.25205041008201645
3.853570714142829	0.22544508901780347
3.898379675935187	0.1974394878975796
3.9431886377275456	0.16803360672134415
3.987997599519904	0.13862772554510894
4.032806561312262	0.1078215643128626
4.077615523104621	0.07841568313662739
4.12242448489698	0.05041008201640329
4.167233446689338	0.02240448089617919
4.212042408481697	-0.0014002800560111162
4.256851370274055	-0.025205041008201645
4.3016603320664135	-0.04620924184836972
4.346469293858772	-0.06441288257651534
4.39127825565113	-0.0798159631926385
4.436087217443489	-0.09381876375275056
4.480896179235847	-0.10642128425685149
4.525705141028205	-0.11622324464892975
4.570514102820565	-0.12322464492898577
4.615323064612923	-0.12742548509701934
4.6601320264052815	-0.1302260452090418
4.70494098819764	-0.1302260452090418
4.749749949989998	-0.12882576515303068
4.794558911782357	-0.12602520504100823
4.839367873574715	-0.12042408481696332
4.884176835367073	-0.11482296459291863
4.928985797159432	-0.10642128425685149
4.97379475895179	-0.09801960392078413
5.018603720744149	-0.08821764352870565
5.063412682536508	-0.07841568313662739
5.108221644328866	-0.06861372274454891
5.1530306061212245	-0.05881176235247043
5.197839567913583	-0.049009801960392174
5.242648529705941	-0.039207841568313695
5.2874574914983	-0.030806161232246554
5.332266453290658	-0.02240448089617919
5.3770754150830165	-0.015403080616123166
5.421884376875376	-0.008401680336067141
5.466693338667734	-0.0028005601120224544
5.5115023004600925	0.0014002800560111162
5.556311262252451	0.005601120224044909
5.601120224044809	0.008401680336067141
5.645929185837168	0.00980196039207848
5.690738147629526	0.011202240448089595
5.735547109421884	0.011202240448089595
5.780356071214243	0.011202240448089595
5.825165033006601	0.011202240448089595
5.86997399479896	0.00980196039207848
5.914782956591319	0.007001400280056025
5.959591918383677	0.005601120224044909
6.004400880176036	0.0028005601120224544
6.049209841968394	0.0014002800560111162
6.094018803760752	-0.0014002800560111162
6.138827765553111	-0.0042008401680335705
6.183636727345469	-0.007001400280056025
6.2284456891378275	-0.008401680336067141
6.273254650930186	-0.011202240448089595
6.318063612722545	-0.012602520504100934
6.3628725745149035	-0.01400280056011205
6.407681536307262	-0.015403080616123166
6.45249049809962	-0.016803360672134504
6.497299459891979	-0.016803360672134504
6.542108421684337	-0.016803360672134504
6.586917383476695	-0.016803360672134504
6.631726345269054	-0.016803360672134504
6.676535307061412	-0.015403080616123166
6.7213442688537715	-0.01400280056011205
6.76615323064613	-0.012602520504100934
6.810962192438488	-0.011202240448089595
6.855771154230847	-0.008401680336067141
6.900580116023205	-0.005601120224044909
6.945389077815563	-0.0028005601120224544
6.990198039607922	0.0014002800560111162
7.03500700140028	0.0042008401680335705
7.0798159631926385	0.008401680336067141
7.124624924984997	0.012602520504100712
7.169433886777356	0.016803360672134504
7.2142428485697145	0.021004200840168075
7.259051810362073	0.025205041008201645
7.303860772154431	0.030806161232246332
7.34866973394679	0.035007001400280124
7.393478695739148	0.039207841568313695
7.4382876575315064	0.04200840168033615
7.483096619323865	0.04620924184836972
7.527905581116223	0.05041008201640329
7.572714542908582	0.053210642128425745
7.617523504700941	0.05601120224044798
7.662332466493299	0.057411482296459315
7.707141428285658	0.06021204240848177
7.751950390078016	0.061612322464492886
7.796759351870374	0.063012602520504
7.841568313662733	0.063012602520504
7.886377275455091	0.063012602520504
7.9311862372474495	0.061612322464492886
7.975995199039808	0.06021204240848177
8.020804160832167	0.05881176235247043
8.065613122624525	0.05601120224044798
8.110422084416884	0.053210642128425745
8.155231046209241	0.05041008201640329
8.2000400080016	0.04620924184836972
8.24484896979396	0.04200840168033615
8.289657931586317	0.03640728145629124
8.334466893378677	0.030806161232246332
8.379275855171034	0.025205041008201645
8.424084816963394	0.019603920784156736
8.468893778755751	0.012602520504100712
8.51370274054811	0.005601120224044909
8.558511702340468	-0.0014002800560111162
8.603320664132827	-0.008401680336067141
8.648129625925185	-0.015403080616123166
8.692938587717544	-0.02240448089617919
8.737747549509903	-0.029405881176235216
8.78255651130226	-0.03640728145629124
8.82736547309462	-0.04200840168033615
8.872174434886977	-0.047609521904380836
8.916983396679337	-0.053210642128425745
8.961792358471694	-0.05881176235247043
9.006601320264053	-0.063012602520504
9.05141028205641	-0.06581316263252646
9.09621924384877	-0.06861372274454891
9.14102820564113	-0.07001400280056003
9.185837167433487	-0.07001400280056003
9.230646129225846	-0.07001400280056003
9.275455091018204	-0.06861372274454891
9.320264052810563	-0.0672134426885378
9.36507301460292	-0.063012602520504
9.40988197639528	-0.05881176235247043
9.454690938187637	-0.053210642128425745
9.499499899979996	-0.047609521904380836
9.544308861772356	-0.04060812162432481
9.589117823564713	-0.033606721344268786
9.633926785357072	-0.02660532106421276
9.67873574714943	-0.01820364072814562
9.72354470894179	-0.00980196039207848
9.768353670734147	-0.0014002800560111162
9.813162632526506	0.005601120224044909
9.857971594318863	0.01400280056011205
9.902780556111223	0.021004200840168075
9.94758951790358	0.0280056011202241
9.99239847969594	0.033606721344268786
10.037207441488299	0.03780756151230236
10.082016403280656	0.04200840168033615
10.126825365073016	0.04620924184836972
10.171634326865373	0.049009801960392174
10.216443288657732	0.05041008201640329
10.26125225045009	0.051810362072414406
10.306061212242449	0.051810362072414406
10.350870174034807	0.05041008201640329
10.395679135827166	0.05041008201640329
10.440488097619525	0.047609521904380836
10.485297059411883	0.04620924184836972
10.530106021204242	0.043408681736347265
10.5749149829966	0.04060812162432481
10.619723944788959	0.03780756151230236
10.664532906581316	0.033606721344268786
10.709341868373675	0.030806161232246332
10.754150830166033	0.02660532106421276
10.798959791958392	0.02240448089617919
10.843768753750751	0.019603920784156736
10.888577715543109	0.015403080616123166
10.933386677335468	0.012602520504100712
10.978195639127826	0.00980196039207848
11.023004600920185	0.007001400280056025
11.067813562712542	0.0042008401680335705
11.112622524504902	0.0014002800560111162
11.15743148629726	-0.0014002800560111162
11.202240448089618	-0.0028005601120224544
11.247049409881976	-0.0042008401680335705
11.291858371674335	-0.005601120224044909
11.336667333466695	-0.007001400280056025
11.381476295259052	-0.007001400280056025
11.426285257051411	-0.007001400280056025
11.471094218843769	-0.007001400280056025
11.515903180636128	-0.007001400280056025
11.560712142428486	-0.007001400280056025
11.605521104220845	-0.007001400280056025
11.650330066013202	-0.007001400280056025
11.695139027805562	-0.005601120224044909
11.73994798959792	-0.0042008401680335705
11.784756951390278	-0.0042008401680335705
11.829565913182638	-0.0028005601120224544
11.874374874974995	-0.0028005601120224544
11.919183836767354	-0.0014002800560111162
11.963992798559712	0.0
12.008801760352071	0.0
12.053610722144429	0.0014002800560111162
12.098419683936788	0.0014002800560111162
12.143228645729147	0.0014002800560111162
12.188037607521505	0.0028005601120224544
12.232846569313864	0.0028005601120224544
12.277655531106221	0.0028005601120224544
12.32246449289858	0.0028005601120224544
12.367273454690938	0.0028005601120224544
12.412082416483297	0.0028005601120224544
12.456891378275655	0.0028005601120224544
12.501700340068014	0.0028005601120224544
12.546509301860372	0.0014002800560111162
12.591318263652731	0.0014002800560111162
12.63612722544509	0.0014002800560111162
12.680936187237448	0.0
12.725745149029807	0.0
12.770554110822165	-0.0014002800560111162
12.815363072614524	-0.0014002800560111162
12.860172034406881	-0.0028005601120224544
12.90498099619924	-0.0028005601120224544
12.949789957991598	-0.0042008401680335705
12.994598919783957	-0.0042008401680335705
13.039407881576317	-0.005601120224044909
13.084216843368674	-0.005601120224044909
13.129025805161033	-0.005601120224044909
13.17383476695339	-0.007001400280056025
13.21864372874575	-0.007001400280056025
13.263452690538108	-0.007001400280056025
13.308261652330467	-0.007001400280056025
13.353070614122824	-0.007001400280056025
13.397879575915184	-0.007001400280056025
13.442688537707543	-0.007001400280056025
13.4874974994999	-0.007001400280056025
13.53230646129226	-0.007001400280056025
13.577115423084617	-0.005601120224044909
13.621924384876976	-0.005601120224044909
13.666733346669334	-0.0042008401680335705
13.711542308461693	-0.0042008401680335705
13.75635127025405	-0.0028005601120224544
13.80116023204641	-0.0014002800560111162
13.845969193838767	-0.0014002800560111162
13.890778155631127	0.0
13.935587117423486	0.0014002800560111162
13.980396079215843	0.0028005601120224544
14.025205041008203	0.0042008401680335705
14.07001400280056	0.005601120224044909
14.11482296459292	0.005601120224044909
14.159631926385277	0.007001400280056025
14.204440888177636	0.008401680336067141
14.249249849969994	0.00980196039207848
14.294058811762353	0.011202240448089595
14.338867773554712	0.012602520504100712
14.38367673534707	0.012602520504100712
14.428485697139429	0.01400280056011205
14.473294658931787	0.01400280056011205
14.518103620724146	0.015403080616123166
14.562912582516503	0.015403080616123166
14.607721544308863	0.016803360672134504
14.65253050610122	0.016803360672134504
14.69733946789358	0.016803360672134504
14.742148429685939	0.016803360672134504
14.786957391478296	0.016803360672134504
14.831766353270655	0.016803360672134504
14.876575315063013	0.016803360672134504
14.921384276855372	0.015403080616123166
14.96619323864773	0.015403080616123166
15.011002200440089	0.01400280056011205
15.055811162232446	0.01400280056011205
15.100620124024806	0.012602520504100712
15.145429085817163	0.011202240448089595
15.190238047609522	0.00980196039207848
15.235047009401882	0.008401680336067141
15.27985597119424	0.007001400280056025
15.324664932986598	0.005601120224044909
15.369473894778956	0.0042008401680335705
15.414282856571315	0.0028005601120224544
15.459091818363673	0.0014002800560111162
15.503900780156032	0.0
15.54870974194839	-0.0014002800560111162
15.593518703740749	-0.0028005601120224544
15.638327665533108	-0.0042008401680335705
15.683136627325466	-0.0042008401680335705
15.727945589117825	-0.005601120224044909
15.772754550910182	-0.007001400280056025
15.817563512702542	-0.007001400280056025
15.862372474494899	-0.008401680336067141
15.907181436287258	-0.008401680336067141
15.951990398079616	-0.00980196039207848
15.996799359871975	-0.00980196039207848
16.041608321664334	-0.00980196039207848
16.086417283456694	-0.00980196039207848
16.13122624524905	-0.00980196039207848
16.17603520704141	-0.008401680336067141
16.220844168833768	-0.008401680336067141
16.265653130626127	-0.007001400280056025
16.310462092418483	-0.007001400280056025
16.355271054210842	-0.005601120224044909
16.4000800160032	-0.005601120224044909
16.44488897779556	-0.0042008401680335705
16.48969793958792	-0.0028005601120224544
16.534506901380276	-0.0014002800560111162
16.579315863172635	-0.0014002800560111162
16.624124824964994	0.0
16.668933786757353	0.0014002800560111162
16.71374274854971	0.0028005601120224544
16.75855171034207	0.0028005601120224544
16.803360672134428	0.0042008401680335705
16.848169633926787	0.005601120224044909
16.892978595719146	0.005601120224044909
16.937787557511502	0.007001400280056025
16.98259651930386	0.007001400280056025
17.02740548109622	0.007001400280056025
17.07221444288858	0.007001400280056025
17.117023404680936	0.007001400280056025
17.161832366473295	0.008401680336067141
17.206641328265654	0.008401680336067141
17.251450290058013	0.007001400280056025
17.29625925185037	0.007001400280056025
17.34106821364273	0.007001400280056025
17.385877175435088	0.007001400280056025
17.430686137227447	0.007001400280056025
17.475495099019806	0.007001400280056025
17.520304060812162	0.005601120224044909
17.56511302260452	0.005601120224044909
17.60992198439688	0.005601120224044909
17.65473094618924	0.005601120224044909
17.699539907981595	0.0042008401680335705
17.744348869773955	0.0042008401680335705
17.789157831566314	0.0042008401680335705
17.833966793358673	0.0042008401680335705
17.878775755151032	0.0028005601120224544
17.923584716943388	0.0028005601120224544
17.968393678735747	0.0028005601120224544
18.013202640528107	0.0028005601120224544
18.058011602320466	0.0028005601120224544
18.10282056411282	0.0028005601120224544
18.14762952590518	0.0028005601120224544
18.19243848769754	0.0028005601120224544
18.2372474494899	0.0028005601120224544
18.28205641128226	0.0028005601120224544
18.326865373074614	0.0028005601120224544
18.371674334866974	0.0028005601120224544
18.416483296659333	0.0028005601120224544
18.461292258451692	0.0028005601120224544
18.506101220244048	0.0028005601120224544
18.550910182036407	0.0028005601120224544
18.595719143828767	0.0028005601120224544
18.640528105621126	0.0042008401680335705
18.685337067413485	0.0042008401680335705
18.73014602920584	0.0042008401680335705
18.7749549909982	0.0042008401680335705
18.81976395279056	0.0042008401680335705
18.86457291458292	0.0042008401680335705
18.909381876375274	0.0042008401680335705
18.954190838167634	0.0042008401680335705
18.998999799959993	0.0042008401680335705
19.043808761752352	0.0042008401680335705
19.08861772354471	0.0042008401680335705
19.133426685337067	0.0042008401680335705
19.178235647129426	0.0042008401680335705
19.223044608921786	0.0042008401680335705
19.267853570714145	0.0028005601120224544
19.3126625325065	0.0028005601120224544
19.35747149429886	0.0028005601120224544
19.40228045609122	0.0028005601120224544
19.44708941788358	0.0028005601120224544
19.491898379675938	0.0028005601120224544
19.536707341468293	0.0028005601120224544
19.581516303260653	0.0028005601120224544
19.626325265053012	0.0014002800560111162
19.67113422684537	0.0014002800560111162
19.715943188637727	0.0014002800560111162
19.760752150430086	0.0014002800560111162
19.805561112222446	0.0014002800560111162
19.850370074014805	0.0014002800560111162
19.89517903580716	0.0
19.93998799759952	0.0
19.98479695939188	0.0
