0.0	0.029382932592296566
0.021004200840168033	0.02944838340082584
0.042008401680336066	0.029552050904178572
0.0630126025205041	0.02969444349158532
0.08401680336067213	0.02987627890542784
0.10502100420084017	0.030098508720964312
0.1260252050410082	0.03036235396229008
0.14702940588117624	0.030669360099102285
0.16803360672134426	0.031021489825450246
0.1890378075615123	0.03142131001909374
0.21004200840168033	0.03187249999337056
0.23104620924184838	0.032381208438294194
0.2520504100820164	0.032957675553419136
0.2730546109221844	0.03361359275458329
0.2940588117623525	0.034351452144624504
0.3150630126025205	0.035154480155969024
0.33606721344268853	0.03599178561886282
0.35707141428285655	0.03683698821070916
0.3780756151230246	0.037682722233870196
0.39907981596319264	0.03854083527115475
0.42008401680336066	0.03943346219584855
0.4410882176435287	0.040384027223568604
0.46209241848369675	0.04141234249621586
0.4830966193238648	0.04253346926310306
0.5041008201640328	0.043758599318955316
0.5251050210042009	0.0450965498157657
0.5461092218443688	0.04655514387228353
0.5671134226845369	0.04814223703659918
0.588117623524705	0.04986639519973537
0.6091218243648729	0.05173731608581073
0.630126025205041	0.05376609413871096
0.651130226045209	0.05596540731445693
0.6721344268853771	0.05834967864021105
0.6931386277255451	0.06093524485578728
0.7141428285657131	0.06374055086573914
0.7351470294058812	0.06678638096683955
0.7561512302460492	0.07009613406915877
0.7771554310862172	0.07369614884295198
0.7981596319263853	0.07761608482157133
0.8191638327665532	0.08188936632004072
0.8401680336067213	0.08655369723107495
0.8611722344468894	0.09165165614680859
0.8821764352870574	0.09723138270844617
0.9031806361272254	0.10334736748382684
0.9241848369673935	0.11006135882366046
0.9451890378075615	0.11744340076175777
0.9661932386477295	0.12557301573570773
0.9871974394878975	0.13454054434160942
1.0082016403280656	0.14444865119174585
1.0292058411682337	0.15541400088370438
1.0502100420084017	0.16756910037925088
1.0712142428485696	0.18106429203015564
1.0922184436887377	0.19606986209909907
1.1132226445289057	0.2127781991582831
1.1342268453690738	0.23140589205144063
1.1552310462092419	0.2521955970439056
1.17623524704941	0.2754174297642315
1.1972394478895778	0.3013695532152665
1.2182436487297459	0.3303775448782095
1.239247849569914	0.3627920455834915
1.260252050410082	0.39898414210585115
1.2812562512502501	0.4393379488637765
1.302260452090418	0.4842399760265272
1.323264652930586	0.5340651449263871
1.3442688537707541	0.5891597604628633
1.3652730546109222	0.6498223538572859
1.3862772554510903	0.7162839780545659
1.4072814562912581	0.7886901031547875
1.4282856571314262	0.8670865039027936
1.4492898579715943	0.9514112745510169
1.4702940588117623	1.041494301273841
1.4912982596519304	1.137064305968745
1.5123024604920985	1.2377622308758327
1.5333066613322663	1.3431585732257805
1.5543108621724344	1.4527715235819887
1.5753150630126025	1.5660824982014245
1.5963192638527706	1.6825458391677168
1.6173234646929386	1.8015898900959642
1.6383276655331065	1.9226070855246435
1.6593318663732746	2.0449310565579437
1.6803360672134426	2.1677993393953456
1.7013402680536107	2.2903016433480574
1.7223444688937788	2.411316524443313
1.7433486697339466	2.5294444702233645
1.7643528705741147	2.6429530582950953
1.7853570714142828	2.7497585188180573
1.8063612722544509	2.8474731791211485
1.827365473094619	2.933542629527724
1.848369673934787	3.0054742191322714
1.8693738747749549	3.061122848605722
1.890378075615123	3.0989672523729235
1.911382276455291	3.1183016083965756
1.932386477295459	3.119292821925722
1.9533906781356272	3.1029003150682835
1.974394878975795	3.070696894981098
1.995399079815963	3.024647597369594
2.016403280656131	2.966897218998874
2.0374074814962992	2.8995978444722654
2.0584116823364673	2.8247874788759884
2.0794158831766354	2.744316817569388
2.1004200840168035	2.65981434375295
2.1214242848569715	2.572678436216211
2.142428485697139	2.484086526978498
2.1634326865373072	2.3950137218243785
2.1844368873774753	2.3062556538172054
2.2054410882176434	2.2184522559223576
2.2264452890578115	2.1321105308185007
2.2474494898979795	2.0476253307736716
2.2684536907381476	1.965297748182914
2.2894578915783157	1.8853510629186636
2.3104620924184838	1.8079443794854335
2.331466293258652	1.7331841753377872
2.35247049409882	1.6611340122869476
2.3734746949389876	1.5918226616771358
2.3944788957791556	1.5252508767487387
2.4154830966193237	1.461397021451839
2.4364872974594918	1.4002217389382463
2.45749149829966	1.3416718176168516
2.478495699139828	1.285683389203253
2.499499899979996	1.2321845720865694
2.520504100820164	1.1810976546597074
2.541508301660332	1.1323408969399291
2.5625125025005002	1.0858300147208368
2.583516703340668	1.0414793985202973
2.604520904180836	0.9992031096033505
2.625525105021004	0.9589156872410602
2.646529305861172	0.9205327949671274
2.66753350670134	0.8839717287270372
2.6885377075415082	0.8491518062511431
2.7095419083816763	0.8159946544626475
2.7305461092218444	0.7844244099791622
2.7515503100620124	0.7543678465165887
2.7725545109021805	0.7257544420219572
2.7935587117423486	0.6985163974614161
2.8145629125825162	0.6725886182420814
2.8355671134226843	0.6479086681817746
2.8565713142628524	0.6244167047404006
2.8775755151030205	0.6020554029129196
2.8985797159431885	0.5807698738050909
2.9195839167833566	0.5605075825305956
2.9405881176235247	0.5412182687440645
2.9615923184636928	0.522853871913168
2.982596519303861	0.5053684623756992
3.003600720144029	0.4887181783503642
3.024604920984197	0.47286116838408554
3.0456091218243646	0.45775753822249465
3.0666133226645327	0.44336930077296877
3.0876175235047008	0.42966032767377804
3.108621724344869	0.416596300968063
3.129625925185037	0.4041446634856289
3.150630126025205	0.39227456673703415
3.171634326865373	0.3809568154015691
3.192638527705541	0.37016380782186187
3.213642728545709	0.35986947228085364
3.2346469293858773	0.3500491992088281
3.2556511302260454	0.34067976982541276
3.276655331066213	0.3317392820406634
3.297659531906381	0.32320707469890597
3.318663732746549	0.31506365143105575
3.339667933586717	0.3072906054733856
3.3606721344268853	0.2998705468079973
3.3816763352670534	0.29278703288513597
3.4026805361072214	0.2860245040101046
3.4236847369473895	0.2795682242342896
3.4446889377875576	0.27340422830158156
3.4656931386277257	0.2675192748912951
3.4866973394678933	0.2619008060896365
3.5077015403080614	0.25653691273489154
3.5287057411482294	0.25141630503464163
3.5497099419883975	0.2465282876599843
3.5707141428285656	0.24186273839095118
3.5917183436687337	0.23741008932331562
3.6127225445089017	0.23316130964961967
3.63372674534907	0.22910788909205865
3.654730946189238	0.22524182118367625
3.675735147029406	0.22155558575570067
3.696739347869574	0.21804213017892504
3.7177435487097417	0.21469484911045889
3.7387477495499097	0.21150756269830442
3.759751950390078	0.20847449338044002
3.780756151230246	0.20559024157006145
3.801760352070414	0.20284976063531546
3.822764552910582	0.20024833165518613
3.84376875375075	0.19778153846230767
3.864772954590918	0.19544524347136868
3.8857771554310863	0.1932355647446467
3.9067813562712543	0.19114885467240827
3.9277855571114224	0.18918168055484866
3.94878975795159	0.18733080727328694
3.969793958791758	0.18559318213995563
3.990798159631926	0.1839659219248076
4.011802360472094	0.1824463019793509
4.032806561312262	0.18103174731467125
4.05381076215243	0.179719825444772
4.0748149629925985	0.17850824077693053
4.095819163832767	0.17739483031654624
4.116823364672935	0.1763775604528338
4.137827565513103	0.1754545246011624
4.158831766353271	0.17462394149523863
4.179835967193439	0.1738841539451568
4.200840168033607	0.17323362790333863
4.221844368873775	0.1726709517076507
4.242848569713943	0.17219483539797878
4.263852770554111	0.17180411002810098
4.284856971394278	0.1714977269180146
4.305861172234446	0.1712747568124233
4.3268653730746145	0.17113438892862096
4.347869573914783	0.1710759298914438
4.368873774754951	0.17109880256441004
4.389877975595119	0.17120254479481364
4.410882176435287	0.17138680809667653
4.431886377275455	0.17165135629940487
4.452890578115623	0.1719960641920847
4.473894778955791	0.172420916193938
4.494898979795959	0.17292600508085412
4.515903180636127	0.17351153079643733
4.536907381476295	0.17417779937391384
4.557911582316463	0.17492522199277039
4.578915783156631	0.17575431419133303
4.5999199839967995	0.17666569525379397
4.6209241848369675	0.17766008778756326
4.641928385677136	0.17873831750434935
4.662932586517304	0.17990131321608208
4.683936787357472	0.18115010705472065
4.70494098819764	0.1824858349231049
4.725945189037807	0.1839097371823013
4.746949389877975	0.18542315957929356
4.767953590718143	0.18702755441733834
4.788957791558311	0.18872448196975913
4.809961992398479	0.19051561213632068
4.830966193238647	0.19240272633954397
4.8519703940788155	0.19438771965629487
4.8729745949189835	0.19647260317766266
4.893978795759152	0.19865950658744616
4.91498299659932	0.20095068094645138
4.935987197439488	0.20334850166621443
4.956991398279656	0.20585547165166573
4.977995599119824	0.2084742245876257
4.998999799959992	0.21120752833884823
5.02000400080016	0.21405828842761995
5.041008201640328	0.21702955154668357
5.062012402480496	0.22012450905852282
5.083016603320664	0.22334650042484633
5.104020804160832	0.22669901650250915
5.1250250050010004	0.23018570263415195
5.1460292058411685	0.23381036145359518
5.167033406681336	0.23757695531756748
5.188037607521504	0.24148960826674687
5.209041808361672	0.24555260741042007
5.23004600920184	0.249770403620403
5.251050210042008	0.2541476114112621
5.272054410882176	0.25868900787542026
5.293058611722344	0.26339953053344833
5.314062812562512	0.2682842739518002
5.33506701340268	0.27334848497245223
5.356071214242848	0.27859755639140615
5.3770754150830165	0.28403701891577315
5.3980796159231845	0.28967253122219866
5.419083816763353	0.2955098679326862
5.440088017603521	0.30155490531739143
5.461092218443689	0.3078136045276883
5.482096419283857	0.3142919921567149
5.503100620124025	0.32099613791871706
5.524104820964193	0.3279321292328325
5.545109021804361	0.3351060424916143
5.566113222644529	0.3425239107897233
5.587117423484697	0.3501916878840763
5.608121624324865	0.35811520815367875
5.6291258251650325	0.3663001423258729
5.6501300260052005	0.3747519487364392
5.671134226845369	0.3834758198946523
5.692138427685537	0.3924766241319542
5.713142628525705	0.40175884212546203
5.734146829365873	0.4113264981062663
5.755151030206041	0.42118308558875767
5.776155231046209	0.4313314874924306
5.797159431886377	0.4417738905732249
5.818163632726545	0.45251169413888787
5.839167833566713	0.46354541309341607
5.860172034406881	0.4748745754405187
5.881176235247049	0.486497614476063
5.902180436087217	0.49841175601485854
5.9231846369273855	0.5106129011271953
5.944188837767554	0.523095505002738
5.965193038607722	0.5358524527081218
5.98619723944789	0.5488749327489754
6.007201440288058	0.5621523094678038
6.028205641128226	0.5756719953745479
6.049209841968394	0.5894193244693523
6.070214042808561	0.6033774274145887
6.091218243648729	0.6175271089771127
6.112222444488897	0.6318467274442227
6.133226645329065	0.646312074740082
6.154230846169233	0.6608962548993171
6.1752350470094015	0.6755695577820985
6.19623924784957	0.6902993251069298
6.217243448689738	0.705049807931889
6.238247649529906	0.7197820195553287
6.259251850370074	0.7344535959793947
6.280256051210242	0.7490186872175366
6.30126025205041	0.7634279150718235
6.322264452890578	0.7776284432827062
6.343268653730746	0.7915642098923089
6.364272854570914	0.8051763652449587
6.385277055411082	0.8184039402052578
6.40628125625125	0.8311847392576139
6.427285457091418	0.8434564174004007
6.4482896579315865	0.8551576662384451
6.469293858771755	0.8662294119356049
6.490298059611923	0.8766159218540337
6.511302260452091	0.8862657294424112
6.532306461292258	0.895132315001539
6.553310662132426	0.9031745166601637
6.574314862972594	0.9103566842529552
6.595319063812762	0.9166486270503162
6.61632326465293	0.9220254590289406
6.637327465493098	0.9264675654404632
6.658331666333266	0.9299612229033971
6.679335867173434	0.932501094712273
6.7003400680136025	0.9340970514621414
6.721344268853771	0.9347893628084021
6.742348469693939	0.9346773550912326
6.763352670534107	0.9339652443499746
6.784356871374275	0.9330223880258938
6.805361072214443	0.9324407405983016
6.826365273054611	0.9330477482874744
6.847369473894779	0.9358026334139483
6.868373674734947	0.9414967497681316
6.889377875575115	0.9502651222685132
6.910382076415283	0.961143682729519
6.931386277255451	0.972095178334989
6.952390478095619	0.9806885055045229
6.973394678935787	0.9850142981009203
6.994398879775955	0.9842006224612595
7.015403080616123	0.9783388201962325
7.036407281456291	0.9680987348449428
7.057411482296459	0.9543546794241483
7.078415683136627	0.9379545345200097
7.099419883976795	0.9196206348755342
7.120424084816963	0.8999292583931837
7.141428285657131	0.8793251754069268
7.162432486497299	0.8581467115096784
7.183436687337467	0.8366504046362785
7.204440888177635	0.8150315862052877
7.2254450890178035	0.7934403940310848
7.2464492898579715	0.7719938286561543
7.26745349069814	0.7507846357626698
7.288457691538308	0.7298875579875165
7.309461892378476	0.7093630054968817
7.330466093218644	0.6892573401434992
7.351470294058812	0.6695973584081565
7.37247449489898	0.6503736448498981
7.393478695739148	0.6315043288808384
7.414482896579315	0.6127765007224183
7.435487097419483	0.5937979021939049
7.456491298259651	0.5740495578049839
7.4774954990998195	0.553105832139215
7.4984996999399876	0.5309056645068259
7.519503900780156	0.5078376175360814
7.540508101620324	0.48457139354868967
7.561512302460492	0.4618001721134252
7.58251650330066	0.4400648323859439
7.603520704140828	0.4197004949448863
7.624524904980996	0.40086130558702576
7.645529105821164	0.3835720797784199
7.666533306661332	0.36777760522443637
7.6875375075015	0.3533796537050612
7.708541708341668	0.34026142282709626
7.729545909181836	0.3283022970420216
7.7505501100220044	0.3173860542161279
7.7715543108621725	0.3074049609633973
7.792558511702341	0.2982614293233712
7.813562712542509	0.28986830029516486
7.834566913382677	0.28214840216046333
7.855571114222845	0.2750337637198879
7.876575315063012	0.26846469792615907
7.89757951590318	0.26238887309684916
7.918583716743348	0.25676043157838446
7.939587917583516	0.25153918310401
7.960592118423684	0.24668988204546138
7.981596319263852	0.24218158819527788
8.002600520104021	0.23798710599857523
8.023604720944189	0.23408249514089027
8.044608921784357	0.23044664484845312
8.065613122624525	0.2270609044554632
8.086617323464694	0.2239087633385032
8.10762152430486	0.22097557399235462
8.128625725145028	0.21824831271065687
8.149629925985197	0.21571537298511242
8.170634126825364	0.2133663873268723
8.191638327665533	0.21119207373888824
8.2126425285057	0.20918410353184475
8.23364672934587	0.20733498758529265
8.254650930186036	0.20563797851681787
8.275655131026205	0.20408698654184013
8.296659331866373	0.20267650709029583
8.317663532706542	0.2014015584983206
8.338667733546709	0.20025762831656094
8.359671934386878	0.19924062697472836
8.380676135227045	0.19834684771682462
8.401680336067214	0.19757293187520422
8.422684536907381	0.19691583868619833
8.44368873774755	0.1963728189671811
8.464692938587717	0.19594139207643224
8.485697139427886	0.1956193256645451
8.506701340268053	0.19540461780102195
8.527705541108222	0.1952954811235263
8.54870974194839	0.19529032871141408
8.569713942788557	0.19538776143088787
8.590718143628726	0.1955865565375644
8.611722344468893	0.19588565735444455
8.632726545309062	0.1962841638701538
8.653730746149229	0.19678132412467544
8.674734946989398	0.19737652626834443
8.695739147829565	0.19806929119521732
8.716743348669734	0.19885926566459458
8.737747549509901	0.19974621583490426
8.75875175035007	0.20073002114273358
8.779755951190237	0.20181066846682935
8.800760152030406	0.20298824652265265
8.821764352870574	0.2042629404377917
8.842768553710743	0.2056350264623872
8.86377275455091	0.2071048667718716
8.884776955391079	0.20867290432188954
8.905781156231246	0.2103396577173679
8.926785357071415	0.21210571605942385
8.947789557911582	0.2139717337352246
8.968793758751751	0.2159384251171029
8.989797959591918	0.21800655913825165
9.010802160432085	0.22017695371322168
9.031806361272254	0.22245046997226886
9.052810562112422	0.22482800627939442
9.07381476295259	0.22731049200472606
9.094818963792758	0.22989888102274172
9.115823164632927	0.2325941449087829
9.136827365473094	0.23539726580736653
9.157831566313263	0.23830922894703335
9.17883576715343	0.24133101477789648
9.199839967993599	0.24446359070971044
9.220844168833766	0.2477079024302168
9.241848369673935	0.2510648647857584
9.262852570514102	0.25453535220875223
9.283856771354271	0.25812018867957054
9.304860972194438	0.2618201372137923
9.325865173034607	0.26563588886962575
9.346869373874775	0.2695680512746492
9.367873574714944	0.27361713667588655
9.38887777555511	0.2777835495226326
9.40988197639528	0.28206757359741474
9.430886177235447	0.28646935871702
9.451890378075614	0.29098890703262575
9.472894578915783	0.2956260589657338
9.49389877975595	0.30038047882480046
9.51490298059612	0.3052516401561261
9.535907181436286	0.31023881089166
9.556911382276455	0.3153410383658049
9.577915583116622	0.3205571342829948
9.598919783956791	0.32588565972763817
9.619923984796959	0.33132491031787115
9.640928185637128	0.33687290161431477
9.661932386477295	0.3425273549045387
9.682936587317464	0.34828568349309014
9.703940788157631	0.35414497963560165
9.7249449889978	0.3601020022635191
9.745949189837967	0.3661531656532877
9.766953390678136	0.3722945292002431
9.787957591518303	0.37852178846289714
9.808961792358472	0.3848302676475985
9.82996599319864	0.3912149137065581
9.850970194038808	0.39767029222372013
9.871974394878976	0.4041905852626306
9.892978595719143	0.4107695913478554
9.913982796559312	0.4174007277460346
9.934986997399479	0.4240770352034083
9.955991198239648	0.430791185282437
9.976995399079815	0.4375354904193327
9.997999599919984	0.44430191679484476
10.019003800760151	0.4510821000698751
10.04000800160032	0.4578673639823391
10.061012202440487	0.464648741728527
10.082016403280656	0.47141699995725916
10.103020604120823	0.4781626650846289
10.124024804960992	0.4848760514881421
10.14502900580116	0.49154729096025773
10.166033206641329	0.4981663625944042
10.187037407481496	0.5047231220477946
10.208041608321665	0.5112073288878346
10.229045809161832	0.5176086705043699
10.250050010002001	0.523916780890789
10.271054210842168	0.5301212525067945
10.292058411682337	0.5362116394883851
10.313062612522504	0.5421774507265247
10.334066813362671	0.5480081318538729
10.35507101420284	0.5536930360041594
10.376075215043008	0.5592213843574243
10.397079415883177	0.5645822189260054
10.418083616723344	0.5697643516780205
10.439087817563513	0.574756315773417
10.46009201840368	0.5795463261715469
10.481096219243849	0.5841222578819635
10.502100420084016	0.5884716503895393
10.523104620924185	0.5925817460591549
10.544108821764352	0.5964395684941803
10.565113022604521	0.6000320439313405
10.586117223444688	0.6033461650380606
10.607121424284857	0.6063691923512846
10.628125625125024	0.60908888459528
10.649129825965193	0.611493745806206
10.67013402680536	0.6135732750612441
10.69113822764553	0.6153182039731584
10.712142428485697	0.6167207080455395
10.733146629325866	0.6177745803243163
10.754150830166033	0.6184753591617006
10.775155031006202	0.6188204058448253
10.796159231846369	0.6188089318250235
10.817163432686536	0.6184419788703237
10.838167633526705	0.6177223583312804
10.859171834366872	0.6166545576833689
10.880176035207041	0.6152446235510934
10.901180236047209	0.6135000306004333
10.922184436887378	0.6114295451444315
10.943188637727545	0.6090430912052865
10.964192838567714	0.6063516252754043
10.98519703940788	0.6033670242594458
11.00620124024805	0.6001019891760783
11.027205441088217	0.596569965252453
11.048209641928386	0.5927850771535849
11.069213842768553	0.5887620763588763
11.090218043608722	0.5845162962502051
11.11122224444889	0.5800636094425229
11.132226445289058	0.5754203813966299
11.153230646129225	0.57060341450271
11.174234846969394	0.5656298776518203
11.195239047809562	0.560517217777654
11.21624324864973	0.5552830518161496
11.237247449489898	0.5499450397756116
11.258251650330065	0.5445207418602483
11.279255851170234	0.5390274645610489
11.300260052010401	0.5334821020749287
11.32126425285057	0.5279009801726219
11.342268453690737	0.5222997096500764
11.363272654530906	0.5166930558171099
11.384276855371073	0.5110948292397636
11.405281056211242	0.5055178013545485
11.42628525705141	0.4999736468270685
11.447289457891578	0.49447291283197203
11.468293658731746	0.48902501394227466
11.489297859571915	0.4836382501367791
11.510302060412082	0.47831984461228677
11.53130626125225	0.4730759976225088
11.552310462092418	0.46791195242210815
11.573314662932587	0.46283206951413197
11.594318863772754	0.4578399057144935
11.615323064612923	0.45293829499069627
11.63632726545309	0.44812942854325577
11.65733146629326	0.4434149321276388
11.678335667133426	0.43879593912458803
11.699339867973594	0.4342731583317585
11.720344068813763	0.4298469358543176
11.74134826965393	0.42551731080959293
11.762352470494099	0.42128406483033304
11.783356671334266	0.41714676555640523
11.804360872174435	0.4131048044523033
11.825365073014602	0.4091574293856273
11.846369273854771	0.40530377245819965
11.867373474694938	0.4015428736049816
11.888377675535107	0.3978737004741037
11.909381876375274	0.3942951650809259
11.930386077215443	0.39080613769590283
11.95139027805561	0.3874054583849576
11.97239447889578	0.38409194657591916
11.993398679735947	0.3808644089783383
12.014402880576116	0.3777216461388651
12.035407081416283	0.37466245787193453
12.056411282256452	0.3716856477667209
12.077415483096619	0.36879002693679325
12.098419683936788	0.36597441714879986
12.119423884776955	0.36323765344078085
12.140428085617122	0.36057858631910844
12.161432286457291	0.35799608360518886
12.182436487297458	0.35548903198850146
12.203440688137627	0.3530563383308141
12.224444888977795	0.3506969307570404
12.245449089817964	0.3484097595607891
12.26645329065813	0.3461937979467855
12.2874574914983	0.3440480426277552
12.308461692338467	0.34197151428975864
12.329465893178636	0.3399632579371601
12.350470094018803	0.3380223431262693
12.371474294858972	0.3361478640950804
12.39247849569914	0.3343389397953546
12.413482696539308	0.33259471383252404
12.434486897379475	0.33091435431841865
12.455491098219644	0.32929705364164774
12.476495299059811	0.3277420281605145
12.49749949989998	0.3262485178235818
12.518503700740148	0.32481578572338227
12.539507901580317	0.32344311758924343
12.560512102420484	0.32212982122571054
12.581516303260651	0.32087522590358514
12.60252050410082	0.3196786817110669
12.623524704940987	0.3185395588728975
12.644528905781156	0.3174572470456871
12.665533106621323	0.31643115459773796
12.686537307461492	0.3154607078816484
12.70754150830166	0.3145453505077503
12.728545709141828	0.31368454262602785
12.749549909981996	0.312877760223547
12.770554110822165	0.3121244944436647
12.791558311662332	0.31142425093236065
12.8125625125025	0.3107765492160163
12.833566713342668	0.31018092211388293
12.854570914182837	0.30963691518738146
12.875575115023004	0.30914408622732936
12.896579315863173	0.3087020047791946
12.91758351670334	0.30831025170563514
12.93858771754351	0.3079684187848557
12.959591918383676	0.30767610834275494
12.980596119223845	0.3074329329164425
13.001600320064012	0.30723851494643956
13.022604520904181	0.3070924864947461
13.043608721744349	0.3069944889859141
13.064612922584516	0.30694417296826926
13.085617123424685	0.30694119789246066
13.106621324264852	0.30698523190452315
13.127625525105021	0.30707595165062374
13.148629725945188	0.30721304209056804
13.169633926785357	0.3073961963170018
13.190638127625524	0.3076251153770159
13.211642328465693	0.3078995080925878
13.23264652930586	0.3082190908759684
13.25365073014603	0.3085835875357699
13.274654930986197	0.3089927290691574
13.295659131826365	0.3094462534352151
13.316663332666533	0.30994390530425603
13.337667533506702	0.3104854357776221
13.358671734346869	0.3110706020723488
13.379675935187038	0.3116991671650118
13.400680136027205	0.31237089938908774
13.421684336867374	0.3130855719802876
13.442688537707541	0.3138429625645401
13.46369273854771	0.3146428525836057
13.484696939387877	0.3154850266537009
13.505701140228044	0.31636927185296565
13.526705341068213	0.3172953769341298
13.54770954190838	0.31826313145929913
13.56871374274855	0.3192723248543663
13.589717943588717	0.32032274538116884
13.610722144428886	0.3214141790261306
13.631726345269053	0.32254640830474124
13.652730546109222	0.3237192109818427
13.673734746949389	0.3249323587082957
13.694738947789558	0.3261856155752141
13.715743148629725	0.3274787365875529
13.736747349469894	0.32881146605945866
13.757751550310061	0.33018353593441446
13.77875575115023	0.33159466403386084
13.799759951990398	0.3330445522386444
13.820764152830566	0.334532884608339
13.841768353670734	0.33605932544420236
13.862772554510903	0.33762351730227513
13.88377675535107	0.3392250789638962
13.904780956191239	0.3408636033716938
13.925785157031406	0.3425386555399223
13.946789357871573	0.3442497704488678
13.967793558711742	0.3459964509339203
13.98879775955191	0.3477781655808667
14.009801960392078	0.349594346639978
14.030806161232245	0.35144438797260097
14.051810362072414	0.3533276430452227
14.072814562912582	0.3552434229873932
14.09381876375275	0.3571909947314697
14.114822964592918	0.3591695792538996
14.135827165433087	0.36117834993964965
14.156831366273254	0.3632164310933958
14.177835567113423	0.36528289662310975
14.19883976795359	0.3673767689236223
14.219843968793759	0.3694970179894242
14.240848169633926	0.3716425607872019
14.261852370474095	0.3738122609191296
14.282856571314262	0.37600492860745316
14.303860772154431	0.3782193210290758
14.324864972994598	0.38045414302531594
14.345869173834767	0.38270804820638543
14.366873374674935	0.38497964046205413
14.387877575515102	0.3872674758791036
14.40888177635527	0.38957006505224123
14.429885977195438	0.3918858757580073
14.450890178035607	0.39421333594079455
14.471894378875774	0.39655083693658355
14.492898579715943	0.39889673683371574
14.51390278055611	0.4012493638415587
14.53490698139628	0.40360701950818284
14.555911182236446	0.4059679815982947
14.576915383076615	0.4083305064141938
14.597919583916783	0.4106928303173021
14.618923784756952	0.4130531701880238
14.639927985597119	0.41540972254987957
14.660932186437288	0.41776066108282406
14.681936387277455	0.42010413226338084
14.702940588117624	0.42243824889877357
14.723944788957791	0.42476108137145263
14.74494898979796	0.4270706464817547
14.765953190638127	0.42936489387148896
14.786957391478296	0.43164169013041037
14.807961592318463	0.43389880082953103
14.82896579315863	0.436133870886652
14.8499699939988	0.43834440384451473
14.870974194838967	0.44052774082214724
14.891978395679136	0.4426810400742972
14.912982596519303	0.44480125824910516
14.933986797359472	0.44688513455575996
14.954990998199639	0.4489291791267613
14.975995199039808	0.4509296668695505
14.996999399879975	0.452882638038155
15.018003600720144	0.454783906609658
15.039007801560311	0.4566290773207994
15.06001200240048	0.45841357191139476
15.081016203240647	0.4601326647451403
15.102020404080816	0.4617815275533839
15.123024604920984	0.4633552825983552
15.144028805761153	0.46484906310862356
15.16503300660132	0.4662580794332386
15.186037207441489	0.4675776890239338
15.207041408281656	0.46880346811579054
15.228045609121825	0.4699312828586105
15.249049809961992	0.4709573576680179
15.270054010802161	0.4718783387204788
15.291058211642328	0.4726913508019468
15.312062412482495	0.4733940461164894
15.333066613322664	0.47398464414021724
15.354070814162831	0.4744619621315101
15.375075015003	0.4748254364419038
15.396079215843168	0.4750751352744895
15.417083416683337	0.47521176397348497
15.438087617523504	0.47523666427150957
15.459091818363673	0.47515180914968896
15.48009601920384	0.4749597950678949
15.501100220044009	0.47466383329285566
15.522104420884176	0.47426774188986925
15.543108621724345	0.473775939650065
15.564112822564512	0.4731934427983243
15.585117023404681	0.47252586476096337
15.606121224244848	0.4717794185547995
15.627125425085017	0.4709609204728052
15.648129625925185	0.4700777926685021
15.669133826765353	0.4691380609732005
15.69013802760552	0.4681503428331468
15.71114222844569	0.46712381868791686
15.732146429285857	0.4660681785550274
15.753150630126024	0.4649935342570468
15.774154830966193	0.4639102869508087
15.79515903180636	0.46282893982319945
15.81616323264653	0.461759847510318
15.837167433486696	0.46071289748903027
15.858171634326865	0.4596971247801008
15.879175835167032	0.45872026990154374
15.900180036007201	0.4577883007385694
15.921184236847369	0.4569049307891871
15.942188437687538	0.45607117726378865
15.963192638527705	0.4552850102594566
15.984196839367874	0.454541145929011
16.005201040208043	0.45383102989898944
16.02620524104821	0.4531430411663104
16.047209441888377	0.45246292242726804
16.068213642728544	0.4517744137548199
16.089217843568715	0.4510600381128989
16.110222044408882	0.4503019653370127
16.13122624524905	0.4494828707399839
16.152230446089217	0.44858670760432207
16.173234646929387	0.44759932838468947
16.194238847769554	0.44650891350604116
16.21524304860972	0.4453061937455092
16.23624724944989	0.44398447702373384
16.257251450290056	0.44253950918689466
16.278255651130227	0.44096920932797096
16.299259851970394	0.4392733236601042
16.32026405281056	0.43745303957538284
16.34126825365073	0.4355105955523576
16.3622724544909	0.4334489151941789
16.383276655331066	0.43127128656445834
16.404280856171233	0.42898110213737717
16.4252850570114	0.42658167040979056
16.44628925785157	0.4240761072735724
16.46729345869174	0.4214673129180356
16.488297659531906	0.4187580373646193
16.509301860372073	0.41595103372465464
16.530306061212244	0.4130492921504133
16.55131026205241	0.4100563390305326
16.572314462892578	0.4069765759631132
16.593318663732745	0.4038156231510122
16.614322864572916	0.40058062465184335
16.635327065413083	0.39728047110783843
16.65633126625325	0.3939259011310424
16.677335467093418	0.39052945568277236
16.698339667933585	0.38710527867992334
16.719343868773755	0.3836687780073892
16.740348069613923	0.3802361797154016
16.76135227045409	0.37682402067903603
16.782356471294257	0.3734486293762646
16.803360672134428	0.3701256408138513
16.824364872974595	0.3668695818865782
16.845369073814762	0.3636935504249062
16.86637327465493	0.3606089977241759
16.8873774754951	0.3576256126608714
16.908381676335267	0.354751296848024
16.929385877175434	0.35199221501430544
16.9503900780156	0.34935290259349566
16.971394278855772	0.3468364126981549
16.99239847969594	0.34444448643019665
17.013402680536107	0.3421777331254732
17.034406881376274	0.34003581006923417
17.055411082216445	0.33801759406294496
17.076415283056612	0.33612133973976144
17.09741948389678	0.334344821610105
17.118423684736946	0.332685458450237
17.139427885577113	0.33114041985737547
17.160432086417284	0.32970671564284765
17.18143628725745	0.3283812692870199
17.20244048809762	0.32716097700156027
17.223444688937786	0.326042754094022
17.244448889777956	0.32502357035541607
17.265453090618124	0.32410047613240733
17.28645729145829	0.32327062063225503
17.307461492298458	0.32253126386342934
17.32846569313863	0.3218797834546634
17.349469893978796	0.3213136774318783
17.370474094818963	0.32083056387409076
17.39147829565913	0.3204281782213164
17.4124824964993	0.3201043688727667
17.433486697339468	0.319857091593856
17.454490898179635	0.3196844031461116
17.475495099019803	0.3195844544646656
17.496499299859973	0.31955548363269604
17.51750350070014	0.31959580883977373
17.538507701540308	0.31970382146016485
17.559511902380475	0.3198779793462881
17.580516103220642	0.32011680040030965
17.601520304060813	0.3204188564619068
17.62252450490098	0.32078276753133855
17.643528705741147	0.3212071963329753
17.664532906581314	0.3216908432144475
17.685537107421485	0.3222324413696873
17.706541308261652	0.32283075236971215
17.72754550910182	0.32348456198242537
17.748549709941987	0.3241926762615272
17.769553910782157	0.324953917884455
17.790558111622325	0.3257671227198247
17.81156231246249	0.32663113660585597
17.83256651330266	0.327544812322599
17.85357071414283	0.32850700674227223
17.874574914982997	0.3295165781435752
17.895579115823164	0.3305723836774154
17.91658331666333	0.3316732769729965
17.937587517503502	0.3328181058746645
17.95859171834367	0.3340057103012665
17.979595919183836	0.335234920221045
18.000600120024004	0.33650455373628174
18.02160432086417	0.3378134152730174
18.04260852170434	0.33916029387224167
18.06361272254451	0.34054396157996353
18.084616923384676	0.3419631719345698
18.105621124224843	0.34341665855087056
18.126625325065014	0.34490313380121346
18.14762952590518	0.3464212875950467
18.168633726745348	0.3479697862593278
18.189637927585515	0.3495472715232044
18.210642128425686	0.3511523596114399
18.231646329265853	0.3527836404521232
18.25265053010602	0.3544396770052591
18.273654730946188	0.3561190047198956
18.29465893178636	0.35782013112846744
18.315663132626526	0.35954153558799906
18.336667333466693	0.3612816691787024
18.35767153430686	0.3630389547712698
18.37867573514703	0.3648117872747773
18.399679935987198	0.3665985340775336
18.420684136827365	0.36839753569341893
18.441688337667532	0.37020710662618844
18.4626925385077	0.37202553646389086
18.48369673934787	0.3738510912148965
18.504700940188037	0.37568201489605507
18.525705141028205	0.3775165313821677
18.54670934186837	0.37935284652424195
18.567713542708542	0.3811891505418352
18.58871774354871	0.38302362069219265
18.609721944388877	0.3848544242157506
18.630726145229044	0.38667972155390773
18.651730346069215	0.38849766983074124
18.672734546909382	0.3903064265855609
18.69373874774955	0.3921041537379319
18.714742948589716	0.3938890217611347
18.735747149429887	0.3956592140341417
18.756751350270054	0.3974129313362564
18.77775555111022	0.39914839644283145
18.79875975195039	0.4008638587751925
18.81976395279056	0.4025575990533129
18.840768153630727	0.40422793389611894
18.861772354470894	0.40587322031176193
18.88277655531106	0.4074918600188897
18.903780756151228	0.409082303539979
18.9247849569914	0.41064305400912954
18.945789157831566	0.41217267063937246
18.966793358671733	0.41366977179836295
18.9877975595119	0.4151330376462498
19.00880176035207	0.4165612122953588
19.02980596119224	0.41795310545798886
19.050810162032406	0.4193075935559861
19.071814362872573	0.42062362027369615
19.092818563712743	0.4219001965443666
19.11382276455291	0.4231363999689812
19.134826965393078	0.42433137367582147
19.155831166233245	0.42548432463870584
19.176835367073416	0.4265945214817811
19.197839567913583	0.4276612918088312
19.21884376875375	0.42868401910519416
19.239847969593917	0.4296621392703323
19.260852170434088	0.43059513684870104
19.281856371274255	0.43148254103548583
19.302860572114422	0.43232392154176463
19.32386477295459	0.43311888441036633
19.344868973794757	0.43386706787880236
19.365873174634928	0.434568138388823
19.386877375475095	0.43522178684311097
19.407881576315262	0.4358277252080894
19.42888577715543	0.43638568355763147
19.4498899779956	0.4368954076454754
19.470894178835767	0.43735665708437016
19.491898379675934	0.437769204197521
19.5129025805161	0.43813283359297894
19.533906781356272	0.4384473424946049
19.55491098219644	0.4387125418446203
19.575915183036606	0.43892825817315556
19.596919383876774	0.4390943362102822
19.617923584716944	0.43921064219657746
19.63892778555711	0.43927706782999937
19.65993198639728	0.4392935347705335
19.680936187237446	0.43925999961027695
19.701940388077617	0.4391764592058712
19.722944588917784	0.4390429562627635
19.74394878975795	0.43885958505683037
19.76495299059812	0.43862649717829943
19.785957191438285	0.43834390718546745
19.806961392278456	0.4380120980609628
19.827965593118623	0.43763142637075786
19.84896979395879	0.43720232703518747
19.869973994798958	0.436725317631304
19.89097819563913	0.43620100215641344
19.911982396479296	0.4356300741931357
19.932986597319463	0.43501331942641563
19.95399079815963	0.4343516174723706
19.9749949989998	0.43364594298754183
19.995999199839968	0.43289736603505563
20.017003400680135	0.4321070516914987
20.038007601520302	0.4312762588851445
20.059011802360473	0.4304063384627966
20.08001600320064	0.4294987304891505
20.101020204040807	0.42855496078947747
20.122024404880975	0.4275766367537606
20.143028605721145	0.42656544242829286
20.164032806561313	0.42552313292918437
20.18503700740148	0.42445152822117505
20.206041208241647	0.4233525063144384
20.227045409081814	0.4222279959414287
20.248049609921985	0.42107996878499365
20.269053810762152	0.41991043133751915
20.29005801160232	0.4187214164784647
20.311062212442486	0.417514974863855
20.332066413282657	0.4162931662257858
20.353070614122824	0.41505805068249424
20.37407481496299	0.41381168015980463
20.39507901580316	0.4125560900227182
20.41608321664333	0.4112932910115154
20.437087417483497	0.4100252615701524
20.458091618323664	0.40875394064610476
20.47909581916383	0.40748122103047746
20.500100020004002	0.4062089432955056
20.52110422084417	0.40493889037392905
20.542108421684336	0.4036727828115794
20.563112622524503	0.40241227471129276
20.584116823364674	0.40115895037339244
20.60512102420484	0.3999143216258517
20.62612522504501	0.39867982582617234
20.647129425885176	0.3974568245072816
20.668133626725343	0.3962466026315495
20.689137827565514	0.39505036841046803
20.71014202840568	0.393869253642683
20.731146229245848	0.3927043145198476
20.752150430086015	0.39155653284811387
20.773154630926186	0.39042681763280157
20.794158831766353	0.3893160069746814
20.81516303260652	0.3882248702281719
20.836167233446687	0.38715411037430647
20.857171434286858	0.38610436656437713
20.878175635127025	0.38507621679349535
20.899179835967193	0.3840701806667537
20.92018403680736	0.38308672222411594
20.94118823764753	0.3821262527935043
20.962192438487698	0.3811891338447684
20.983196639327865	0.3802756798202843
21.004200840168032	0.37938616092084637
21.025205041008203	0.37852080582830844
21.04620924184837	0.37767980434912635
21.067213442688537	0.3768633099655363
21.088217643528704	0.37607144228362716
21.109221844368875	0.37530428936996685
21.130226045209042	0.37456190997076755
21.15123024604921	0.37384433560973984
21.172234446889377	0.3731515725628103
21.193238647729544	0.37248360370972683
21.214242848569715	0.3718403902641943
21.23524704940988	0.37122187338560636
21.25625125025005	0.37062797567661193
21.277255451090216	0.3700586025716936
21.298259651930387	0.369513643622638
21.319263852770554	0.3689929736872484
21.34026805361072	0.3684964540279023
21.36127225445089	0.3680239333266092
21.38227645529106	0.3675752486230847
21.403280656131226	0.36715022618208026
21.424284856971394	0.36674868229577634
21.44528905781156	0.3663704240265521
21.46629325865173	0.3660152498948634
21.4872974594919	0.365682950516386
21.508301660332066	0.36537330919200933
21.529305861172233	0.3650861024537554
21.550310062012404	0.36482110056926903
21.57131426285257	0.3645780680072069
21.592318463692738	0.36435676386563637
21.613322664532905	0.36415694226547607
21.634326865373072	0.36397835271101214
21.655331066213243	0.36382074041963264
21.67633526705341	0.36368384662307934
21.697339467893578	0.3635674088427018
21.718343668733745	0.36347116114138417
21.739347869573916	0.3633948343549679
21.760352070414083	0.36333815630607447
21.78135627125425	0.36330085200325984
21.802360472094417	0.36328264382834446
21.823364672934588	0.3632832517146061
21.844368873774755	0.36330239331826597
21.865373074614922	0.3633397841853741
21.88637727545509	0.3633951379158125
21.90738147629526	0.363468166325712
21.928385677135427	0.36355857960912746
21.949389877975594	0.3636660864993678
21.97039407881576	0.3637903944299457
21.991398279655932	0.3639312096947051
22.0124024804961	0.36408823760631903
22.033406681336267	0.3642611826520418
22.054410882176434	0.3644497486453295
22.0754150830166	0.36465363887175534
22.096419283856772	0.36487255622748005
22.11742348469694	0.365106203348468
22.138427685537106	0.36535428272858833
22.159431886377273	0.3656164968247618
22.180436087217444	0.3658925481473619
22.20144028805761	0.3661821393341761
22.22244448889778	0.36648497320634865
22.243448689737946	0.3668007528048854
22.264452890578116	0.36712918140645523
22.285457091418284	0.3674699625174241
22.30646129225845	0.36782279984524535
22.327465493098618	0.36818739724656346
22.34846969393879	0.36856345865162166
22.369473894778956	0.36895068796483166
22.390478095619123	0.3693487889416586
22.41148229645929	0.36975746504230156
22.43248649729946	0.3701764192630091
22.45349069813963	0.3706053539462693
22.474494898979795	0.3710439705715361
22.495499099819963	0.3714919695286113
22.51650330066013	0.3719490498762718
22.5375075015003	0.37241490908921504
22.558511702340468	0.37288924279688374
22.579515903180635	0.3733717445182016
22.600520104020802	0.37386210539671955
22.621524304860973	0.37436001394109636
22.64252850570114	0.37486515577624685
22.663532706541307	0.3753772134108363
22.684536907381474	0.375895866027091
22.705541108221645	0.3764207892991375
22.726545309061812	0.37695165524620283
22.74754950990198	0.3774881321270682
22.768553710742147	0.37802988438208485
22.789557911582317	0.3785765726288609
22.810562112422485	0.37912785371738666
22.831566313262652	0.37968338084986275
22.85257051410282	0.3802428037698423
22.87357471494299	0.380805769024483
22.894578915783157	0.3813719203027333
22.915583116623324	0.3819408988511555
22.93658731746349	0.38251234396784284
22.95759151830366	0.38308589357351325
22.97859571914383	0.38366118485741935
22.999599919983996	0.384237854994195
23.020604120824164	0.3848155419262208
23.04160832166433	0.3853938852045563
23.0626125225045	0.38597252687998995
23.08361672334467	0.3865511124343192
23.104620924184836	0.38712929174060373
23.125625125025003	0.38770672003984347
23.146629325865174	0.3882830589202798
23.16763352670534	0.3888579772842725
23.18863772754551	0.38943115228642095
23.209641928385675	0.390002270225192
23.230646129225846	0.39057102736875465
23.251650330066013	0.3911371306939694
23.27265453090618	0.3917002985155322
23.293658731746348	0.39226026098022104
23.31466293258652	0.3928167603991393
23.335667133426686	0.3933695513890167
23.356671334266853	0.3939184007922339
23.37767553510702	0.3944630873446037
23.398679735947187	0.3950034010603178
23.419683936787358	0.3955391423051471
23.440688137627525	0.39607012053215274
23.461692338467692	0.396596152658942
23.48269653930786	0.3971170610719162
23.50370074014803	0.3976326712509182
23.524704940988197	0.3981428090170438
23.545709141828365	0.3986472974168967
23.566713342668532	0.3991459532679847
23.587717543508703	0.399638583402014
23.60872174434887	0.4001249806552644
23.629725945189037	0.400604919667783
23.650730146029204	0.4010781525655907
23.671734346869375	0.4015444046121787
23.692738547709542	0.4020033699270216
23.71374274854971	0.40245470737924716
23.734746949389876	0.4028980367735614
23.755751150230047	0.4033329354524389
23.776755351070214	0.40375893544282415
23.79775955191038	0.4041755212764463
23.81876375275055	0.40458212860962056
23.839767953590716	0.4049781437605247
23.860772154430887	0.40536290426891636
23.881776355271054	0.4057357005649539
23.90278055611122	0.40609577881031134
23.923784756951388	0.40644234494667086
23.94478895779156	0.40677456995478517
23.965793158631726	0.4070915962928929
23.986797359471893	0.4073925454478158
24.00780156031206	0.40767652649730046
24.02880576115223	0.4079426455497811
24.0498099619924	0.4081900158994414
24.070814162832566	0.40841776871165486
24.091818363672733	0.40862506403770243
24.112822564512904	0.40881110194880016
24.13382676535307	0.4089751335781073
24.154830966193238	0.4091164718652911
24.175835167033405	0.40923450181065774
24.196839367873576	0.40932869006375205
24.217843568713743	0.40939859369329035
24.23884776955391	0.4094438680097997
24.259851970394077	0.4094642733378248
24.280856171234245	0.40945968065951854
24.301860372074415	0.4094300760745645
24.322864572914582	0.4093755640416512
24.34386877375475	0.409296369383414
24.364872974594917	0.40919283804957174
24.385877175435088	0.40906543664194456
24.406881376275255	0.40891475071055233
24.427885577115422	0.40874148183276976
24.44888977795559	0.4085464434885237
24.46989397879576	0.40833055574485994
24.490898179635927	0.40809483876408653
24.511902380476094	0.4078404051522315
24.53290658131626	0.40756845116976176
24.553910782156432	0.40728024683516045
24.5749149829966	0.406977124964501
24.595919183836767	0.4066604692067306
24.616923384676934	0.4063317011546762
24.637927585517104	0.4059922666352089
24.65893178635727	0.4056436213075637
24.67993598719744	0.40528721572528625
24.700940188037606	0.40492448004330045
24.721944388877773	0.4045568085756502
24.742948589717944	0.4041855444301705
24.76395279055811	0.40381196446236167
24.78495699139828	0.40343726480097314
24.805961192238446	0.403062547201418
24.826965393078616	0.402688806479607
24.847969593918783	0.402316919267889
24.86897379475895	0.4019476343166135
24.889977995599118	0.4015815645398015
24.91098219643929	0.4012191809721503
24.931986397279456	0.4008608087680313
24.952990598119623	0.40050662533232895
24.97399479895979	0.4001566606291645
24.99499899979996	0.3998107996691023
