0.0	4.6139227845569115
0.021004200840168033	4.6139227845569115
0.042008401680336066	4.612522504500901
0.0630126025205041	4.609721944388878
0.08401680336067213	4.6069213842768555
0.10502100420084017	4.602720544108822
0.1260252050410082	4.597119423884777
0.14702940588117624	4.590118023604721
0.16803360672134426	4.583116623324665
0.1890378075615123	4.5747149429885985
0.21004200840168033	4.564912982596519
0.23104620924184838	4.555111022204441
0.2520504100820164	4.543908781756351
0.2730546109221844	4.531306261252251
0.2940588117623525	4.51870374074815
0.3150630126025205	4.504700940188038
0.33606721344268853	4.489297859571915
0.35707141428285655	4.473894778955792
0.3780756151230246	4.457091418283657
0.39907981596319264	4.438887777555512
0.42008401680336066	4.420684136827366
0.4410882176435287	4.401080216043209
0.46209241848369675	4.381476295259052
0.4830966193238648	4.360472094418884
0.5041008201640328	4.338067613522705
0.5251050210042009	4.315663132626526
0.5461092218443688	4.291858371674335
0.5671134226845369	4.268053610722145
0.588117623524705	4.242848569713943
0.6091218243648729	4.217643528705741
0.630126025205041	4.191038207641529
0.651130226045209	4.163032606521305
0.6721344268853771	4.1350270054010805
0.6931386277255451	4.107021404280856
0.7141428285657131	4.077615523104622
0.7351470294058812	4.048209641928386
0.7561512302460492	4.01740348069614
0.7771554310862172	3.9851970394078813
0.7981596319263853	3.954390878175635
0.8191638327665532	3.9221844368873775
0.8401680336067213	3.8885777155431085
0.8611722344468894	3.8549709941988395
0.8821764352870574	3.821364272854571
0.9031806361272254	3.786357271454291
0.9241848369673935	3.7513502700540107
0.9451890378075615	3.7149429885977194
0.9661932386477295	3.6799359871974393
0.9871974394878975	3.642128425685137
1.0082016403280656	3.6057211442288457
1.0292058411682337	3.5679135827165434
1.0502100420084017	3.5301060212042406
1.0712142428485696	3.492298459691938
1.0922184436887377	3.454490898179636
1.1132226445289057	3.4152830566113224
1.1342268453690738	3.3760752150430084
1.1552310462092419	3.336867373474695
1.17623524704941	3.297659531906381
1.1972394478895778	3.2584516903380676
1.2182436487297459	3.2178435687137426
1.239247849569914	3.177235447089418
1.260252050410082	3.136627325465093
1.2812562512502501	3.096019203840768
1.302260452090418	3.0554110822164433
1.323264652930586	3.0148029605921183
1.3442688537707541	2.9741948389677937
1.3652730546109222	2.9335867173434687
1.3862772554510903	2.8929785957191436
1.4072814562912581	2.8509701940388075
1.4282856571314262	2.810362072414483
1.4492898579715943	2.769753950790158
1.4702940588117623	2.7291458291658333
1.4912982596519304	2.6885377075415082
1.5123024604920985	2.647929585917183
1.5333066613322663	2.6073214642928586
1.5543108621724344	2.5667133426685336
1.5753150630126025	2.526105221044209
1.5963192638527706	2.486897379475895
1.6173234646929386	2.4476895379075816
1.6383276655331065	2.4070814162832566
1.6593318663732746	2.369273854770954
1.6803360672134426	2.3300660132026403
1.7013402680536107	2.292258451690338
1.7223444688937788	2.2530506101220245
1.7433486697339466	2.216643328665733
1.7643528705741147	2.1788357671534304
1.7853570714142828	2.142428485697139
1.8063612722544509	2.106021204240848
1.827365473094619	2.0710142028405683
1.848369673934787	2.036007201440288
1.8693738747749549	2.001000200040008
1.890378075615123	1.967393478695739
1.911382276455291	1.9337867573514702
1.932386477295459	1.9015803160632125
1.9533906781356272	1.8693738747749549
1.974394878975795	1.8385677135427085
1.995399079815963	1.807761552310462
2.016403280656131	1.7783556711342268
2.0374074814962992	1.7489497899579916
2.0584116823364673	1.7223444688937786
2.0794158831766354	1.6943388677735547
2.1004200840168035	1.669133826765353
2.1214242848569715	1.6439287857571514
2.142428485697139	1.6187237447489498
2.1634326865373072	1.5963192638527706
2.1844368873774753	1.5739147829565912
2.2054410882176434	1.5529105821164233
2.2264452890578115	1.5333066613322663
2.2474494898979795	1.5151030206041207
2.2684536907381476	1.4982996599319862
2.2894578915783157	1.482896579315863
2.3104620924184838	1.4674934986997399
2.331466293258652	1.454890978195639
2.35247049409882	1.4436887377475494
2.3734746949389876	1.433886777355471
2.3944788957791556	1.4254850970194037
2.4154830966193237	1.4184836967393477
2.4364872974594918	1.4142828565713141
2.45749149829966	1.412882576515303
2.478495699139828	1.4142828565713141
2.499499899979996	1.419883976795359
2.520504100820164	1.433886777355471
2.541508301660332	1.454890978195639
2.5625125025005002	1.481496299259852
2.583516703340668	1.5109021804360871
2.604520904180836	1.5417083416683335
2.625525105021004	1.5739147829565912
2.646529305861172	1.6075215043008602
2.66753350670134	1.64252850570114
2.6885377075415082	1.6789357871574313
2.7095419083816763	1.7167433486697339
2.7305461092218444	1.7545509101820362
2.7515503100620124	1.79375875175035
2.7725545109021805	1.8343668733746747
2.7935587117423486	1.8749749949989998
2.8145629125825162	1.9169833966793357
2.8355671134226843	1.9589917983596719
2.8565713142628524	2.002400480096019
2.8775755151030205	2.0472094418883775
2.8985797159431885	2.092018403680736
2.9195839167833566	2.1368273654730947
2.9405881176235247	2.181636327265453
2.9615923184636928	2.2278455691138226
2.982596519303861	2.2740548109621925
3.003600720144029	2.321664332866573
3.024604920984197	2.367873574714943
3.0456091218243646	2.4154830966193237
3.0666133226645327	2.4616923384676936
3.0876175235047008	2.5093018603720743
3.108621724344869	2.555511102220444
3.129625925185037	2.603120624124825
3.150630126025205	2.650730146029206
3.171634326865373	2.6969393878775754
3.192638527705541	2.7431486297259453
3.213642728545709	2.789357871574315
3.2346469293858773	2.8355671134226843
3.2556511302260454	2.8817763552710542
3.276655331066213	2.9265853170634126
3.297659531906381	2.971394278855771
3.318663732746549	3.0162032406481294
3.339667933586717	3.0596119223844767
3.3606721344268853	3.103020604120824
3.3816763352670534	3.14502900580116
3.4026805361072214	3.187037407481496
3.4236847369473895	3.2290458091618324
3.4446889377875576	3.269653930786157
3.4656931386277257	3.310262052410482
3.4866973394678933	3.3494698939787955
3.5077015403080614	3.3872774554910983
3.5287057411482294	3.4250850170034006
3.5497099419883975	3.461492298459692
3.5707141428285656	3.497899579915983
3.5917183436687337	3.5329065813162632
3.6127225445089017	3.5679135827165434
3.63372674534907	3.601520304060812
3.654730946189238	3.63372674534907
3.675735147029406	3.664532906581316
3.696739347869574	3.6953390678135625
3.7177435487097417	3.7247449489897977
3.7387477495499097	3.7541508301660333
3.759751950390078	3.780756151230246
3.780756151230246	3.807361472294459
3.801760352070414	3.833966793358672
3.822764552910582	3.857771554310862
3.84376875375075	3.8815763152630525
3.864772954590918	3.9039807961592317
3.8857771554310863	3.9249849969993997
3.9067813562712543	3.945989197839568
3.9277855571114224	3.9655931186237248
3.94878975795159	3.98379675935187
3.969793958791758	4.000600120024005
3.990798159631926	4.016003200640128
4.011802360472094	4.031406281256252
4.032806561312262	4.045409081816364
4.05381076215243	4.058011602320464
4.0748149629925985	4.069213842768554
4.095819163832767	4.080416083216644
4.116823364672935	4.0888177635527105
4.137827565513103	4.097219443888778
4.158831766353271	4.104220844168834
4.179835967193439	4.11122224444889
4.200840168033607	4.115423084616924
4.221844368873775	4.119623924784958
4.242848569713943	4.12242448489698
4.263852770554111	4.123824764952991
4.284856971394278	4.125225045009002
4.305861172234446	4.125225045009002
4.3268653730746145	4.123824764952991
4.347869573914783	4.121024204840968
4.368873774754951	4.116823364672935
4.389877975595119	4.112622524504902
4.410882176435287	4.107021404280856
4.431886377275455	4.1000200040008
4.452890578115623	4.093018603720744
4.473894778955791	4.084616923384678
4.494898979795959	4.0748149629925985
4.515903180636127	4.06361272254451
4.536907381476295	4.05241048209642
4.557911582316463	4.039807961592319
4.578915783156631	4.027205441088218
4.5999199839967995	4.013202640528106
4.6209241848369675	3.997799559911982
4.641928385677136	3.980996199239848
4.662932586517304	3.9641928385677137
4.683936787357472	3.947389477895579
4.70494098819764	3.9277855571114224
4.725945189037807	3.9095819163832766
4.746949389877975	3.8885777155431085
4.767953590718143	3.8675735147029404
4.788957791558311	3.8451690338067612
4.809961992398479	3.822764552910582
4.830966193238647	3.7989597919583917
4.8519703940788155	3.77375475095019
4.8729745949189835	3.7485497099419884
4.893978795759152	3.7233446689337866
4.91498299659932	3.696739347869574
4.935987197439488	3.66873374674935
4.956991398279656	3.640728145629126
4.977995599119824	3.6127225445089017
4.998999799959992	3.5833166633326665
5.02000400080016	3.5539107821564313
5.041008201640328	3.523104620924185
5.062012402480496	3.4936987397479493
5.083016603320664	3.462892578515703
5.104020804160832	3.4320864172834566
5.1250250050010004	3.4012802560512103
5.1460292058411685	3.3690738147629524
5.167033406681336	3.336867373474695
5.188037607521504	3.306061212242448
5.209041808361672	3.2724544908981796
5.23004600920184	3.2402480496099217
5.251050210042008	3.205241048209642
5.272054410882176	3.170234046809362
5.293058611722344	3.1338267653530707
5.314062812562512	3.096019203840768
5.33506701340268	3.0582116423284655
5.356071214242848	3.020404080816163
5.3770754150830165	2.982596519303861
5.3980796159231845	2.9461892378475696
5.419083816763353	2.9097819563912783
5.440088017603521	2.873374674934987
5.461092218443689	2.836967393478696
5.482096419283857	2.8019603920784157
5.503100620124025	2.7669533906781356
5.524104820964193	2.7319463892778555
5.545109021804361	2.6983396679335865
5.566113222644529	2.666133226645329
5.587117423484697	2.633926785357071
5.608121624324865	2.6017203440688137
5.6291258251650325	2.5709141828365674
5.6501300260052005	2.5401080216043206
5.671134226845369	2.5107021404280854
5.692138427685537	2.4826965393078613
5.713142628525705	2.4546909381876376
5.734146829365873	2.4266853370674135
5.755151030206041	2.4014802960592116
5.776155231046209	2.374874974994999
5.797159431886377	2.3510702140428084
5.818163632726545	2.327265453090618
5.839167833566713	2.304860972194439
5.860172034406881	2.2824564912982597
5.881176235247049	2.2614522904580916
5.902180436087217	2.2418483696739346
5.9231846369273855	2.2222444488897777
5.944188837767554	2.2040408081616323
5.965193038607722	2.187237447489498
5.98619723944789	2.1704340868173633
6.007201440288058	2.15503100620124
6.028205641128226	2.139627925585117
6.049209841968394	2.127025405081016
6.070214042808561	2.113022604520904
6.091218243648729	2.1018203640728146
6.112222444488897	2.0906181236247248
6.133226645329065	2.0808161632326465
6.154230846169233	2.0710142028405683
6.1752350470094015	2.0640128025605122
6.19623924784957	2.0556111222244446
6.217243448689738	2.0500100020004
6.238247649529906	2.043008601720344
6.259251850370074	2.0388077615523104
6.280256051210242	2.0346069213842766
6.30126025205041	2.0318063612722543
6.322264452890578	2.029005801160232
6.343268653730746	2.0276055211042205
6.364272854570914	2.0262052410482094
6.385277055411082	2.0262052410482094
6.40628125625125	2.0276055211042205
6.427285457091418	2.029005801160232
6.4482896579315865	2.030406081216243
6.469293858771755	2.0332066413282655
6.490298059611923	2.0374074814962992
6.511302260452091	2.0416083216643326
6.532306461292258	2.0458091618323664
6.553310662132426	2.0514102820564113
6.574314862972594	2.057011402280456
6.595319063812762	2.0640128025605122
6.61632326465293	2.0710142028405683
6.637327465493098	2.0794158831766354
6.658331666333266	2.0878175635127025
6.679335867173434	2.097619523904781
6.7003400680136025	2.106021204240848
6.721344268853771	2.1158231646329266
6.742348469693939	2.127025405081016
6.763352670534107	2.138227645529106
6.784356871374275	2.149429885977195
6.805361072214443	2.160632126425285
6.826365273054611	2.173234646929386
6.847369473894779	2.1858371674334864
6.868373674734947	2.1984396879375874
6.889377875575115	2.2124424884976994
6.910382076415283	2.2264452890578115
6.931386277255451	2.2404480896179235
6.952390478095619	2.2544508901780356
6.973394678935787	2.2684536907381476
6.994398879775955	2.283856771354271
7.015403080616123	2.299259851970394
7.036407281456291	2.314662932586517
7.057411482296459	2.3300660132026403
7.078415683136627	2.345469093818764
7.099419883976795	2.362272454490898
7.120424084816963	2.3776755351070213
7.141428285657131	2.3944788957791556
7.162432486497299	2.4112822564512904
7.183436687337467	2.4280856171234246
7.204440888177635	2.444888977795559
7.2254450890178035	2.4616923384676936
7.2464492898579715	2.478495699139828
7.26745349069814	2.495299059811962
7.288457691538308	2.512102420484097
7.309461892378476	2.528905781156231
7.330466093218644	2.5471094218843766
7.351470294058812	2.5639127825565113
7.37247449489898	2.5807161432286456
7.393478695739148	2.59751950390078
7.414482896579315	2.6157231446289257
7.435487097419483	2.63252650530106
7.456491298259651	2.6493298659731948
7.4774954990998195	2.666133226645329
7.4984996999399876	2.6829365873174633
7.519503900780156	2.699739947989598
7.540508101620324	2.7165433086617323
7.561512302460492	2.7333466693338666
7.58251650330066	2.7501500300060013
7.603520704140828	2.7655531106221245
7.624524904980996	2.782356471294259
7.645529105821164	2.797759551910382
7.666533306661332	2.8145629125825162
7.6875375075015	2.82996599319864
7.708541708341668	2.845369073814763
7.729545909181836	2.860772154430886
7.7505501100220044	2.8761752350470093
7.7715543108621725	2.8901780356071214
7.792558511702341	2.9055811162232446
7.813562712542509	2.9195839167833566
7.834566913382677	2.9335867173434687
7.855571114222845	2.9475895179035807
7.876575315063012	2.9615923184636928
7.89757951590318	2.9741948389677937
7.918583716743348	2.9881976395279053
7.939587917583516	3.0008001600320062
7.960592118423684	3.013402680536107
7.981596319263852	3.026005201040208
8.002600520104021	3.0372074414882975
8.023604720944189	3.0498099619923984
8.044608921784357	3.061012202440488
8.065613122624525	3.0708141628325665
8.086617323464694	3.082016403280656
8.10762152430486	3.0932186437287457
8.128625725145028	3.103020604120824
8.149629925985197	3.1128225645129026
8.170634126825364	3.1212242448489698
8.191638327665533	3.131026205241048
8.2126425285057	3.139427885577115
8.23364672934587	3.1478295659131827
8.254650930186036	3.1548309661932388
8.275655131026205	3.163232646529306
8.296659331866373	3.170234046809362
8.317663532706542	3.177235447089418
8.338667733546709	3.184236847369474
8.359671934386878	3.1898379675935185
8.380676135227045	3.1954390878175634
8.401680336067214	3.2010402080416083
8.422684536907381	3.205241048209642
8.44368873774755	3.2108421684336865
8.464692938587717	3.2150430086017203
8.485697139427886	3.2192438487697537
8.506701340268053	3.2220444088817763
8.527705541108222	3.2248449689937986
8.54870974194839	3.2276455291058213
8.569713942788557	3.2304460892178435
8.590718143628726	3.2332466493298657
8.611722344468893	3.2346469293858773
8.632726545309062	3.2360472094418884
8.653730746149229	3.2374474894978995
8.674734946989398	3.2374474894978995
8.695739147829565	3.2374474894978995
8.716743348669734	3.2388477695539106
8.737747549509901	3.2374474894978995
8.75875175035007	3.2374474894978995
8.779755951190237	3.2360472094418884
8.800760152030406	3.2346469293858773
8.821764352870574	3.2332466493298657
8.842768553710743	3.2318463692738546
8.86377275455091	3.2290458091618324
8.884776955391079	3.2262452490498097
8.905781156231246	3.2234446889377875
8.926785357071415	3.2206441288257652
8.947789557911582	3.2164432886577314
8.968793758751751	3.2122424484896976
8.989797959591918	3.2094418883776754
9.010802160432085	3.2038407681536305
9.031806361272254	3.199639927985597
9.052810562112422	3.1940388077615522
9.07381476295259	3.1898379675935185
9.094818963792758	3.184236847369474
9.115823164632927	3.178635727145429
9.136827365473094	3.171634326865373
9.157831566313263	3.166033206641328
9.17883576715343	3.159031806361272
9.199839967993599	3.152030406081216
9.220844168833766	3.14502900580116
9.241848369673935	3.138027605521104
9.262852570514102	3.129625925185037
9.283856771354271	3.122624524904981
9.304860972194438	3.1142228445689137
9.325865173034607	3.1058211642328466
9.346869373874775	3.0974194838967795
9.367873574714944	3.089017803560712
9.38887777555511	3.0806161232246447
9.40988197639528	3.0708141628325665
9.430886177235447	3.0624124824964993
9.451890378075614	3.0526105221044206
9.472894578915783	3.0428085617123424
9.49389877975595	3.0344068813762752
9.51490298059612	3.0232046409281854
9.535907181436286	3.013402680536107
9.556911382276455	3.003600720144029
9.577915583116622	2.99379875975195
9.598919783956791	2.982596519303861
9.619923984796959	2.972794558911782
9.640928185637128	2.9615923184636928
9.661932386477295	2.951790358071614
9.682936587317464	2.9405881176235247
9.703940788157631	2.929385877175435
9.7249449889978	2.9181836367273455
9.745949189837967	2.9069813962792557
9.766953390678136	2.8957791558311663
9.787957591518303	2.8845769153830765
9.808961792358472	2.873374674934987
9.82996599319864	2.8621724344868973
9.850970194038808	2.8509701940388075
9.871974394878976	2.839767953590718
9.892978595719143	2.8285657131426283
9.913982796559312	2.817363472694539
9.934986997399479	2.806161232246449
9.955991198239648	2.7935587117423486
9.976995399079815	2.782356471294259
9.997999599919984	2.771154230846169
10.019003800760151	2.7599519903980796
10.04000800160032	2.7473494698939787
10.061012202440487	2.7361472294458893
10.082016403280656	2.7249449889977995
10.103020604120823	2.7137427485497096
10.124024804960992	2.701140228045609
10.14502900580116	2.6899379875975193
10.166033206641329	2.67873574714943
10.187037407481496	2.66753350670134
10.208041608321665	2.654930986197239
10.229045809161832	2.64372874574915
10.250050010002001	2.63252650530106
10.271054210842168	2.6213242648529707
10.292058411682337	2.610122024404881
10.313062612522504	2.5989197839567915
10.334066813362671	2.5877175435087016
10.35507101420284	2.576515303060612
10.376075215043008	2.5653130626125225
10.397079415883177	2.555511102220444
10.418083616723344	2.5443088617723544
10.439087817563513	2.5331066213242646
10.46009201840368	2.5233046609321863
10.481096219243849	2.513502700540108
10.502100420084016	2.5037007401480293
10.523104620924185	2.493898779755951
10.544108821764352	2.484096819363873
10.565113022604521	2.474294858971794
10.586117223444688	2.465893178635727
10.607121424284857	2.4560912182436487
10.628125625125024	2.4476895379075816
10.649129825965193	2.439287857571514
10.67013402680536	2.4322864572914584
10.69113822764553	2.423884776955391
10.712142428485697	2.416883376675335
10.733146629325866	2.409881976395279
10.754150830166033	2.4028805761152228
10.775155031006202	2.3972794558911783
10.796159231846369	2.3916783356671334
10.817163432686536	2.3860772154430885
10.838167633526705	2.3804760952190436
10.859171834366872	2.3762752550510102
10.880176035207041	2.3720744148829764
10.901180236047209	2.367873574714943
10.922184436887378	2.3650730146029204
10.943188637727545	2.362272454490898
10.964192838567714	2.3594718943788755
10.98519703940788	2.3580716143228644
11.00620124024805	2.3566713342668533
11.027205441088217	2.355271054210842
11.048209641928386	2.355271054210842
11.069213842768553	2.355271054210842
11.090218043608722	2.355271054210842
11.11122224444889	2.355271054210842
11.132226445289058	2.3566713342668533
11.153230646129225	2.3594718943788755
11.174234846969394	2.360872174434887
11.195239047809562	2.3636727345469093
11.21624324864973	2.3664732946589315
11.237247449489898	2.3706741348269653
11.258251650330065	2.3734746949389876
11.279255851170234	2.3776755351070213
11.300260052010401	2.3832766553310663
11.32126425285057	2.3874774954990996
11.342268453690737	2.3930786157231445
11.363272654530906	2.3986797359471894
11.384276855371073	2.4056811362272454
11.405281056211242	2.4112822564512904
11.42628525705141	2.4182836567313464
11.447289457891578	2.4252850570114024
11.468293658731746	2.4322864572914584
11.489297859571915	2.4406881376275256
11.510302060412082	2.4490898179635927
11.53130626125225	2.45749149829966
11.552310462092418	2.465893178635727
11.573314662932587	2.474294858971794
11.594318863772754	2.4826965393078613
11.615323064612923	2.49249849969994
11.63632726545309	2.5023004600920182
11.65733146629326	2.512102420484097
11.678335667133426	2.521904380876175
11.699339867973594	2.5317063412682534
11.720344068813763	2.541508301660332
11.74134826965393	2.5527105421084215
11.762352470494099	2.5625125025005002
11.783356671334266	2.5737147429485896
11.804360872174435	2.5849169833966794
11.825365073014602	2.5947189437887577
11.846369273854771	2.6059211842368475
11.867373474694938	2.617123424684937
11.888377675535107	2.6283256651330267
11.909381876375274	2.639527905581116
11.930386077215443	2.650730146029206
11.95139027805561	2.6619323864772952
11.97239447889578	2.673134626925385
11.993398679735947	2.6843368673734744
12.014402880576116	2.6955391078215643
12.035407081416283	2.706741348269654
12.056411282256452	2.7193438687737546
12.077415483096619	2.7305461092218444
12.098419683936788	2.7417483496699337
12.119423884776955	2.7529505901180236
12.140428085617122	2.764152830566113
12.161432286457291	2.7739547909581916
12.182436487297458	2.785157031406281
12.203440688137627	2.796359271854371
12.224444888977795	2.80756151230246
12.245449089817964	2.817363472694539
12.26645329065813	2.8285657131426283
12.2874574914983	2.838367673534707
12.308461692338467	2.8495699139827964
12.329465893178636	2.859371874374875
12.350470094018803	2.8691738347669533
12.371474294858972	2.8789757951590316
12.39247849569914	2.8887777555511103
12.413482696539308	2.8971794358871774
12.434486897379475	2.9069813962792557
12.455491098219644	2.915383076615323
12.476495299059811	2.9251850370074015
12.49749949989998	2.9335867173434687
12.518503700740148	2.941988397679536
12.539507901580317	2.950390078015603
12.560512102420484	2.957391478295659
12.581516303260651	2.965793158631726
12.60252050410082	2.972794558911782
12.623524704940987	2.979795959191838
12.644528905781156	2.986797359471894
12.665533106621323	2.99379875975195
12.686537307461492	2.999399879975995
12.70754150830166	3.006401280256051
12.728545709141828	3.012002400480096
12.749549909981996	3.017603520704141
12.770554110822165	3.0232046409281854
12.791558311662332	3.027405481096219
12.8125625125025	3.033006601320264
12.833566713342668	3.0372074414882975
12.854570914182837	3.0414082816563313
12.875575115023004	3.0456091218243646
12.896579315863173	3.0484096819363873
12.91758351670334	3.0526105221044206
12.93858771754351	3.0554110822164433
12.959591918383676	3.0582116423284655
12.980596119223845	3.061012202440488
13.001600320064012	3.0624124824964993
13.022604520904181	3.0652130426085216
13.043608721744349	3.0666133226645327
13.064612922584516	3.0680136027205442
13.085617123424685	3.0694138827765554
13.106621324264852	3.0708141628325665
13.127625525105021	3.0708141628325665
13.148629725945188	3.0708141628325665
13.169633926785357	3.0708141628325665
13.190638127625524	3.0708141628325665
13.211642328465693	3.0708141628325665
13.23264652930586	3.0694138827765554
13.25365073014603	3.0694138827765554
13.274654930986197	3.0680136027205442
13.295659131826365	3.0666133226645327
13.316663332666533	3.0638127625525104
13.337667533506702	3.0624124824964993
13.358671734346869	3.0596119223844767
13.379675935187038	3.0568113622724544
13.400680136027205	3.054010802160432
13.421684336867374	3.0512102420484095
13.442688537707541	3.0484096819363873
13.46369273854771	3.0442088417683535
13.484696939387877	3.0414082816563313
13.505701140228044	3.0372074414882975
13.526705341068213	3.033006601320264
13.54770954190838	3.027405481096219
13.56871374274855	3.0232046409281854
13.589717943588717	3.017603520704141
13.610722144428886	3.013402680536107
13.631726345269053	3.0078015603120623
13.652730546109222	3.0008001600320062
13.673734746949389	2.9951990398079613
13.694738947789558	2.989597919583917
13.715743148629725	2.982596519303861
13.736747349469894	2.975595119023805
13.757751550310061	2.9685937187437488
13.77875575115023	2.9615923184636928
13.799759951990398	2.9545909181836367
13.820764152830566	2.9475895179035807
13.841768353670734	2.9391878375675136
13.862772554510903	2.9321864372874575
13.88377675535107	2.9237847569513904
13.904780956191239	2.915383076615323
13.925785157031406	2.9069813962792557
13.946789357871573	2.8985797159431885
13.967793558711742	2.8887777555511103
13.98879775955191	2.880376075215043
14.009801960392078	2.8719743948789755
14.030806161232245	2.8621724344868973
14.051810362072414	2.85377075415083
14.072814562912582	2.843968793758752
14.09381876375275	2.8355671134226843
14.114822964592918	2.825765153030606
14.135827165433087	2.817363472694539
14.156831366273254	2.80756151230246
14.177835567113423	2.799159831966393
14.19883976795359	2.789357871574315
14.219843968793759	2.7795559111822365
14.240848169633926	2.771154230846169
14.261852370474095	2.762752550510102
14.282856571314262	2.7529505901180236
14.303860772154431	2.7445489097819564
14.324864972994598	2.7361472294458893
14.345869173834767	2.7263452690538106
14.366873374674935	2.7179435887177434
14.387877575515102	2.7095419083816763
14.40888177635527	2.701140228045609
14.429885977195438	2.694138827765553
14.450890178035607	2.685737147429486
14.471894378875774	2.6773354670934184
14.492898579715943	2.6703340668133624
14.51390278055611	2.663332666533307
14.53490698139628	2.654930986197239
14.555911182236446	2.647929585917183
14.576915383076615	2.640928185637127
14.597919583916783	2.6353270654130827
14.618923784756952	2.6283256651330267
14.639927985597119	2.6227245449089818
14.660932186437288	2.6157231446289257
14.681936387277455	2.610122024404881
14.702940588117624	2.604520904180836
14.723944788957791	2.5989197839567915
14.74494898979796	2.5947189437887577
14.765953190638127	2.5891178235647128
14.786957391478296	2.5849169833966794
14.807961592318463	2.5807161432286456
14.82896579315863	2.5751150230046007
14.8499699939988	2.5723144628925785
14.870974194838967	2.5681136227245447
14.891978395679136	2.5639127825565113
14.912982596519303	2.5611122224444887
14.933986797359472	2.5583116623324664
14.954990998199639	2.555511102220444
14.975995199039808	2.5527105421084215
14.996999399879975	2.5499099819963993
15.018003600720144	2.548509701940388
15.039007801560311	2.5457091418283655
15.06001200240048	2.5443088617723544
15.081016203240647	2.5429085817163433
15.102020404080816	2.541508301660332
15.123024604920984	2.541508301660332
15.144028805761153	2.5401080216043206
15.16503300660132	2.5401080216043206
15.186037207441489	2.5401080216043206
15.207041408281656	2.5387077415483095
15.228045609121825	2.5387077415483095
15.249049809961992	2.5401080216043206
15.270054010802161	2.5401080216043206
15.291058211642328	2.541508301660332
15.312062412482495	2.541508301660332
15.333066613322664	2.5429085817163433
15.354070814162831	2.5443088617723544
15.375075015003	2.5457091418283655
15.396079215843168	2.5471094218843766
15.417083416683337	2.548509701940388
15.438087617523504	2.5513102620524104
15.459091818363673	2.5527105421084215
15.48009601920384	2.555511102220444
15.501100220044009	2.5583116623324664
15.522104420884176	2.5611122224444887
15.543108621724345	2.5639127825565113
15.564112822564512	2.5667133426685336
15.585117023404681	2.5695139027805562
15.606121224244848	2.5723144628925785
15.627125425085017	2.5751150230046007
15.648129625925185	2.5793158631726345
15.669133826765353	2.5821164232846567
15.69013802760552	2.5863172634526905
15.71114222844569	2.590518103620724
15.732146429285857	2.5947189437887577
15.753150630126024	2.59751950390078
15.774154830966193	2.6017203440688137
15.79515903180636	2.6059211842368475
15.81616323264653	2.610122024404881
15.837167433486696	2.6143228645729146
15.858171634326865	2.619923984796959
15.879175835167032	2.624124824964993
15.900180036007201	2.6283256651330267
15.921184236847369	2.63252650530106
15.942188437687538	2.638127625525105
15.963192638527705	2.6423284656931387
15.984196839367874	2.646529305861172
16.005201040208043	2.652130426085217
16.02620524104821	2.656331266253251
16.047209441888377	2.6619323864772952
16.068213642728544	2.666133226645329
16.089217843568715	2.671734346869374
16.110222044408882	2.6759351870374073
16.13122624524905	2.681536307261452
16.152230446089217	2.685737147429486
16.173234646929387	2.6913382676535305
16.194238847769554	2.6955391078215643
16.21524304860972	2.701140228045609
16.23624724944989	2.7053410682136425
16.257251450290056	2.7109421884376874
16.278255651130227	2.715143028605721
16.299259851970394	2.7207441488297657
16.32026405281056	2.7249449889977995
16.34126825365073	2.7305461092218444
16.3622724544909	2.7347469493898777
16.383276655331066	2.7403480696139226
16.404280856171233	2.7445489097819564
16.4252850570114	2.7487497499499898
16.44628925785157	2.7543508701740347
16.46729345869174	2.7585517103420685
16.488297659531906	2.762752550510102
16.509301860372073	2.7669533906781356
16.530306061212244	2.7725545109021805
16.55131026205241	2.776755351070214
16.572314462892578	2.7809561912382477
16.593318663732745	2.785157031406281
16.614322864572916	2.789357871574315
16.635327065413083	2.7935587117423486
16.65633126625325	2.797759551910382
16.677335467093418	2.8019603920784157
16.698339667933585	2.804760952190438
16.719343868773755	2.8089617923584718
16.740348069613923	2.813162632526505
16.76135227045409	2.815963192638528
16.782356471294257	2.820164032806561
16.803360672134428	2.822964592918584
16.824364872974595	2.827165433086617
16.845369073814762	2.82996599319864
16.86637327465493	2.834166833366673
16.8873774754951	2.836967393478696
16.908381676335267	2.839767953590718
16.929385877175434	2.8425685137027403
16.9503900780156	2.845369073814763
16.971394278855772	2.8481696339267852
16.99239847969594	2.8509701940388075
17.013402680536107	2.85377075415083
17.034406881376274	2.8551710342068413
17.055411082216445	2.8579715943188635
17.076415283056612	2.860772154430886
17.09741948389678	2.8621724344868973
17.118423684736946	2.8649729945989195
17.139427885577113	2.866373274654931
17.160432086417284	2.867773554710942
17.18143628725745	2.8691738347669533
17.20244048809762	2.8705741148229644
17.223444688937786	2.8719743948789755
17.244448889777956	2.873374674934987
17.265453090618124	2.874774954990998
17.28645729145829	2.8761752350470093
17.307461492298458	2.8775755151030205
17.32846569313863	2.8775755151030205
17.349469893978796	2.8789757951590316
17.370474094818963	2.8789757951590316
17.39147829565913	2.880376075215043
17.4124824964993	2.880376075215043
17.433486697339468	2.880376075215043
17.454490898179635	2.880376075215043
17.475495099019803	2.8817763552710542
17.496499299859973	2.8817763552710542
17.51750350070014	2.8817763552710542
17.538507701540308	2.880376075215043
17.559511902380475	2.880376075215043
17.580516103220642	2.880376075215043
17.601520304060813	2.8789757951590316
17.62252450490098	2.8789757951590316
17.643528705741147	2.8789757951590316
17.664532906581314	2.8775755151030205
17.685537107421485	2.8761752350470093
17.706541308261652	2.8761752350470093
17.72754550910182	2.874774954990998
17.748549709941987	2.873374674934987
17.769553910782157	2.8719743948789755
17.790558111622325	2.8705741148229644
17.81156231246249	2.8691738347669533
17.83256651330266	2.867773554710942
17.85357071414283	2.866373274654931
17.874574914982997	2.8649729945989195
17.895579115823164	2.8635727145429084
17.91658331666333	2.860772154430886
17.937587517503502	2.859371874374875
17.95859171834367	2.8579715943188635
17.979595919183836	2.8551710342068413
18.000600120024004	2.85377075415083
18.02160432086417	2.8509701940388075
18.04260852170434	2.8495699139827964
18.06361272254451	2.846769353870774
18.084616923384676	2.843968793758752
18.105621124224843	2.8425685137027403
18.126625325065014	2.839767953590718
18.14762952590518	2.836967393478696
18.168633726745348	2.834166833366673
18.189637927585515	2.831366273254651
18.210642128425686	2.82996599319864
18.231646329265853	2.827165433086617
18.25265053010602	2.824364872974595
18.273654730946188	2.8215643128625723
18.29465893178636	2.81876375275055
18.315663132626526	2.815963192638528
18.336667333466693	2.813162632526505
18.35767153430686	2.810362072414483
18.37867573514703	2.80756151230246
18.399679935987198	2.804760952190438
18.420684136827365	2.8019603920784157
18.441688337667532	2.797759551910382
18.4626925385077	2.7949589917983597
18.48369673934787	2.792158431686337
18.504700940188037	2.789357871574315
18.525705141028205	2.7865573114622926
18.54670934186837	2.78375675135027
18.567713542708542	2.7809561912382477
18.58871774354871	2.778155631126225
18.609721944388877	2.7739547909581916
18.630726145229044	2.771154230846169
18.651730346069215	2.7683536707341467
18.672734546909382	2.7655531106221245
18.69373874774955	2.762752550510102
18.714742948589716	2.7599519903980796
18.735747149429887	2.757151430286057
18.756751350270054	2.7543508701740347
18.77775555111022	2.7515503100620124
18.79875975195039	2.7487497499499898
18.81976395279056	2.7459491898379675
18.840768153630727	2.7431486297259453
18.861772354470894	2.7403480696139226
18.88277655531106	2.7375475095019004
18.903780756151228	2.7347469493898777
18.9247849569914	2.7319463892778555
18.945789157831566	2.7291458291658333
18.966793358671733	2.7263452690538106
18.9877975595119	2.7235447089417884
19.00880176035207	2.7207441488297657
19.02980596119224	2.7179435887177434
19.050810162032406	2.7165433086617323
19.071814362872573	2.7137427485497096
19.092818563712743	2.7109421884376874
19.11382276455291	2.708141628325665
19.134826965393078	2.706741348269654
19.155831166233245	2.7039407881576314
19.176835367073416	2.701140228045609
19.197839567913583	2.6983396679335865
19.21884376875375	2.6969393878775754
19.239847969593917	2.694138827765553
19.260852170434088	2.692738547709542
19.281856371274255	2.6899379875975193
19.302860572114422	2.687137427485497
19.32386477295459	2.685737147429486
19.344868973794757	2.6829365873174633
19.365873174634928	2.681536307261452
19.386877375475095	2.67873574714943
19.407881576315262	2.6773354670934184
19.42888577715543	2.6759351870374073
19.4498899779956	2.673134626925385
19.470894178835767	2.671734346869374
19.491898379675934	2.6703340668133624
19.5129025805161	2.6689337867573513
19.533906781356272	2.66753350670134
19.55491098219644	2.664732946589318
19.575915183036606	2.663332666533307
19.596919383876774	2.6619323864772952
19.617923584716944	2.660532106421284
19.63892778555711	2.660532106421284
19.65993198639728	2.659131826365273
19.680936187237446	2.657731546309262
19.701940388077617	2.656331266253251
19.722944588917784	2.656331266253251
19.74394878975795	2.654930986197239
19.76495299059812	2.653530706141228
19.785957191438285	2.653530706141228
19.806961392278456	2.653530706141228
19.827965593118623	2.652130426085217
19.84896979395879	2.652130426085217
19.869973994798958	2.652130426085217
19.89097819563913	2.652130426085217
19.911982396479296	2.650730146029206
19.932986597319463	2.650730146029206
19.95399079815963	2.652130426085217
19.9749949989998	2.652130426085217
19.995999199839968	2.652130426085217
20.017003400680135	2.652130426085217
20.038007601520302	2.653530706141228
20.059011802360473	2.653530706141228
20.08001600320064	2.653530706141228
20.101020204040807	2.654930986197239
20.122024404880975	2.656331266253251
20.143028605721145	2.656331266253251
20.164032806561313	2.657731546309262
20.18503700740148	2.659131826365273
20.206041208241647	2.660532106421284
20.227045409081814	2.6619323864772952
20.248049609921985	2.663332666533307
20.269053810762152	2.664732946589318
20.29005801160232	2.666133226645329
20.311062212442486	2.66753350670134
20.332066413282657	2.6689337867573513
20.353070614122824	2.6703340668133624
20.37407481496299	2.673134626925385
20.39507901580316	2.674534906981396
20.41608321664333	2.6773354670934184
20.437087417483497	2.67873574714943
20.458091618323664	2.681536307261452
20.47909581916383	2.6829365873174633
20.500100020004002	2.685737147429486
20.52110422084417	2.687137427485497
20.542108421684336	2.6899379875975193
20.563112622524503	2.692738547709542
20.584116823364674	2.6955391078215643
20.60512102420484	2.6969393878775754
20.62612522504501	2.699739947989598
20.647129425885176	2.7025405081016203
20.668133626725343	2.7053410682136425
20.689137827565514	2.708141628325665
20.71014202840568	2.7109421884376874
20.731146229245848	2.7137427485497096
20.752150430086015	2.7165433086617323
20.773154630926186	2.7193438687737546
20.794158831766353	2.7221444288857772
20.81516303260652	2.7249449889977995
20.836167233446687	2.7277455491098217
20.857171434286858	2.7305461092218444
20.878175635127025	2.7333466693338666
20.899179835967193	2.7361472294458893
20.92018403680736	2.7389477895579115
20.94118823764753	2.7417483496699337
20.962192438487698	2.7445489097819564
20.983196639327865	2.7473494698939787
21.004200840168032	2.7501500300060013
21.025205041008203	2.7529505901180236
21.04620924184837	2.755751150230046
21.067213442688537	2.7585517103420685
21.088217643528704	2.7613522704540907
21.109221844368875	2.764152830566113
21.130226045209042	2.7669533906781356
21.15123024604921	2.769753950790158
21.172234446889377	2.7725545109021805
21.193238647729544	2.7739547909581916
21.214242848569715	2.776755351070214
21.23524704940988	2.7795559111822365
21.25625125025005	2.782356471294259
21.277255451090216	2.785157031406281
21.298259651930387	2.7865573114622926
21.319263852770554	2.789357871574315
21.34026805361072	2.792158431686337
21.36127225445089	2.7935587117423486
21.38227645529106	2.796359271854371
21.403280656131226	2.797759551910382
21.424284856971394	2.8005601120224046
21.44528905781156	2.8019603920784157
21.46629325865173	2.804760952190438
21.4872974594919	2.806161232246449
21.508301660332066	2.80756151230246
21.529305861172233	2.810362072414483
21.550310062012404	2.811762352470494
21.57131426285257	2.813162632526505
21.592318463692738	2.8145629125825162
21.613322664532905	2.815963192638528
21.634326865373072	2.817363472694539
21.655331066213243	2.81876375275055
21.67633526705341	2.820164032806561
21.697339467893578	2.8215643128625723
21.718343668733745	2.822964592918584
21.739347869573916	2.822964592918584
21.760352070414083	2.824364872974595
21.78135627125425	2.825765153030606
21.802360472094417	2.825765153030606
21.823364672934588	2.827165433086617
21.844368873774755	2.827165433086617
21.865373074614922	2.8285657131426283
21.88637727545509	2.8285657131426283
21.90738147629526	2.82996599319864
21.928385677135427	2.82996599319864
21.949389877975594	2.82996599319864
21.97039407881576	2.82996599319864
21.991398279655932	2.82996599319864
22.0124024804961	2.82996599319864
22.033406681336267	2.82996599319864
22.054410882176434	2.82996599319864
22.0754150830166	2.82996599319864
22.096419283856772	2.82996599319864
22.11742348469694	2.82996599319864
22.138427685537106	2.82996599319864
22.159431886377273	2.8285657131426283
22.180436087217444	2.8285657131426283
22.20144028805761	2.8285657131426283
22.22244448889778	2.827165433086617
22.243448689737946	2.827165433086617
22.264452890578116	2.825765153030606
22.285457091418284	2.825765153030606
22.30646129225845	2.824364872974595
22.327465493098618	2.822964592918584
22.34846969393879	2.822964592918584
22.369473894778956	2.8215643128625723
22.390478095619123	2.820164032806561
22.41148229645929	2.81876375275055
22.43248649729946	2.81876375275055
22.45349069813963	2.817363472694539
22.474494898979795	2.815963192638528
22.495499099819963	2.8145629125825162
22.51650330066013	2.813162632526505
22.5375075015003	2.811762352470494
22.558511702340468	2.810362072414483
22.579515903180635	2.8089617923584718
22.600520104020802	2.806161232246449
22.621524304860973	2.804760952190438
22.64252850570114	2.803360672134427
22.663532706541307	2.8019603920784157
22.684536907381474	2.799159831966393
22.705541108221645	2.797759551910382
22.726545309061812	2.796359271854371
22.74754950990198	2.7935587117423486
22.768553710742147	2.792158431686337
22.789557911582317	2.789357871574315
22.810562112422485	2.7879575915183037
22.831566313262652	2.7865573114622926
22.85257051410282	2.78375675135027
22.87357471494299	2.7809561912382477
22.894578915783157	2.7795559111822365
22.915583116623324	2.776755351070214
22.93658731746349	2.7753550710142028
22.95759151830366	2.7725545109021805
22.97859571914383	2.771154230846169
22.999599919983996	2.7683536707341467
23.020604120824164	2.7655531106221245
23.04160832166433	2.764152830566113
23.0626125225045	2.7613522704540907
23.08361672334467	2.7599519903980796
23.104620924184836	2.757151430286057
23.125625125025003	2.7543508701740347
23.146629325865174	2.7529505901180236
23.16763352670534	2.7501500300060013
23.18863772754551	2.7473494698939787
23.209641928385675	2.7459491898379675
23.230646129225846	2.7431486297259453
23.251650330066013	2.7417483496699337
23.27265453090618	2.7389477895579115
23.293658731746348	2.7375475095019004
23.31466293258652	2.7347469493898777
23.335667133426686	2.7333466693338666
23.356671334266853	2.7305461092218444
23.37767553510702	2.7291458291658333
23.398679735947187	2.7263452690538106
23.419683936787358	2.7249449889977995
23.440688137627525	2.7235447089417884
23.461692338467692	2.7207441488297657
23.48269653930786	2.7193438687737546
23.50370074014803	2.7179435887177434
23.524704940988197	2.715143028605721
23.545709141828365	2.7137427485497096
23.566713342668532	2.7123424684936985
23.587717543508703	2.7109421884376874
23.60872174434887	2.7095419083816763
23.629725945189037	2.708141628325665
23.650730146029204	2.706741348269654
23.671734346869375	2.7053410682136425
23.692738547709542	2.7039407881576314
23.71374274854971	2.7025405081016203
23.734746949389876	2.701140228045609
23.755751150230047	2.701140228045609
23.776755351070214	2.699739947989598
23.79775955191038	2.6983396679335865
23.81876375275055	2.6969393878775754
23.839767953590716	2.6969393878775754
23.860772154430887	2.6955391078215643
23.881776355271054	2.6955391078215643
23.90278055611122	2.694138827765553
23.923784756951388	2.694138827765553
23.94478895779156	2.694138827765553
23.965793158631726	2.692738547709542
23.986797359471893	2.692738547709542
24.00780156031206	2.692738547709542
24.02880576115223	2.692738547709542
24.0498099619924	2.6913382676535305
24.070814162832566	2.6913382676535305
24.091818363672733	2.6913382676535305
24.112822564512904	2.6913382676535305
24.13382676535307	2.6913382676535305
24.154830966193238	2.6913382676535305
24.175835167033405	2.6913382676535305
24.196839367873576	2.692738547709542
24.217843568713743	2.692738547709542
24.23884776955391	2.692738547709542
24.259851970394077	2.692738547709542
24.280856171234245	2.694138827765553
24.301860372074415	2.694138827765553
24.322864572914582	2.694138827765553
24.34386877375475	2.6955391078215643
24.364872974594917	2.6955391078215643
24.385877175435088	2.6969393878775754
24.406881376275255	2.6969393878775754
24.427885577115422	2.6983396679335865
24.44888977795559	2.699739947989598
24.46989397879576	2.699739947989598
24.490898179635927	2.701140228045609
24.511902380476094	2.701140228045609
24.53290658131626	2.7025405081016203
24.553910782156432	2.7039407881576314
24.5749149829966	2.7053410682136425
24.595919183836767	2.7053410682136425
24.616923384676934	2.706741348269654
24.637927585517104	2.708141628325665
24.65893178635727	2.7095419083816763
24.67993598719744	2.7109421884376874
24.700940188037606	2.7123424684936985
24.721944388877773	2.7137427485497096
24.742948589717944	2.7137427485497096
24.76395279055811	2.715143028605721
24.78495699139828	2.7165433086617323
24.805961192238446	2.7179435887177434
24.826965393078616	2.7193438687737546
24.847969593918783	2.7207441488297657
24.86897379475895	2.7221444288857772
24.889977995599118	2.7235447089417884
24.91098219643929	2.7249449889977995
24.931986397279456	2.7263452690538106
24.952990598119623	2.7277455491098217
24.97399479895979	2.7291458291658333
24.99499899979996	2.7305461092218444
