0.0	0.023633191041063636
0.019603920784156834	0.02368441872521051
0.03920784156831367	0.02376302243623599
0.058811762352470494	0.02386934231389184
0.07841568313662733	0.024003848309548048
0.09801960392078415	0.024167154407982505
0.11762352470494099	0.024360038657395992
0.13722744548909782	0.02458347284766295
0.15683136627325467	0.024838669693752768
0.1764352870574115	0.025127167915833807
0.1960392078415683	0.025451029173945823
0.21564312862572516	0.025813372286315774
0.23524704940988198	0.026219394775841634
0.2548509701940388	0.026676711972274357
0.27445489097819564	0.027192252391286465
0.2940588117623525	0.027765525361591603
0.31366273254650934	0.028384193203260806
0.33326665333066613	0.02902815743683445
0.352870574114823	0.029679913728861092
0.3724744948989798	0.030332730536498008
0.3920784156831366	0.030991716022273578
0.41168233646729346	0.03166963366995371
0.4312862572514503	0.032381742043556046
0.45089017803560716	0.0331422687999475
0.47049409881976395	0.03396293627268666
0.4900980196039208	0.03485290392382202
0.5097019403880776	0.0358193819013683
0.5293058611722344	0.03686841170715191
0.5489097819563913	0.038005564996738246
0.5685137027405481	0.039236479433496285
0.588117623524705	0.04056723607047112
0.6077215443088618	0.04200461530337475
0.6273254650930187	0.0435562734045254
0.6469293858771754	0.04523087514483903
0.6665333066613323	0.04703820865956696
0.6861372274454891	0.048989300355298714
0.705741148229646	0.0510965415112707
0.7253450690138028	0.053373834288114846
0.7449489897979596	0.05583676266920856
0.7645529105821165	0.058502792912425265
0.7841568313662732	0.061391507964948494
0.8037607521504301	0.06452488069935353
0.8233646729345869	0.06792759158551405
0.8429685937187438	0.07162739742329968
0.8625725145029006	0.07565555898488571
0.8821764352870575	0.08004733684765873
0.9017803560712143	0.08484256635454769
0.9213842768553712	0.09008632454242776
0.9409881976395279	0.09582970405190375
0.9605921184236847	0.10213071147246634
0.9801960392078416	0.10905531023367356
0.9997999599919984	0.1166786308794026
1.0194038807761552	0.12508637406662196
1.0390078015603121	0.1343764334270589
1.0586117223444689	0.14466076580283452
1.0782156431286258	0.15606753432873094
1.0978195639127826	0.16874354404267009
1.1174234846969395	0.18285697826639588
1.1370274054810963	0.19860042409428585
1.156631326265253	0.2161941427534567
1.17623524704941	0.23588948948302485
1.1958391678335667	0.2579723108505295
1.2154430886177237	0.2827660384626515
1.2350470094018804	0.3106340535456826
1.2546509301860373	0.34198072068209096
1.274254850970194	0.3772502968924992
1.2938587717543508	0.41692274891532155
1.3134626925385078	0.46150541914639653
1.3330666133226645	0.5115195644233125
1.3526705341068215	0.5674811695843911
1.3722744548909782	0.6298762084741311
1.3918783756751352	0.699131692873865
1.411482296459292	0.7755852407240948
1.4310862172434486	0.8594571239523587
1.4506901380276056	0.9508293134815775
1.4702940588117623	1.0496355199957317
1.4898979795959193	1.1556645906141894
1.509501900380076	1.2685772451656057
1.529105821164233	1.3879336673264062
1.5487097419483897	1.5132276383818606
1.5683136627325465	1.6439222903246107
1.5879175835167034	1.7794831226514984
1.6075215043008602	1.9194049237485677
1.6271254250850171	2.0632298990571813
1.6467293458691739	2.2105544487819833
1.6663332666533308	2.3610217716090944
1.6859371874374875	2.514296739636287
1.7055411082216445	2.67001815221702
1.7251450290058012	2.8277217648305024
1.744748949789958	2.986726467946814
1.764352870574115	3.1459780570661215
1.7839567913582717	3.3038543958534565
1.8035607121424286	3.457957801052814
1.8231646329265854	3.604957336102827
1.8427685537107423	3.7405842814883874
1.862372474494899	3.859894381286762
1.8819763952790558	3.957845538229861
1.9015803160632128	4.030092695676677
1.9211842368473695	4.073751742797224
1.9407881576315265	4.08785575305617
1.9603920784156832	4.073363220550869
1.9799959991998402	4.032781660046032
1.9995999199839969	3.9696001881814906
2.019203840768154	3.8877276544202815
2.0388077615523104	3.791055477943494
2.0584116823364673	3.6831788047739105
2.0780156031206243	3.56725550347781
2.0976195239047812	3.4459627807300817
2.1172234446889378	3.3215126897824314
2.1368273654730947	3.1956975175726647
2.1564312862572517	3.0699463868116768
2.176035207041408	2.9453824678982703
2.195639127825565	2.8228755515812884
2.215243048609722	2.703087924498819
2.234846969393879	2.5865132135359983
2.2544508901780356	2.473508692484081
2.2740548109621925	2.3643218682193172
2.2936587317463495	2.259112226988628
2.313262652530506	2.157968964154914
2.332866573314663	2.060925417579121
2.35247049409882	1.9679708124894608
2.372074414882977	1.8790598204689093
2.3916783356671334	1.7941203430021284
2.4112822564512904	1.7130598520117015
2.4308861772354473	1.6357705551638235
2.450490098019604	1.5621336009452758
2.470094018803761	1.4920224959779644
2.4896979395879177	1.4253058731695254
2.5093018603720747	1.3618497226342379
2.528905781156231	1.3015191765202394
2.548509701940388	1.2441799227449624
2.568113622724545	1.1896993101151583
2.5877175435087016	1.1379471974919195
2.6073214642928586	1.0887965918186253
2.6269253850770156	1.0421241133861636
2.6465293058611725	0.9978103212420397
2.666133226645329	0.9557399268680165
2.685737147429486	0.9158019199741383
2.705341068213643	0.8778896263872358
2.7249449889977995	0.8419007145076582
2.7445489097819564	0.8077371636608266
2.7641528305661134	0.7753052048864497
2.7837567513502703	0.7445152422956272
2.803360672134427	0.7152817610849637
2.822964592918584	0.6875232266167145
2.8425685137027408	0.6611619776323818
2.8621724344868973	0.6361241156316229
2.8817763552710542	0.6123393916791273
2.901380276055211	0.5897410913563009
2.920984196839368	0.5682659182091867
2.9405881176235247	0.5478538758195474
2.9601920384076816	0.5284481485082341
2.9797959591918386	0.5099949806415316
2.999399879975995	0.4924435545312466
3.019003800760152	0.4757458669830313
3.038607721544309	0.45985660464383
3.058211642328466	0.44473301841968693
3.0778155631126225	0.4303347973709546
3.0974194838967795	0.41662394263367486
3.1170234046809364	0.4035646420524559
3.136627325465093	0.3911231463291462
3.15623124624925	0.37926764758050235
3.175835167033407	0.3679681612456134
3.195439087817564	0.35719641228189347
3.2150430086017203	0.34692572653302106
3.2346469293858773	0.33713092804439027
3.2542508501700342	0.32778824294756453
3.273854770954191	0.31887521034526684
3.2934586917383477	0.31037060041609976
3.3130626125225047	0.3022543397383575
3.3326665333066616	0.294507443619806
3.352270454090818	0.28711195502846354
3.371874374874975	0.28005088955904706
3.391478295659132	0.2733081857484971
3.411082216443289	0.26686865997624076
3.4306861372274455	0.26071796515169193
3.4502900580116025	0.25484255240117965
3.4698939787957594	0.24922963501479306
3.489497899579916	0.24386715399445114
3.509101820364073	0.23874374465026213
3.52870574114823	0.23384870381459238
3.548309661932387	0.22917195737348378
3.5679135827165434	0.22470402794465122
3.5875175035007003	0.22043600265248622
3.6071214242848573	0.21635950105669688
3.626725345069014	0.21246664337743051
3.6463292658531707	0.20875001922273534
3.6659331866373277	0.20520265706280066
3.6855371074214847	0.20181799471012038
3.705141028205641	0.19858985105780938
3.724744948989798	0.19551239930322353
3.744348869773955	0.1925801418451249
3.7639527905581116	0.1897878869945614
3.7835567113422686	0.18713072758701582
3.8031606321264255	0.18460402153039918
3.8227645529105825	0.18220337427360211
3.842368473694739	0.1799246231362395
3.861972394478896	0.1777638234036625
3.881576315263053	0.17571723606320708
3.9011802360472094	0.17378131703814623
3.9207841568313664	0.17195270776452187
3.9403880776155233	0.17022822695209022
3.9599919983996803	0.16860486337290523
3.979595919183837	0.16707976952835177
3.9991998399679938	0.16565025605644934
4.01880376075215	0.16431378675479213
4.038407681536308	0.16306797410951
4.058011602320464	0.16191057523622407
4.077615523104621	0.16083948815440577
4.097219443888778	0.15985274833126625
4.116823364672935	0.1589485254449191
4.136427285457091	0.15812512032880163
4.1560312062412486	0.15738096207007732
4.175635127025405	0.15671460524391975
4.1952390478095625	0.1561247272732254
4.214842968593719	0.15561012590949155
4.2344468893778755	0.15516971683545072
4.254050810162033	0.15480253139369282
4.273654730946189	0.15450771444809913
4.293258651730346	0.15428452238659376
4.312862572514503	0.15413232127464085
4.33246649329866	0.15405058516922102
4.352070414082816	0.1540388946028332
4.371674334866974	0.1540969352465012
4.39127825565113	0.15422449675992644
4.410882176435288	0.1544214718358946
4.430486097219444	0.15468785544489883
4.450090018003601	0.15502374428473326
4.469693938787758	0.1554293364385976
4.489297859571915	0.15590493124405738
4.508901780356071	0.15645092937406535
4.5285057011402285	0.1570678331301735
4.548109621924385	0.15775624694706797
4.567713542708542	0.1585168781066423
4.587317463492699	0.15935053765898574
4.6069213842768555	0.16025814154689771
4.626525305061012	0.16124071192983766
4.646129225845169	0.16229937870256933
4.665733146629326	0.1634353812031493
4.685337067413483	0.1646500701043237
4.70494098819764	0.16594490948181984
4.724544908981796	0.1673214790524395
4.744148829765954	0.1687814765742581
4.76375275055011	0.1703267204005923
4.783356671334267	0.17195915217870966
4.802960592118424	0.17368083968349163
4.822564512902581	0.17549397977541972
4.842168433686737	0.17740090147131557
4.861772354470895	0.17940406911520773
4.881376275255051	0.18150608563551845
4.900980196039208	0.18370969587343214
4.920584116823365	0.18601778996581536
4.940188037607522	0.18843340676438772
4.959791958391679	0.19095973727097026
4.9793958791758355	0.19360012806654642
4.998999799959992	0.19635808470953706
5.018603720744149	0.19923727507609124
5.038207641528306	0.20224153261230082
5.057811562312462	0.20537485946503706
5.07741548309662	0.20864142945454128
5.097019403880776	0.21204559084795668
5.116623324664933	0.21559186888862641
5.13622724544909	0.21928496803116151
5.155831166233247	0.22312977382697938
5.175435087017403	0.22713135439917162
5.195039007801561	0.23129496143915731
5.214642928585717	0.2356260306505663
5.234246849369875	0.2401301815581477
5.253850770154031	0.24481321659117253
5.273454690938188	0.2496811193417776
5.293058611722345	0.25474005188895005
5.312662532506502	0.25999635106837365
5.332266453290658	0.2654565235571426
5.3518703740748155	0.27112723963041196
5.371474294858972	0.2770153254344118
5.3910782156431285	0.28312775360697706
5.410682136427286	0.28947163206287285
5.430286057211442	0.296054190746835
5.449889977995599	0.3028827661425373
5.469493898779756	0.3099647833107553
5.489097819563913	0.31730773521506134
5.50870174034807	0.3249191590786592
5.528305661132227	0.3328066095017493
5.547909581916383	0.34097762805543924
5.567513502700541	0.3494397090560859
5.587117423484697	0.358200261213509
5.606721344268854	0.36726656483832815
5.626325265053011	0.37664572428830567
5.645929185837168	0.3863446153317874
5.665533106621324	0.3963698271088334
5.6851370274054815	0.4067275983783973
5.704740948189638	0.41742374775383695
5.724344868973795	0.4284635976502907
5.743948789757952	0.43985189169715677
5.7635527105421085	0.4515927054083602
5.783156631326266	0.463689349953601
5.802760552110422	0.4761442689366677
5.822364472894579	0.4889589281634223
5.841968393678736	0.5021336984731753
5.861572314462893	0.5156677318132932
5.881176235247049	0.5295588308572239
5.900780156031207	0.5438033125979728
5.920384076815363	0.5583958664860296
5.93998799759952	0.5733294078109582
5.959591918383677	0.5885949271292462
5.979195839167834	0.6041813365867557
5.99879975995199	0.6200753139301891
6.018403680736148	0.6362611447988229
6.038007601520304	0.6527205634914225
6.0576115223044615	0.6694325918019982
6.077215443088618	0.6863733747752412
6.096819363872775	0.7035160115417728
6.116423284656932	0.7208303791294923
6.1360272054410885	0.7382829478815471
6.155631126225245	0.7558365895468744
6.175235047009402	0.7734503838969566
6.194838967793559	0.7910794371506227
6.214442888577715	0.808674735101577
6.234046809361873	0.8261830641311645
6.253650730146029	0.8435470416478442
6.273254650930186	0.8607053006371802
6.292858571714343	0.8775928678619416
6.3124624924985	0.8941417601671385
6.332066413282657	0.9102817991423999
6.351670334066814	0.9259416147732569
6.37127425485097	0.9410497796349606
6.390878175635128	0.9555359932971684
6.410482096419284	0.9693322272408245
6.430086017203441	0.9823737460705265
6.449689937987598	0.9945999398346014
6.469293858771755	1.0059549306617852
6.488897779555911	1.0163879500372308
6.5085017003400685	1.0258535208908313
6.528105621124225	1.034311536888938
6.547709541908382	1.0417274614544434
6.567313462692539	1.0480731823855864
6.586917383476695	1.0533297182585517
6.606521304260853	1.05749408777221
6.626125225045009	1.0605940129736624
6.645729145829166	1.062714877416145
6.665333066613323	1.064041882081104
6.68493698739748	1.0649145715016854
6.704540908181636	1.0658789689931591
6.724144828965794	1.0677037818673283
6.74374874974995	1.0713054005804592
6.763352670534107	1.077519851145043
6.782956591318264	1.086710896216491
6.802560512102421	1.0983495058913935
6.822164432886578	1.110864442512688
6.8417683536707345	1.122008380406387
6.861372274454891	1.129606079229114
6.8809761952390485	1.1322155984211695
6.900580116023205	1.129349352505633
6.9201840368073615	1.1212899775949656
6.939787957591519	1.1087524715796706
6.959391878375675	1.0925936586019038
6.978995799159832	1.0736361640934404
6.998599719943989	1.0525904933148447
7.018203640728146	1.0300367518536624
7.037807561512302	1.0064347418177644
7.05741148229646	0.9821438819184409
7.077015403080616	0.9574439675380141
7.096619323864774	0.9325532753014605
7.11622324464893	0.9076431726347075
7.135827165433087	0.8828494700034188
7.155431086217244	0.8582810506825652
7.175035007001401	0.8340262447281533
7.194638927785557	0.810157151552274
7.2142428485697145	0.7867316734086812
7.233846769353871	0.7637922781668739
7.253450690138028	0.7413592220339307
7.273054610922185	0.7194141004900516
7.2926585317063415	0.6978689225738627
7.312262452490498	0.6765232389582342
7.331866373274655	0.6550368909963754
7.351470294058812	0.6329766355512206
7.371074214842969	0.6099729711212422
7.390678135627126	0.585917801366075
7.410282056411282	0.5610562108311277
7.42988597719544	0.5359034781306823
7.449489897979596	0.5110636187905654
7.469093818763753	0.4870694508435647
7.48869773954791	0.46430259865311707
7.508301660332067	0.442984429463932
7.527905581116223	0.42320457956966406
7.547509501900381	0.4049596926970899
7.567113422684537	0.38818816630804254
7.586717343468694	0.372796317657844
7.606321264252851	0.35867614732415265
7.625925185037008	0.3457165073286783
7.645529105821165	0.3338096310132247
7.6651330266053215	0.3228546158634333
7.684736947389478	0.3127590030572264
7.704340868173635	0.3034392212648134
7.723944788957792	0.29482038717810655
7.743548709741948	0.2868357682767121
7.763152630526106	0.27942609171330146
7.782756551310262	0.2725388064145594
7.802360472094419	0.26612735811595917
7.821964392878576	0.26015050841183374
7.841568313662733	0.25457171197069023
7.861172234446889	0.2493585563308812
7.880776155231047	0.2444822633188308
7.900380076015203	0.23991724836218556
7.919983996799361	0.2356407327237663
7.939587917583517	0.23163240330268628
7.959191838367674	0.22787411474196226
7.978795759151831	0.22434962891378257
7.9983996799359875	0.22104438728889808
8.018003600720144	0.217945312159448
8.0376075215043	0.21504063313454785
8.057211442288459	0.2123197357456783
8.076815363072615	0.209773029376746
8.096419283856772	0.20739183207057352
8.116023204640928	0.20516827006169422
8.135627125425085	0.2030951901482704
8.155231046209241	0.20116608324767096
8.1748349669934	0.19937501768452617
8.194438887777556	0.19771658094034208
8.214042808561713	0.196185828752935
8.23364672934587	0.19477824059456272
8.253250650130026	0.1934896806818133
8.272854570914182	0.19231636377988412
8.29245849169834	0.19125482516041584
8.312062412482497	0.19030189415692625
8.331666333266654	0.18945467083632864
8.35127025405081	0.18871050537013695
8.370874174834967	0.18806697974574246
8.390478095619125	0.1875218915075277
8.410082016403281	0.18707323926037334
8.429685937187438	0.18671920970509845
8.449289857971594	0.1864581660072431
8.468893778755751	0.18628863732797438
8.488497699539908	0.1862093093693602
8.508101620324066	0.1862190158063076
8.527705541108222	0.1863167304945571
8.547309461892379	0.18650156035867932
8.566913382676535	0.18677273887637189
8.586517303460692	0.18712962008582434
8.60612122424485	0.18757167305178304
8.625725145029007	0.1880984767334219
8.645329065813163	0.18870971520343938
8.66493298659732	0.1894051731731024
8.684536907381476	0.1901847317824172
8.704140828165633	0.19104836461834124
8.723744748949791	0.1919961339270644
8.743348669733948	0.19302818698899066
8.762952590518104	0.19414475262720057
8.78255651130226	0.19534613782195528
8.802160432086417	0.19663272440525847
8.821764352870575	0.19800496581068266
8.841368273654732	0.1994633838546217
8.860972194438888	0.20100856552589527
8.880576115223045	0.20264115976123417
8.900180036007201	0.20436187418464077
8.919783956791358	0.20617147178897227
8.939387877575516	0.20807076753836573
8.958991798359673	0.2100606248703165
8.97859571914383	0.212141952076375
8.998199639927986	0.21431569854053995
9.017803560712142	0.21658285081453268
9.037407481496299	0.21894442850924467
9.057011402280457	0.2214014799817785
9.076615323064614	0.22395507779767287
9.09621924384877	0.22660631394813227
9.115823164632927	0.2293562948023824
9.135427085417083	0.23220613577568397
9.155031006201241	0.2351569556940512
9.174634926985398	0.2382098708373896
9.194238847769554	0.24136598864359002
9.213842768553711	0.2446264010571264
9.233446689337867	0.24799217750692534
9.253050610122024	0.25146435749972645
9.272654530906182	0.2550439428168653
9.292258451690339	0.25873188930440016
9.311862372474495	0.2625290982487972
9.331466293258652	0.26643640733301555
9.351070214042808	0.27045458117079724
9.370674134826967	0.2745843014203059
9.390278055611123	0.27882615648196857
9.40988197639528	0.2831806307894923
9.429485897179436	0.2876480937075314
9.449089817963593	0.29222878805440394
9.46869373874775	0.29692281827357114
9.488297659531908	0.3017301382833153
9.507901580316064	0.3066505390401302
9.52750550110022	0.311683635857796
9.547109421884377	0.31682885553086765
9.566713342668534	0.32208542331834555
9.58631726345269	0.3274523498505823
9.605921184236848	0.3329284180298993
9.625525105021005	0.33851217000294764
9.645129025805161	0.3442018942904022
9.664732946589318	0.3499956131670945
9.684336867373474	0.3558910703930673
9.703940788157633	0.36188571940316067
9.72354470894179	0.36797671206956717
9.743148629725946	0.37416088815817106
9.762752550510102	0.3804347656053527
9.782356471294259	0.3867945317471639
9.801960392078415	0.3932360356372506
9.821564312862574	0.3997547815934656
9.84116823364673	0.4063459241156279
9.860772154430887	0.41300426431811355
9.880376075215043	0.41972424802064545
9.8999799959992	0.4264999656384249
9.919583916783358	0.43332515400812416
9.939187837567514	0.44019320027863496
9.958791758351671	0.44709714798400124
9.978395679135827	0.4540297053996251
9.997999599919984	0.46098325626032843
10.01760352070414	0.467949872888578
10.037207441488299	0.47492133174132234
10.056811362272455	0.4818891313323361
10.076415283056612	0.4888445124215783
10.096019203840768	0.4957784802817717
10.115623124624925	0.5026818287535694
10.135227045409081	0.5095451656836566
10.15483096619324	0.5163589392058568
10.174434886977396	0.5231134641772561
10.194038807761553	0.5297989479263964
10.21364272854571	0.5364055143201705
10.233246649329866	0.54292322502702
10.252850570114024	0.5493420967689914
10.27245449089818	0.5556521133425202
10.292058411682337	0.5618432312795898
10.311662332466494	0.5679053782504667
10.33126625325065	0.5738284437055814
10.350870174034807	0.5796022618357111
10.370474094818965	0.5852165876959571
10.390078015603121	0.5906610682627738
10.409681936387278	0.5959252112138795
10.429285857171434	0.6009983552417764
10.448889777955591	0.6058696466042748
10.46849369873975	0.6105280272305933
10.488097619523906	0.6149622398893331
10.507701540308062	0.6191608555601706
10.527305461092219	0.6231123271637956
10.546909381876375	0.6268050722025874
10.566513302660532	0.6302275847493811
10.58611722344469	0.6333685747867622
10.605721144228847	0.6362171304093158
10.625325065013003	0.6387628961545152
10.64492898579716	0.6409962590087315
10.664532906581316	0.642908532664748
10.684136827365473	0.644492130507251
10.703740748149631	0.6457407185743691
10.723344668933787	0.6466493412721175
10.742948589717944	0.6472145146992296
10.7625525105021	0.6474342848151456
10.782156431286257	0.6473082500884795
10.801760352070415	0.6468375504624889
10.821364272854572	0.646024826291503
10.840968193638728	0.6448741522321642
10.860572114422885	0.6433909518793293
10.880176035207041	0.6415818992393684
10.899779955991198	0.6394548129937251
10.919383876775356	0.6370185490042205
10.938987797559513	0.6342828957350515
10.95859171834367	0.6312584762955792
10.978195639127826	0.6279566597134627
10.997799559911982	0.6243894828900027
11.01740348069614	0.620569583523458
11.037007401480297	0.616510143165716
11.056611322264454	0.6122248385612413
11.07621524304861	0.6077277985687909
11.095819163832767	0.6030335633532337
11.115423084616923	0.5981570422203111
11.135027005401081	0.5931134664999732
11.154630926185238	0.587918334285539
11.174234846969394	0.5825873445905443
11.193838767753551	0.57713631953383
11.213442688537707	0.5715811144066429
11.233046609321866	0.5659375167832077
11.252650530106022	0.5602211370654193
11.272254450890179	0.554447293867958
11.291858371674335	0.5486308983454193
11.311462292458492	0.542786341874477
11.331066213242648	0.5369273914185038
11.350670134026807	0.5310670964550015
11.370274054810963	0.5252177106118907
11.38987797559512	0.5193906302358359
11.409481896379276	0.51359635111068
11.429085817163433	0.5078444435562821
11.44868973794759	0.502143545249002
11.468293658731747	0.4965013703720679
11.487897579515904	0.49092473315842877
11.50750150030006	0.48541958353823866
11.527105421084217	0.47999105243657153
11.546709341868373	0.4746435042598729
11.566313262652532	0.4693805942300059
11.585917183436688	0.4642053284380769
11.605521104220845	0.4591201247633407
11.625125025005001	0.45412687310606614
11.644728945789158	0.449226993693216
11.664332866573314	0.4444214925138491
11.683936787357473	0.4397110132144182
11.70354070814163	0.4350958850247171
11.723144628925786	0.4305761664891957
11.742748549709942	0.4261516849449781
11.762352470494099	0.4218220718186742
11.781956391278257	0.4175867939120418
11.801560312062414	0.41344518091561866
11.82116423284657	0.4093964494339661
11.840768153630727	0.4054397238304997
11.860372074414883	0.4015740542081822
11.87997599519904	0.397798431838402
11.899579915983198	0.39411180233748055
11.919183836767354	0.39051307687124986
11.938787757551511	0.3870011416453416
11.958391678335667	0.3835748659140948
11.977995599119824	0.3802331087157367
11.99759951990398	0.3769747245167861
12.017203440688139	0.3737985679252279
12.036807361472295	0.3707034976103813
12.056411282256452	0.3676883795478293
12.076015203040608	0.36475208969040784
12.095619123824765	0.3618935161510639
12.115223044608923	0.35911156097030106
12.13482696539308	0.3564051415297971
12.154430886177236	0.3537731916643976
12.174034806961393	0.35121466251689415
12.19363872774555	0.34872852317354647
12.213242648529706	0.3463137611130365
12.232846569313864	0.3439693824972273
12.25245049009802	0.3416944123286008
12.272054410882177	0.33948789449638006
12.291658331666333	0.33734889173099536
12.31126225245049	0.3352764854845852
12.330866173234648	0.33326977575356675
12.350470094018805	0.33132788085784465
12.370074014802961	0.3294499371899333
12.389677935587118	0.32763509894604925
12.409281856371274	0.32588253785008475
12.42888577715543	0.32419144288025725
12.44848969793959	0.3225610200071138
12.468093618723746	0.32099049195048907
12.487697539507902	0.31947909796189317
12.507301460292059	0.31802609363773005
12.526905381076215	0.316630750767649
12.546509301860372	0.3152923572212689
12.56611322264453	0.3140102168754715
12.585717143428687	0.312783649583458
12.605321064212843	0.31161199118581223
12.624924984997	0.3104945935629107
12.644528905781156	0.309430824727198
12.664132826565314	0.3084200689530827
12.68373674734947	0.3074617269415268
12.703340668133627	0.30655521601580893
12.722944588917784	0.3056999703444094
12.74254850970194	0.3048954411865281
12.762152430486097	0.30414109715538556
12.781756351270255	0.3034364244941546
12.801360272054412	0.30278092735916073
12.820964192838568	0.30217412810482264
12.840568113622725	0.3016155675647078
12.860172034406881	0.30110480532303363
12.87977595519104	0.3006414199709532
12.899379875975196	0.3002250093420111
12.918983796759353	0.29985519072124917
12.93858771754351	0.2995316010225753
12.958191638327666	0.29925389692917764
12.977795559111822	0.2990217549919675
12.99739947989598	0.2988348716812813
13.017003400680137	0.2986929633873349
13.036607321464293	0.2985957663652384
13.05621124224845	0.2985430366207118
13.075815163032606	0.29853454973301985
13.095419083816765	0.2985701006120275
13.115023004600921	0.29864950318672323
13.134626925385078	0.29877259002299206
13.154230846169234	0.2989392118688893
13.17383476695339	0.2991492371261609
13.193438687737547	0.2994025512472326
13.213042608521706	0.2996990560573956
13.232646529305862	0.3000386690024043
13.252250450090019	0.3004213223221742
13.271854370874175	0.3008469621517462
13.291458291658332	0.3013155475511026
13.311062212442488	0.3018270494658442
13.330666133226647	0.3023814496210995
13.350270054010803	0.3029787393513722
13.36987397479496	0.3036189183693211
13.389477895579116	0.3043019934767036
13.409081816363273	0.3050279772209057
13.42868573714743	0.3057968865006244
13.448289657931587	0.3066087411243609
13.467893578715744	0.3074635623254333
13.4874974994999	0.30836137123722335
13.507101420284057	0.3093021873323451
13.526705341068213	0.31028602682935746
13.546309261852372	0.31131290107056425
13.565913182636528	0.3123828148743349
13.585517103420685	0.31349576486526437
13.605121024204841	0.31465173778537125
13.624724944988998	0.3158507087894027
13.644328865773156	0.3170926397272017
13.663932786557313	0.3183774774159738
13.683536707341469	0.3197051519051899
13.703140628125626	0.3210755747367763
13.722744548909782	0.3224886372031626
13.742348469693939	0.3239442086057107
13.761952390478097	0.32544213451601617
13.781556311262253	0.32698223504256263
13.80116023204641	0.32856430310525114
13.820764152830566	0.33018810272038496
13.840368073614723	0.3318533672988242
13.85997199439888	0.33355979796020374
13.879575915183038	0.33530706186636783
13.899179835967194	0.3370947905775274
13.91878375675135	0.3389225784350829
13.938387677535507	0.3407899809756263
13.957991598319664	0.34269651338129853
13.977595519103822	0.34464164897249
13.997199439887979	0.3466248177497915
14.016803360672135	0.34864540499314667
14.036407281456292	0.3507027499272954
14.056011202240448	0.3527961444638176
14.075615123024605	0.3549248320313451
14.095219043808763	0.3570880065067447
14.11482296459292	0.3592848112612545
14.134426885377076	0.3615143383365537
14.154030806161233	0.36377562776651534
14.173634726945389	0.36606766706078125
14.193238647729547	0.36838939086621125
14.212842568513704	0.37073968082155206
14.23244648929786	0.3731173656191927
14.252050410082017	0.3755212212854994
14.271654330866173	0.3779499716878069
14.29125825165033	0.38040228927154757
14.310862172434488	0.38287679602514585
14.330466093218645	0.38537206466311125
14.350070014002801	0.38788662000919094
14.369673934786958	0.3904189405515369
14.389277855571114	0.3929674601306904
14.40888177635527	0.3955305697089319
14.428485697139429	0.39810661915647744
14.448089617923586	0.4006939189764337
14.467693538707742	0.4032907418768362
14.487297459491899	0.40589532408503554
14.506901380276055	0.40850586628786156
14.526505301060213	0.4111205340712047
14.54610922184437	0.41373745772579906
14.565713142628526	0.4163547312831637
14.585317063412683	0.41897041064793694
14.60492098419684	0.421582510701428
14.624524904980996	0.42418900126728226
14.644128825765154	0.42678780185483045
14.66373274654931	0.42937677512990385
14.683336667333467	0.43195371910733543
14.702940588117624	0.4345163581142823
14.72254450890178	0.43706233263863853
14.742148429685939	0.43958918825116877
14.761752350470095	0.4420943638718275
14.781356271254252	0.4445751797373406
14.800960192038408	0.447028825514886
14.820564112822565	0.44945234909106047
14.840168033606721	0.4518426466408853
14.85977195439088	0.45419645464240066
14.879375875175036	0.45651034454211437
14.898979795959193	0.4587807207889978
14.918583716743349	0.46100382293419995
14.938187637527506	0.46317573243565074
14.957791558311662	0.4652923847083723
14.97739547909582	0.46734958682206595
14.996999399879977	0.4693430410695295
15.016603320664133	0.4712683744180495
15.03620724144829	0.4731211736196968
15.055811162232446	0.4748970255072521
15.075415083016605	0.47659156175475764
15.095019003800761	0.47820050715175844
15.114622924584918	0.4797197302450219
15.134226845369074	0.4811452950568887
15.15383076615323	0.48247351250883935
15.173434686937387	0.48370099017171403
15.193038607721546	0.484824679034354
15.212642528505702	0.4858419161282996
15.232246449289859	0.4867504620595464
15.251850370074015	0.48754853276578114
15.271454290858172	0.4882348251212579
15.29105821164233	0.4888085363313219
15.310662132426486	0.4892693773735004
15.330266053210643	0.48961758103212405
15.3498699739948	0.4898539053210236
15.369473894778956	0.48997963327962546
15.389077815563112	0.48999657025087934
15.40868173634727	0.4899070397969236
15.428285657131427	0.48971387937429983
15.447889577915584	0.4894204367694255
15.46749349869974	0.48903056808074746
15.487097419483897	0.488548637718276
15.506701340268055	0.48797952046364457
15.526305261052212	0.48732860508252396
15.545909181836368	0.4866017982956398
15.565513102620525	0.4858055270902287
15.585117023404681	0.4849467363991468
15.604720944188838	0.4840328781208943
15.624324864972996	0.48307188636423115
15.643928785757153	0.48207213278283145
15.663532706541309	0.4810423550768482
15.683136627325466	0.4799915513914774
15.702740548109622	0.47892883369611966
15.722344468893779	0.47786323456467705
15.741948389677937	0.4768034643643626
15.761552310462093	0.4757576198841687
15.78115623124625	0.47473285091857526
15.800760152030406	0.473734998033161
15.820364072814563	0.47276822209950753
15.839967993598721	0.4718346532351762
15.859571914382878	0.470934092216326
15.879175835167034	0.4700637997643636
15.89877975595119	0.46921840698521705
15.918383676735347	0.46838997282220796
15.937987597519504	0.4675682017503906
15.957591518303662	0.466740818338803
15.977195439087819	0.4658940771109261
15.996799359871975	0.4650133694375983
16.01640328065613	0.4640838771096937
16.036007201440288	0.4630912170758733
16.055611122224445	0.46202202448440566
16.0752150430086	0.4608644308773211
16.094818963792758	0.45960840899908617
16.114422884576918	0.4582459722953676
16.134026805361074	0.45677123290374516
16.15363072614523	0.4551803345583716
16.173234646929387	0.45347128514629503
16.192838567713544	0.4516437175073611
16.2124424884977	0.4496986071135657
16.232046409281857	0.4476379726047829
16.251650330066013	0.4454645810137185
16.27125425085017	0.4431816749522759
16.290858171634326	0.4407927348257685
16.310462092418483	0.4383012857154189
16.330066013202643	0.43571075601861675
16.3496699339868	0.4330243930794211
16.369273854770956	0.43024523949238486
16.388877775555112	0.4273761720137205
16.40848169633927	0.4244200025422411
16.428085617123426	0.42137963703218473
16.447689537907582	0.4182582833360554
16.46729345869174	0.4150596931304318
16.486897379475895	0.4117884170315457
16.50650130026005	0.4084500469832792
16.526105221044208	0.405051417428017
16.545709141828365	0.40160073789062306
16.565313062612525	0.3981076350194298
16.58491698339668	0.39458309147034193
16.604520904180838	0.3910392809123227
16.624124824964994	0.3874893107793048
16.64372874574915	0.38394689493799644
16.663332666533307	0.380425985374759
16.682936587317464	0.376940394410573
16.70254050810162	0.3735034369399987
16.722144428885777	0.37012761671715483
16.741748349669933	0.36682437321389805
16.76135227045409	0.3636038975479745
16.78095619123825	0.36047501865304254
16.800560112022406	0.3574451550342258
16.820164032806563	0.3545203234626436
16.83976795359072	0.3517051937780933
16.859371874374876	0.34900317831574923
16.878975795159032	0.3464165449614045
16.89857971594319	0.3439465440681446
16.918183636727345	0.34159354108344775
16.937787557511502	0.33935714846757464
16.95739147829566	0.3372363521446861
16.976995399079815	0.33522962920545224
16.996599319863975	0.3333350548206965
17.01620324064813	0.3315503973179044
17.035807161432288	0.32987320113023183
17.055411082216445	0.32830085787918223
17.0750150030006	0.3268306662312194
17.094618923784758	0.32545988140941384
17.114222844568914	0.32418575537514194
17.13382676535307	0.3230055687489136
17.153430686137227	0.3219166555359988
17.173034606921384	0.320916421679533
17.19263852770554	0.3200023583951045
17.2122424484897	0.3191720511570082
17.231846369273857	0.318423185115204
17.251450290058013	0.31775354762915653
17.27105421084217	0.3171610285141205
17.290658131626326	0.3166436185097009
17.310262052410483	0.3161994064013205
17.32986597319464	0.3158265751535211
17.349469893978796	0.3155233973501495
17.369073814762952	0.31528823018047947
17.38867773554711	0.31511951016188267
17.408281656331265	0.3150157477483312
17.427885577115426	0.31497552193920964
17.447489497899582	0.31499747497398906
17.46709341868374	0.3150803071745923
17.486697339467895	0.31522277197812104
17.50630126025205	0.3154236711873492
17.525905181036208	0.31568185045446
17.545509101820365	0.31599619500435605
17.56511302260452	0.3163656255970221
17.584716943388678	0.31678909472344535
17.604320864172834	0.3172655830261402
17.62392478495699	0.31779409593305186
17.64352870574115	0.318373660492275
17.663132626525307	0.319003322394397
17.682736547309464	0.31968214316918114
17.70234046809362	0.32040919754360386
17.721944388877777	0.3211835709488148
17.741548309661933	0.32200435716435827
17.76115223044609	0.32287065608884036
17.780756151230246	0.3237815716271603
17.800360072014403	0.3247362096853708
17.81996399279856	0.32573367626516525
17.839567913582716	0.32677307565090397
17.859171834366872	0.32785350868296065
17.878775755151032	0.3289740711119877
17.89837967593519	0.330133852029471
17.917983596719345	0.3313319323706522
17.937587517503502	0.33256738348655923
17.95719143828766	0.3338392657825005
17.976795359071815	0.3351466274209445
17.99639927985597	0.33648850308723993
18.016003200640128	0.33786391281713873
18.035607121424285	0.3392718608855567
18.05521104220844	0.34071133475648263
18.074814962992598	0.3421813040943934
18.094418883776758	0.34368071983799087
18.114022804560914	0.34520851333752756
18.13362672534507	0.3467635955574487
18.153230646129227	0.34834485634654755
18.172834566913384	0.3499511637783097
18.19243848769754	0.3515813635646148
18.212042408481697	0.35323427854647055
18.231646329265853	0.3549087082659757
18.25125025005001	0.35660342862424294
18.270854170834166	0.3583171916305544
18.290458091618323	0.36004872524856985
18.310062012402483	0.3617967333459506
18.32966593318664	0.36355989575427766
18.349269853970796	0.36533686844661634
18.368873774754952	0.3671262838404824
18.38847769553911	0.368926751234259
18.408081616323265	0.3707368573852529
18.427685537107422	0.37255516723753584
18.44728945789158	0.3743802248074311
18.466893378675735	0.3762105542339464
18.48649729945989	0.3780446610006089
18.506101220244048	0.3798810333339734
18.525705141028208	0.3817181437826188
18.545309061812365	0.3835544509786887
18.56491298259652	0.3853884015820443
18.584516903380678	0.38721843240494846
18.604120824164834	0.389042972712936
18.62372474494899	0.3908604466952407
18.643328665733147	0.39266927609588986
18.662932586517304	0.39446788299440533
18.68253650730146	0.39625469272298475
18.702140428085617	0.3980281369050748
18.721744348869773	0.39978665659839696
18.741348269653933	0.40152870552366665
18.76095219043809	0.4032527533584746
18.780556111222246	0.4049572890739919
18.800160032006403	0.40664082429031606
18.81976395279056	0.40830189662441196
18.839367873574716	0.4099390730027351
18.858971794358872	0.41155095290883903
18.87857571514303	0.41313617153466753
18.898179635927185	0.41469340280292727
18.917783556711342	0.41622136222708106
18.9373874774955	0.41771880957520807
18.956991398279655	0.41918455130437565
18.976595319063815	0.4206174427333613
18.99619923984797	0.42201638992356283
19.015803160632128	0.42338035124081974
19.035407081416285	0.424708338574567
19.05501100220044	0.4259994181952097
19.074614922984598	0.4272527112357724
19.094218843768754	0.4284673937895994
19.11382276455291	0.42964269662206894
19.133426685337067	0.43077790450078046
19.153030606121224	0.43187235515536576
19.17263452690538	0.4329254378848184
19.19223844768954	0.43393659183691063
19.211842368473697	0.4349053039907376
19.231446289257853	0.4358311068795755
19.25105021004201	0.43671357609691897
19.270654130826166	0.4375523276336531
19.290258051610323	0.4383470150986728
19.30986197239448	0.4390973268787521
19.329465893178636	0.43980298329597073
19.349069813962792	0.4404637338223839
19.36867373474695	0.441079354411809
19.388277655531105	0.4416496450074906
19.407881576315265	0.4421744272819803
19.427485497099422	0.44265354266180545
19.44708941788358	0.4430868506844588
19.466693338667735	0.44347422772897027
19.48629725945189	0.4438155661539738
19.505901180236048	0.44411077386890024
19.525505101020205	0.4443597743549048
19.54510902180436	0.4445625071426285
19.564712942588518	0.4447189287441106
19.584316863372674	0.4448290140264075
19.60392078415683	0.44489275800498496
19.62352470494099	0.44491017802600236
19.643128625725147	0.4448813162984386
19.662732546509304	0.4448062427298434
19.68233646729346	0.4446850580135082
19.701940388077617	0.4445178969101702
19.721544308861773	0.4443049316640804
19.74114822964593	0.44404637549140213
19.760752150430086	0.4437424860784304
19.780356071214243	0.4433935690279599
19.7999599919984	0.44299998119415757
19.819563912782556	0.4425621338493307
19.839167833566716	0.4420804956298686
19.858771754350872	0.441555595213139
19.87837567513503	0.4409880236820666
19.897979595919185	0.4403784365393058
19.917583516703342	0.4397275553381832
19.9371874374875	0.43903616890279956
19.956791358271655	0.4383051341147353
19.97639527905581	0.43753537624866506
19.995999199839968	0.43672788884380614
20.015603120624125	0.43588373310255246
20.03520704140828	0.43500403681188676
20.05481096219244	0.4340899927873229
20.074414882976598	0.43314285684322895
20.094018803760754	0.4321639452975493
20.11362272454491	0.43115463202317644
20.133226645329067	0.4301163450626055
20.152830566113224	0.4290505628270431
20.17243448689738	0.4279588099057815
20.192038407681537	0.4268426525163827
20.211642328465693	0.4257036936309355
20.23124624924985	0.42454356781822294
20.250850170034006	0.4233639358459842
20.270454090818163	0.42216647909134547
20.290058011602323	0.4209528938108676
20.30966193238648	0.41972488532428354
20.329265853170636	0.41848416216780926
20.348869773954792	0.4172324302737645
20.36847369473895	0.4159713872330731
20.388077615523105	0.4147027166959871
20.407681536307262	0.4134280829640945
20.42728545709142	0.412149125823338
20.446889377875575	0.41086745566350835
20.46649329865973	0.40958464892453317
20.486097219443888	0.40830224390402853
20.505701140228048	0.40702173695415417
20.525305061012205	0.40574457908901007
20.54490898179636	0.4044721730167826
20.564512902580518	0.4032058706038455
20.584116823364674	0.40194697077117875
20.60372074414883	0.40069671781702015
20.623324664932987	0.39945630015375583
20.642928585717144	0.3982268494418307
20.6625325065013	0.3970094400990535
20.682136427285457	0.3958050891601147
20.701740348069613	0.39461475645852057
20.721344268853773	0.3934393451014016
20.74094818963793	0.39227970220678143
20.760552110422086	0.39113661987277676
20.780156031206243	0.3900108363487423
20.7997599519904	0.388903037379444
20.819363872774556	0.3878138576948081
20.838967793558712	0.38674388261951576
20.85857171434287	0.38569364977857873
20.878175635127025	0.3846636508769285
20.897779555911182	0.3836543335329226
20.91738347669534	0.3826661031474505
20.9369873974795	0.3816993247919767
20.956591318263655	0.3807543251004073
20.97619523904781	0.37983139415109
20.995799159831968	0.37893078732660757
21.015403080616124	0.37805272714029275
21.03500700140028	0.3771974050196504
21.054610922184438	0.37636498303809107
21.074214842968594	0.3755555955876259
21.09381876375275	0.37476935098642283
21.113422684536907	0.37400633301638303
21.133026605321064	0.37326660238717585
21.152630526105224	0.37255019812442686
21.17223444688938	0.37185713888099875
21.191838367673537	0.3711874241714956
21.211442288457693	0.37054103553123796
21.23104620924185	0.36991793760198893
21.250650130026006	0.3693180791476126
21.270254050810163	0.36874139400361516
21.28985797159432	0.36818780196512535
21.309461892378476	0.3676572096183118
21.329065813162632	0.367149511120477
21.34866973394679	0.36666458893414694
21.368273654730945	0.36620231452035806
21.387877575515105	0.3657625489960622
21.407481496299262	0.3653451437601573
21.42708541708342	0.3649499410920971
21.446689337867575	0.36457677472641387
21.46629325865173	0.3642254704058185
21.485897179435888	0.3638958464148566
21.505501100220044	0.36358771409546714
21.5251050210042	0.36330087834520186
21.544708941788357	0.3630351380983903
21.564312862572514	0.3627902867901729
21.58391678335667	0.3625661128030787
21.60352070414083	0.3623623998957229
21.623124624924987	0.36217892761319764
21.642728545709144	0.3620154716788411
21.6623324664933	0.36187180436724276
21.681936387277457	0.3617476948585743
21.701540308061613	0.3616429095745744
21.72114422884577	0.3615572124967507
21.740748149629926	0.36149036546755026
21.760352070414083	0.3614421284754008
21.77995599119824	0.3614122599245797
21.799559911982396	0.36140051689088454
21.819163832766556	0.3614066553639785
21.838767753550712	0.3614304304771622
21.85837167433487	0.36147159672511064
21.877975595119025	0.3615299081698844
21.897579515903182	0.36160511863526246
21.91718343668734	0.3616969818891825
21.936787357471495	0.3618052518138282
21.95639127825565	0.36192968256267344
21.975995199039808	0.36207002870361454
21.995599119823964	0.36222604534718567
22.01520304060812	0.36239748825875484
22.03480696139228	0.3625841139535753
22.054410882176438	0.36278567977356646
22.074014802960594	0.36300194394476226
22.09361872374475	0.36323266561446094
22.113222644528907	0.36347760486722813
22.132826565313064	0.3637365227190701
22.15243048609722	0.36400918108925273
22.172034406881377	0.36429534274943387
22.191638327665533	0.3645947712499627
22.21124224844969	0.3649072308234059
22.230846169233846	0.3652324862655581
22.250450090018006	0.3655703027943975
22.270054010802163	0.3659204458876641
22.28965793158632	0.36628268109993584
22.309261852370476	0.3666567738603007
22.328865773154632	0.36704248925192395
22.34846969393879	0.36743959177503716
22.368073614722945	0.3678478450950804
22.387677535507102	0.368267011777949
22.40728145629126	0.36869685301450716
22.426885377075415	0.36913712833673423
22.44648929785957	0.36958759532807506
22.46609321864373	0.3700480093307518
22.485697139427888	0.37051812315296706
22.505301060212044	0.37099768677909656
22.5249049809962	0.37148644708609446
22.544508901780357	0.37198414756945647
22.564112822564514	0.3724905280821721
22.58371674334867	0.3730053245901366
22.603320664132827	0.3735282689475315
22.622924584916984	0.37405908869564913
22.64252850570114	0.374597506888581
22.662132426485297	0.3751432419490983
22.681736347269453	0.3756960075578975
22.701340268053613	0.37625551257921197
22.72094418883777	0.37682146102555697
22.740548109621926	0.3773935520641022
22.760152030406083	0.37797148006686043
22.77975595119024	0.3785549347065205
22.799359871974396	0.37914360109935813
22.818963792758552	0.37973715999622704
22.83856771354271	0.3803352880221498
22.858171634326865	0.3809376579645208
22.877775555111022	0.38154393910937956
22.89737947589518	0.3821537976246278
22.91698339667934	0.38276689698843497
22.936587317463495	0.3833828984604234
22.95619123824765	0.38400146159252313
22.975795159031808	0.3846222447756609
22.995399079815964	0.3852449058176721
23.01500300060012	0.38586910254701867
23.034606921384277	0.38649449343604575
23.054210842168434	0.38712073823660875
23.07381476295259	0.3877474986199805
23.093418683736747	0.38837443881196293
23.113022604520904	0.389001226213138
23.132626525305064	0.3896275319931783
23.15223044608922	0.39025303164714575
23.171834366873377	0.39087740550075106
23.191438287657533	0.3915003391506885
23.21104220844169	0.39212152382541804
23.230646129225846	0.3927406566512186
23.250250050010003	0.3933574408080073
23.26985397079416	0.39397158555937406
23.289457891578316	0.39458280614155455
23.309061812362472	0.395190823496699
23.32866573314663	0.3957953638368176
23.34826965393079	0.39639615802622075
23.367873574714945	0.3969929407721546
23.387477495499102	0.3975854496156722
23.40708141628326	0.3981734237176094
23.426685337067415	0.3987566024378791
23.44628925785157	0.3993347237101802
23.465893178635728	0.3999075222186835
23.485497099419884	0.40047472738829293
23.50510102020404	0.40103606120572416
23.524704940988197	0.4015912358948291
23.544308861772354	0.40213995147627685
23.563912782556514	0.4026818932487598
23.58351670334067	0.40321672923612617
23.603120624124827	0.40374410765204666
23.622724544908984	0.40426365444068146
23.64232846569314	0.404774970957991
23.661932386477297	0.40527763186345794
23.681536307261453	0.40577118329566103
23.70114022804561	0.40625514140698066
23.720744148829766	0.40672899133238705
23.740348069613923	0.40719218666447565
23.75995199039808	0.4076441495014792
23.779555911182236	0.4080842711268313
23.799159831966396	0.4085119133680342
23.818763752750552	0.40892641066927965
23.83836767353471	0.409327072896822
23.857971594318865	0.4097131888789919
23.877575515103022	0.41008403066451643
23.89717943588718	0.4104388584641868
23.916783356671335	0.41077692622259293
23.93638727745549	0.41109748774936017
23.955991198239648	0.41139980332383014
23.975595119023804	0.41168314667399714
23.99519903980796	0.4119468122203389
24.01480296059212	0.41219012246829784
24.034406881376277	0.41241243542979594
24.054010802160434	0.4126131519543287
24.07361472294459	0.41279172285371724
24.093218643728747	0.4129476557111499
24.112822564512904	0.41308052127425576
24.13242648529706	0.41318995934299885
24.152030406081217	0.41327568407552684
24.171634326865373	0.4133374886480127
24.19123824764953	0.41337524921738555
24.210842168433686	0.41338892814800754
24.230446089217846	0.41337857647433274
24.250050010002003	0.41334433558106914
24.26965393078616	0.4132864380900675
24.289257851570316	0.41320520794913357
24.308861772354472	0.41310105972224725
24.32846569313863	0.41297449708356965
24.348069613922785	0.4128261105194984
24.36767353470694	0.4126565742443334
24.3872774554911	0.41246664233637453
24.406881376275255	0.412257144102983
24.42648529705941	0.4120289786857731
24.44608921784357	0.4117831089210868
24.465693138627728	0.41152055447651165
24.485297059411884	0.411242384291645
24.50490098019604	0.4109497083605614
24.524504900980197	0.41064366890444276
24.544108821764354	0.41032543099527774
24.56371274254851	0.40999617270505156
24.583316663332667	0.4096570748689444
24.602920584116823	0.40930931056513065
24.62252450490098	0.4089540344272359
24.642128425685137	0.4085923719177073
24.661732346469297	0.4082254087006915
24.681336267253453	0.40785418026092246
24.70094018803761	0.40747966192014534
24.720544108821766	0.4071027594043165
24.740148029605923	0.4067243001129972
24.75975195039008	0.406345025236834
24.779355871174236	0.40596558285974205
24.798959791958392	0.40558652216952623
24.81856371274255	0.4052082888843726
24.838167633526705	0.4048312219832771
24.85777155431086	0.4044555518064927
24.877375475095022	0.40408139956802375
24.89697939587918	0.4037087782966952
24.916583316663335	0.40333759519609
24.93618723744749	0.40296765538740953
24.955791158231648	0.40259866697383545
24.975395079015804	0.40223024734103274
24.99499899979996	0.40186193058670344
