0.0	4.850570114022805
0.019603920784156834	4.849169833966794
0.03920784156831367	4.847769553910783
0.058811762352470494	4.846369273854771
0.07841568313662733	4.842168433686738
0.09801960392078415	4.837967593518704
0.11762352470494099	4.832366473294659
0.13722744548909782	4.8267653530706145
0.15683136627325467	4.8197639527905585
0.1764352870574115	4.811362272454491
0.1960392078415683	4.801560312062413
0.21564312862572516	4.791758351670334
0.23524704940988198	4.7805561112222446
0.2548509701940388	4.767953590718144
0.27445489097819564	4.755351070214044
0.2940588117623525	4.7413482696539315
0.31366273254650934	4.725945189037808
0.33326665333066613	4.710542108421684
0.352870574114823	4.69373874774955
0.3724744948989798	4.675535107021405
0.3920784156831366	4.657331466293259
0.41168233646729346	4.637727545509102
0.4312862572514503	4.618123624724945
0.45089017803560716	4.597119423884777
0.47049409881976395	4.5747149429885985
0.4900980196039208	4.552310462092419
0.5097019403880776	4.529905981196239
0.5293058611722344	4.504700940188038
0.5489097819563913	4.479495899179836
0.5685137027405481	4.4542908581716345
0.588117623524705	4.427685537107422
0.6077215443088618	4.401080216043209
0.6273254650930187	4.373074614922985
0.6469293858771754	4.34366873374675
0.6665333066613323	4.314262852570515
0.6861372274454891	4.284856971394279
0.705741148229646	4.254050810162033
0.7253450690138028	4.221844368873775
0.7449489897979596	4.191038207641529
0.7645529105821165	4.15743148629726
0.7841568313662732	4.125225045009002
0.8037607521504301	4.090218043608722
0.8233646729345869	4.0566113222644535
0.8429685937187438	4.021604320864173
0.8625725145029006	3.9851970394078813
0.8821764352870575	3.9501900380076016
0.9017803560712143	3.9137827565513104
0.9213842768553712	3.8759751950390076
0.9409881976395279	3.838167633526705
0.9605921184236847	3.800360072014403
0.9801960392078416	3.7625525105021005
0.9997999599919984	3.7233446689337866
1.0194038807761552	3.684136827365473
1.0390078015603121	3.644928985797159
1.0586117223444689	3.6057211442288457
1.0782156431286258	3.5651130226045207
1.0978195639127826	3.524504900980196
1.1174234846969395	3.483896779355871
1.1370274054810963	3.441888377675535
1.156631326265253	3.4012802560512103
1.17623524704941	3.359271854370874
1.1958391678335667	3.317263452690538
1.2154430886177237	3.275255051010202
1.2350470094018804	3.2332466493298657
1.2546509301860373	3.19123824764953
1.274254850970194	3.149229845969194
1.2938587717543508	3.1058211642328466
1.3134626925385078	3.0638127625525104
1.3330666133226645	3.020404080816163
1.3526705341068215	2.976995399079816
1.3722744548909782	2.9349869973994798
1.3918783756751352	2.8915783156631325
1.411482296459292	2.8481696339267852
1.4310862172434486	2.806161232246449
1.4506901380276056	2.762752550510102
1.4702940588117623	2.7207441488297657
1.4898979795959193	2.6773354670934184
1.509501900380076	2.6353270654130827
1.529105821164233	2.5919183836767354
1.5487097419483897	2.5499099819963993
1.5683136627325465	2.507901580316063
1.5879175835167034	2.465893178635727
1.6075215043008602	2.4252850570114024
1.6271254250850171	2.3832766553310663
1.6467293458691739	2.342668533706741
1.6663332666533308	2.302060412082416
1.6859371874374875	2.2614522904580916
1.7055411082216445	2.2208441688337666
1.7251450290058012	2.181636327265453
1.744748949789958	2.142428485697139
1.764352870574115	2.1032206441288257
1.7839567913582717	2.0654130826165233
1.8035607121424286	2.0276055211042205
1.8231646329265854	1.9897979595919184
1.8427685537107423	1.953390678135627
1.862372474494899	1.9169833966793357
1.8819763952790558	1.8819763952790558
1.9015803160632128	1.8469693938787757
1.9211842368473695	1.813362672534507
1.9407881576315265	1.7797559511902379
1.9603920784156832	1.746149229845969
1.9799959991998402	1.7139427885577114
1.9995999199839969	1.683136627325465
2.019203840768154	1.6523304660932185
2.0388077615523104	1.6215243048609722
2.0584116823364673	1.593518703740748
2.0780156031206243	1.565513102620524
2.0976195239047812	1.5375075015003
2.1172234446889378	1.5123024604920983
2.1368273654730947	1.4870974194838966
2.1564312862572517	1.461892378475695
2.176035207041408	1.4394878975795158
2.195639127825565	1.4170834166833366
2.215243048609722	1.3960792158431685
2.234846969393879	1.3764752950590118
2.2544508901780356	1.3582716543308662
2.2740548109621925	1.3414682936587317
2.2936587317463495	1.3260652130426085
2.313262652530506	1.3120624124824964
2.332866573314663	1.2994598919783955
2.35247049409882	1.288257651530306
2.372074414882977	1.2784556911382277
2.3916783356671334	1.2714542908581716
2.4112822564512904	1.2658531706341267
2.4308861772354473	1.2630526105221043
2.450490098019604	1.2658531706341267
2.470094018803761	1.2826565313062612
2.4896979395879177	1.3064612922584515
2.5093018603720747	1.3344668933786756
2.528905781156231	1.3638727745549108
2.548509701940388	1.3960792158431685
2.568113622724545	1.4282856571314262
2.5877175435087016	1.461892378475695
2.6073214642928586	1.496899379875975
2.6269253850770156	1.5333066613322663
2.6465293058611725	1.571114222844569
2.666133226645329	1.6089217843568713
2.685737147429486	1.648129625925185
2.705341068213643	1.6887377475495098
2.7249449889977995	1.7293458691738346
2.7445489097819564	1.7713542708541707
2.7641528305661134	1.814762952590518
2.7837567513502703	1.8581716343268653
2.803360672134427	1.9029805961192237
2.822964592918584	1.9477895579115823
2.8425685137027408	1.9925985197039406
2.8621724344868973	2.0388077615523104
2.8817763552710542	2.08501700340068
2.901380276055211	2.132626525305061
2.920984196839368	2.180236047209442
2.9405881176235247	2.2278455691138226
2.9601920384076816	2.2754550910182036
2.9797959591918386	2.3230646129225843
2.999399879975995	2.3706741348269653
3.019003800760152	2.4196839367873575
3.038607721544309	2.467293458691738
3.058211642328466	2.514902980596119
3.0778155631126225	2.5639127825565113
3.0974194838967795	2.611522304460892
3.1170234046809364	2.659131826365273
3.136627325465093	2.706741348269654
3.15623124624925	2.7529505901180236
3.175835167033407	2.8005601120224046
3.195439087817564	2.846769353870774
3.2150430086017203	2.8929785957191436
3.2346469293858773	2.9391878375675136
3.2542508501700342	2.985397079415883
3.273854770954191	3.0302060412082414
3.2934586917383477	3.0750150030006
3.3130626125225047	3.1184236847369475
3.3326665333066616	3.161832366473295
3.352270454090818	3.2038407681536305
3.371874374874975	3.2472494498899778
3.391478295659132	3.287857571514303
3.411082216443289	3.328465693138628
3.4306861372274455	3.3690738147629524
3.4502900580116025	3.4082816563312663
3.4698939787957594	3.44748949789958
3.489497899579916	3.485297059411882
3.509101820364073	3.523104620924185
3.52870574114823	3.559511902380476
3.548309661932387	3.594518903780756
3.5679135827165434	3.629525905181036
3.5875175035007003	3.663132626525305
3.6071214242848573	3.696739347869574
3.626725345069014	3.7275455091018204
3.6463292658531707	3.759751950390078
3.6659331866373277	3.789157831566313
3.6855371074214847	3.8185637127425482
3.705141028205641	3.8479695939187835
3.724744948989798	3.8745749149829964
3.744348869773955	3.9011802360472094
3.7639527905581116	3.9277855571114224
3.7835567113422686	3.9515903180636127
3.8031606321264255	3.975395079015803
3.8227645529105825	3.997799559911982
3.842368473694739	4.020204040808162
3.861972394478896	4.039807961592319
3.881576315263053	4.05381076215243
3.9011802360472094	4.070614122824566
3.9207841568313664	4.0874174834967
3.9403880776155233	4.104220844168834
3.9599919983996803	4.119623924784958
3.979595919183837	4.13362672534507
3.9991998399679938	4.147629525905181
4.01880376075215	4.160232046409282
4.038407681536308	4.171434286857372
4.058011602320464	4.18123624724945
4.077615523104621	4.191038207641529
4.097219443888778	4.199439887977596
4.116823364672935	4.206441288257652
4.136427285457091	4.213442688537708
4.1560312062412486	4.217643528705741
4.175635127025405	4.221844368873775
4.1952390478095625	4.226045209041809
4.214842968593719	4.22744548909782
4.2344468893778755	4.228845769153831
4.254050810162033	4.228845769153831
4.273654730946189	4.228845769153831
4.293258651730346	4.22744548909782
4.312862572514503	4.224644928985797
4.33246649329866	4.220444088817764
4.352070414082816	4.2162432486497305
4.371674334866974	4.210642128425685
4.39127825565113	4.203640728145629
4.410882176435288	4.196639327865573
4.430486097219444	4.1882376475295064
4.450090018003601	4.178435687137428
4.469693938787758	4.168633726745349
4.489297859571915	4.15743148629726
4.508901780356071	4.144828965793159
4.5285057011402285	4.132226445289058
4.548109621924385	4.118223644728946
4.567713542708542	4.104220844168834
4.587317463492699	4.0888177635527105
4.6069213842768555	4.073414682936588
4.626525305061012	4.0566113222644535
4.646129225845169	4.038407681536308
4.665733146629326	4.020204040808162
4.685337067413483	4.000600120024005
4.70494098819764	3.980996199239848
4.724544908981796	3.95999199839968
4.744148829765954	3.938987797559512
4.76375275055011	3.9165833166633326
4.783356671334267	3.8927785557111423
4.802960592118424	3.870374074814963
4.822564512902581	3.8465693138627723
4.842168433686737	3.821364272854571
4.861772354470895	3.796159231846369
4.881376275255051	3.7695539107821565
4.900980196039208	3.7443488697739546
4.920584116823365	3.7163432686537305
4.940188037607522	3.689737947589518
4.959791958391679	3.661732346469294
4.9793958791758355	3.63372674534907
4.998999799959992	3.6043208641728346
5.018603720744149	3.5749149829965994
5.038207641528306	3.545509101820364
5.057811562312462	3.516103220644129
5.07741548309662	3.485297059411882
5.097019403880776	3.454490898179636
5.116623324664933	3.4236847369473895
5.13622724544909	3.3914782956591316
5.155831166233247	3.3606721344268853
5.175435087017403	3.328465693138628
5.195039007801561	3.294858971794359
5.214642928585717	3.26125225045009
5.234246849369875	3.2248449689937986
5.253850770154031	3.1884376875375073
5.273454690938188	3.150630126025205
5.293058611722345	3.1128225645129026
5.312662532506502	3.0750150030006
5.332266453290658	3.0386077215443086
5.3518703740748155	3.0008001600320062
5.371474294858972	2.962992598519704
5.3910782156431285	2.9265853170634126
5.410682136427286	2.8901780356071214
5.430286057211442	2.85377075415083
5.449889977995599	2.81876375275055
5.469493898779756	2.78375675135027
5.489097819563913	2.7487497499499898
5.50870174034807	2.715143028605721
5.528305661132227	2.681536307261452
5.547909581916383	2.647929585917183
5.567513502700541	2.6157231446289257
5.587117423484697	2.583516703340668
5.606721344268854	2.5527105421084215
5.626325265053011	2.521904380876175
5.645929185837168	2.49249849969994
5.665533106621324	2.4630926185237048
5.6851370274054815	2.4350870174034807
5.704740948189638	2.4084816963392677
5.724344868973795	2.3804760952190436
5.743948789757952	2.355271054210842
5.7635527105421085	2.3300660132026403
5.783156631326266	2.304860972194439
5.802760552110422	2.2824564912982597
5.822364472894579	2.258651730346069
5.841968393678736	2.2376475295059013
5.861572314462893	2.216643328665733
5.881176235247049	2.195639127825565
5.900780156031207	2.176035207041408
5.920384076815363	2.157831566313263
5.93998799759952	2.139627925585117
5.959591918383677	2.1228245649129827
5.979195839167834	2.1074214842968595
5.99879975995199	2.092018403680736
6.018403680736148	2.078015603120624
6.038007601520304	2.0640128025605122
6.0576115223044615	2.0514102820564113
6.077215443088618	2.0402080416083215
6.096819363872775	2.029005801160232
6.116423284656932	2.0192038407681534
6.1360272054410885	2.009401880376075
6.155631126225245	2.001000200040008
6.175235047009402	1.993998799759952
6.194838967793559	1.986997399479896
6.214442888577715	1.97999599919984
6.234046809361873	1.9757951590318064
6.253650730146029	1.9715943188637726
6.273254650930186	1.967393478695739
6.292858571714343	1.9645929185837168
6.3124624924985	1.9617923584716943
6.332066413282657	1.960392078415683
6.351670334066814	1.960392078415683
6.37127425485097	1.960392078415683
6.390878175635128	1.960392078415683
6.410482096419284	1.9617923584716943
6.430086017203441	1.9645929185837168
6.449689937987598	1.967393478695739
6.469293858771755	1.9701940388077614
6.488897779555911	1.974394878975795
6.5085017003400685	1.9785957191438286
6.528105621124225	1.9841968393678735
6.547709541908382	1.9897979595919184
6.567313462692539	1.9967993598719742
6.586917383476695	2.0038007601520302
6.606521304260853	2.0108021604320863
6.626125225045009	2.0192038407681534
6.645729145829166	2.0276055211042205
6.665333066613323	2.0374074814962992
6.68493698739748	2.0472094418883775
6.704540908181636	2.057011402280456
6.724144828965794	2.0682136427285456
6.74374874974995	2.078015603120624
6.763352670534107	2.0906181236247248
6.782956591318264	2.1018203640728146
6.802560512102421	2.1144228845769155
6.822164432886578	2.127025405081016
6.8417683536707345	2.139627925585117
6.861372274454891	2.153630726145229
6.8809761952390485	2.167633526705341
6.900580116023205	2.181636327265453
6.9201840368073615	2.195639127825565
6.939787957591519	2.2110422084416883
6.959391878375675	2.2250450090018004
6.978995799159832	2.2404480896179235
6.998599719943989	2.2558511702340467
7.018203640728146	2.27125425085017
7.037807561512302	2.2880576115223046
7.05741148229646	2.3034606921384277
7.077015403080616	2.320264052810562
7.096619323864774	2.3370674134826963
7.11622324464893	2.353870774154831
7.135827165433087	2.3706741348269653
7.155431086217244	2.3874774954990996
7.175035007001401	2.4042808561712343
7.194638927785557	2.4224844968993797
7.2142428485697145	2.439287857571514
7.233846769353871	2.45749149829966
7.253450690138028	2.474294858971794
7.273054610922185	2.49249849969994
7.2926585317063415	2.5093018603720743
7.312262452490498	2.52750550110022
7.331866373274655	2.5457091418283655
7.351470294058812	2.5625125025005002
7.371074214842969	2.5807161432286456
7.390678135627126	2.5989197839567915
7.410282056411282	2.6157231446289257
7.42988597719544	2.633926785357071
7.449489897979596	2.652130426085217
7.469093818763753	2.6689337867573513
7.48869773954791	2.687137427485497
7.508301660332067	2.7039407881576314
7.527905581116223	2.7221444288857772
7.547509501900381	2.7389477895579115
7.567113422684537	2.755751150230046
7.586717343468694	2.7725545109021805
7.606321264252851	2.790758151630326
7.625925185037008	2.80756151230246
7.645529105821165	2.822964592918584
7.6651330266053215	2.839767953590718
7.684736947389478	2.8565713142628524
7.704340868173635	2.8719743948789755
7.723944788957792	2.8887777555511103
7.743548709741948	2.9041808361672334
7.763152630526106	2.9195839167833566
7.782756551310262	2.9349869973994798
7.802360472094419	2.950390078015603
7.821964392878576	2.965793158631726
7.841568313662733	2.979795959191838
7.861172234446889	2.99379875975195
7.880776155231047	3.0078015603120623
7.900380076015203	3.0218043608721743
7.919983996799361	3.0358071614322863
7.939587917583517	3.0498099619923984
7.959191838367674	3.0624124824964993
7.978795759151831	3.0750150030006
7.9983996799359875	3.0876175235047008
8.018003600720144	3.1002200440088017
8.0376075215043	3.1114222844568915
8.057211442288459	3.124024804960992
8.076815363072615	3.135227045409082
8.096419283856772	3.14502900580116
8.116023204640928	3.15623124624925
8.135627125425085	3.166033206641328
8.155231046209241	3.1758351670334064
8.1748349669934	3.185637127425485
8.194438887777556	3.1954390878175634
8.214042808561713	3.2038407681536305
8.23364672934587	3.2122424484896976
8.253250650130026	3.2206441288257652
8.272854570914182	3.2290458091618324
8.29245849169834	3.2360472094418884
8.312062412482497	3.2430486097219444
8.331666333266654	3.2500500100020004
8.35127025405081	3.2556511302260454
8.370874174834967	3.262652530506101
8.390478095619125	3.268253650730146
8.410082016403281	3.2738547709541908
8.429685937187438	3.2780556111222245
8.449289857971594	3.282256451290258
8.468893778755751	3.2864572914582917
8.488497699539908	3.290658131626325
8.508101620324066	3.2934586917383477
8.527705541108222	3.297659531906381
8.547309461892379	3.2990598119623926
8.566913382676535	3.301860372074415
8.586517303460692	3.304660932186437
8.60612122424485	3.306061212242448
8.625725145029007	3.3074614922984598
8.645329065813163	3.3074614922984598
8.66493298659732	3.308861772354471
8.684536907381476	3.308861772354471
8.704140828165633	3.308861772354471
8.723744748949791	3.3074614922984598
8.743348669733948	3.3074614922984598
8.762952590518104	3.306061212242448
8.78255651130226	3.304660932186437
8.802160432086417	3.303260652130426
8.821764352870575	3.3004600920184037
8.841368273654732	3.297659531906381
8.860972194438888	3.294858971794359
8.880576115223045	3.2920584116823366
8.900180036007201	3.287857571514303
8.919783956791358	3.2850570114022806
8.939387877575516	3.2808561712342468
8.958991798359673	3.276655331066213
8.97859571914383	3.2710542108421685
8.998199639927986	3.2668533706741347
9.017803560712142	3.26125225045009
9.037407481496299	3.2556511302260454
9.057011402280457	3.2500500100020004
9.076615323064614	3.2430486097219444
9.09621924384877	3.2374474894978995
9.115823164632927	3.2304460892178435
9.135427085417083	3.2234446889377875
9.155031006201241	3.2164432886577314
9.174634926985398	3.2094418883776754
9.194238847769554	3.2010402080416083
9.213842768553711	3.1940388077615522
9.233446689337867	3.185637127425485
9.253050610122024	3.177235447089418
9.272654530906182	3.1688337667533504
9.292258451690339	3.159031806361272
9.311862372474495	3.150630126025205
9.331466293258652	3.1408281656331267
9.351070214042808	3.131026205241048
9.370674134826967	3.122624524904981
9.390278055611123	3.1128225645129026
9.40988197639528	3.101620324064813
9.429485897179436	3.0918183636727345
9.449089817963593	3.082016403280656
9.46869373874775	3.0708141628325665
9.488297659531908	3.0596119223844767
9.507901580316064	3.0498099619923984
9.52750550110022	3.0386077215443086
9.547109421884377	3.027405481096219
9.566713342668534	3.0162032406481294
9.58631726345269	3.00500100020004
9.605921184236848	2.99379875975195
9.625525105021005	2.9811962392478497
9.645129025805161	2.96999399879976
9.664732946589318	2.95879175835167
9.684336867373474	2.9461892378475696
9.703940788157633	2.9349869973994798
9.72354470894179	2.922384476895379
9.743148629725946	2.9097819563912783
9.762752550510102	2.8985797159431885
9.782356471294259	2.8859771954390876
9.801960392078415	2.873374674934987
9.821564312862574	2.8621724344868973
9.84116823364673	2.8495699139827964
9.860772154430887	2.836967393478696
9.880376075215043	2.824364872974595
9.8999799959992	2.811762352470494
9.919583916783358	2.799159831966393
9.939187837567514	2.7865573114622926
9.958791758351671	2.7739547909581916
9.978395679135827	2.7613522704540907
9.997999599919984	2.7487497499499898
10.01760352070414	2.7361472294458893
10.037207441488299	2.7235447089417884
10.056811362272455	2.7109421884376874
10.076415283056612	2.6983396679335865
10.096019203840768	2.685737147429486
10.115623124624925	2.674534906981396
10.135227045409081	2.6619323864772952
10.15483096619324	2.6493298659731948
10.174434886977396	2.636727345469094
10.194038807761553	2.624124824964993
10.21364272854571	2.611522304460892
10.233246649329866	2.6003200640128026
10.252850570114024	2.5877175435087016
10.27245449089818	2.5751150230046007
10.292058411682337	2.5639127825565113
10.311662332466494	2.5513102620524104
10.33126625325065	2.5401080216043206
10.350870174034807	2.528905781156231
10.370474094818965	2.5177035407081414
10.390078015603121	2.506501300260052
10.409681936387278	2.495299059811962
10.429285857171434	2.484096819363873
10.448889777955591	2.474294858971794
10.46849369873975	2.4630926185237048
10.488097619523906	2.453290658131626
10.507701540308062	2.443488697739548
10.527305461092219	2.4336867373474695
10.546909381876375	2.423884776955391
10.566513302660532	2.4140828165633126
10.58611722344469	2.4056811362272454
10.605721144228847	2.3972794558911783
10.625325065013003	2.388877775555111
10.64492898579716	2.3804760952190436
10.664532906581316	2.3734746949389876
10.684136827365473	2.3664732946589315
10.703740748149631	2.3594718943788755
10.723344668933787	2.3524704940988195
10.742948589717944	2.346869373874775
10.7625525105021	2.34126825365073
10.782156431286257	2.335667133426685
10.801760352070415	2.331466293258652
10.821364272854572	2.327265453090618
10.840968193638728	2.3230646129225843
10.860572114422885	2.318863772754551
10.880176035207041	2.3160632126425282
10.899779955991198	2.313262652530506
10.919383876775356	2.3104620924184838
10.938987797559513	2.309061812362472
10.95859171834367	2.307661532306461
10.978195639127826	2.307661532306461
10.997799559911982	2.30626125225045
11.01740348069614	2.30626125225045
11.037007401480297	2.307661532306461
11.056611322264454	2.309061812362472
11.07621524304861	2.3104620924184838
11.095819163832767	2.311862372474495
11.115423084616923	2.313262652530506
11.135027005401081	2.3160632126425282
11.154630926185238	2.320264052810562
11.174234846969394	2.3230646129225843
11.193838767753551	2.327265453090618
11.213442688537707	2.331466293258652
11.233046609321866	2.335667133426685
11.252650530106022	2.34126825365073
11.272254450890179	2.346869373874775
11.291858371674335	2.3524704940988195
11.311462292458492	2.3580716143228644
11.331066213242648	2.3650730146029204
11.350670134026807	2.3720744148829764
11.370274054810963	2.3790758151630325
11.38987797559512	2.3860772154430885
11.409481896379276	2.3944788957791556
11.429085817163433	2.4014802960592116
11.44868973794759	2.409881976395279
11.468293658731747	2.4182836567313464
11.487897579515904	2.4280856171234246
11.50750150030006	2.4364872974594918
11.527105421084217	2.44628925785157
11.546709341868373	2.4560912182436487
11.566313262652532	2.465893178635727
11.585917183436688	2.4756951390278057
11.605521104220845	2.485497099419884
11.625125025005001	2.495299059811962
11.644728945789158	2.506501300260052
11.664332866573314	2.5163032606521303
11.683936787357473	2.52750550110022
11.70354070814163	2.5387077415483095
11.723144628925786	2.5499099819963993
11.742748549709942	2.5611122224444887
11.762352470494099	2.5723144628925785
11.781956391278257	2.583516703340668
11.801560312062414	2.5947189437887577
11.82116423284657	2.6073214642928586
11.840768153630727	2.618523704740948
11.860372074414883	2.629725945189038
11.87997599519904	2.6423284656931387
11.899579915983198	2.653530706141228
11.919183836767354	2.664732946589318
11.938787757551511	2.6773354670934184
11.958391678335667	2.6885377075415082
11.977995599119824	2.701140228045609
11.99759951990398	2.7123424684936985
12.017203440688139	2.7235447089417884
12.036807361472295	2.7361472294458893
12.056411282256452	2.7473494698939787
12.076015203040608	2.7585517103420685
12.095619123824765	2.769753950790158
12.115223044608923	2.7809561912382477
12.13482696539308	2.7935587117423486
12.154430886177236	2.804760952190438
12.174034806961393	2.8145629125825162
12.19363872774555	2.825765153030606
12.213242648529706	2.836967393478696
12.232846569313864	2.8481696339267852
12.25245049009802	2.8579715943188635
12.272054410882177	2.8691738347669533
12.291658331666333	2.8789757951590316
12.31126225245049	2.8887777555511103
12.330866173234648	2.8985797159431885
12.350470094018805	2.908381676335267
12.370074014802961	2.9181836367273455
12.389677935587118	2.9279855971194237
12.409281856371274	2.937787557511502
12.42888577715543	2.9461892378475696
12.44848969793959	2.9545909181836367
12.468093618723746	2.962992598519704
12.487697539507902	2.971394278855771
12.507301460292059	2.979795959191838
12.526905381076215	2.9881976395279053
12.546509301860372	2.9951990398079613
12.56611322264453	3.003600720144029
12.585717143428687	3.010602120424085
12.605321064212843	3.017603520704141
12.624924984997	3.024604920984197
12.644528905781156	3.0302060412082414
12.664132826565314	3.0372074414882975
12.68373674734947	3.0428085617123424
12.703340668133627	3.0484096819363873
12.722944588917784	3.054010802160432
12.74254850970194	3.0582116423284655
12.762152430486097	3.0638127625525104
12.781756351270255	3.0680136027205442
12.801360272054412	3.0722144428885776
12.820964192838568	3.0764152830566114
12.840568113622725	3.0806161232246447
12.860172034406881	3.0848169633926785
12.87977595519104	3.0876175235047008
12.899379875975196	3.0904180836167234
12.918983796759353	3.0932186437287457
12.93858771754351	3.096019203840768
12.958191638327666	3.0974194838967795
12.977795559111822	3.1002200440088017
12.99739947989598	3.101620324064813
13.017003400680137	3.103020604120824
13.036607321464293	3.1044208841768355
13.05621124224845	3.1058211642328466
13.075815163032606	3.1058211642328466
13.095419083816765	3.1058211642328466
13.115023004600921	3.1058211642328466
13.134626925385078	3.1058211642328466
13.154230846169234	3.1058211642328466
13.17383476695339	3.1058211642328466
13.193438687737547	3.1044208841768355
13.213042608521706	3.103020604120824
13.232646529305862	3.101620324064813
13.252250450090019	3.1002200440088017
13.271854370874175	3.0974194838967795
13.291458291658332	3.096019203840768
13.311062212442488	3.0932186437287457
13.330666133226647	3.0904180836167234
13.350270054010803	3.0876175235047008
13.36987397479496	3.0848169633926785
13.389477895579116	3.082016403280656
13.409081816363273	3.0778155631126225
13.42868573714743	3.0736147229445887
13.448289657931587	3.0694138827765554
13.467893578715744	3.0652130426085216
13.4874974994999	3.061012202440488
13.507101420284057	3.0554110822164433
13.526705341068213	3.0512102420484095
13.546309261852372	3.0456091218243646
13.565913182636528	3.04000800160032
13.585517103420685	3.0344068813762752
13.605121024204841	3.0288057611522303
13.624724944988998	3.0218043608721743
13.644328865773156	3.0162032406481294
13.663932786557313	3.0092018403680734
13.683536707341469	3.0022004400880173
13.703140628125626	2.9951990398079613
13.722744548909782	2.9881976395279053
13.742348469693939	2.979795959191838
13.761952390478097	2.972794558911782
13.781556311262253	2.964392878575715
13.80116023204641	2.957391478295659
13.820764152830566	2.948989797959592
13.840368073614723	2.9405881176235247
13.85997199439888	2.9321864372874575
13.879575915183038	2.922384476895379
13.899179835967194	2.9139827965593117
13.91878375675135	2.9055811162232446
13.938387677535507	2.8957791558311663
13.957991598319664	2.887377475495099
13.977595519103822	2.8775755151030205
13.997199439887979	2.8691738347669533
14.016803360672135	2.859371874374875
14.036407281456292	2.8509701940388075
14.056011202240448	2.841168233646729
14.075615123024605	2.831366273254651
14.095219043808763	2.822964592918584
14.11482296459292	2.813162632526505
14.134426885377076	2.803360672134427
14.154030806161233	2.7949589917983597
14.173634726945389	2.785157031406281
14.193238647729547	2.7753550710142028
14.212842568513704	2.7669533906781356
14.23244648929786	2.757151430286057
14.252050410082017	2.7487497499499898
14.271654330866173	2.7403480696139226
14.29125825165033	2.7305461092218444
14.310862172434488	2.7221444288857772
14.330466093218645	2.7137427485497096
14.350070014002801	2.7053410682136425
14.369673934786958	2.6969393878775754
14.389277855571114	2.6885377075415082
14.40888177635527	2.681536307261452
14.428485697139429	2.673134626925385
14.448089617923586	2.664732946589318
14.467693538707742	2.657731546309262
14.487297459491899	2.650730146029206
14.506901380276055	2.64372874574915
14.526505301060213	2.636727345469094
14.54610922184437	2.629725945189038
14.565713142628526	2.6227245449089818
14.585317063412683	2.6157231446289257
14.60492098419684	2.610122024404881
14.624524904980996	2.603120624124825
14.644128825765154	2.59751950390078
14.66373274654931	2.5919183836767354
14.683336667333467	2.5863172634526905
14.702940588117624	2.5821164232846567
14.72254450890178	2.576515303060612
14.742148429685939	2.5709141828365674
14.761752350470095	2.5667133426685336
14.781356271254252	2.5625125025005002
14.800960192038408	2.5583116623324664
14.820564112822565	2.5541108221644326
14.840168033606721	2.5513102620524104
14.85977195439088	2.5471094218843766
14.879375875175036	2.5443088617723544
14.898979795959193	2.541508301660332
14.918583716743349	2.5373074614922984
14.938187637527506	2.5359071814362872
14.957791558311662	2.5331066213242646
14.97739547909582	2.5303060612122423
14.996999399879977	2.528905781156231
15.016603320664133	2.52750550110022
15.03620724144829	2.5247049409881974
15.055811162232446	2.5233046609321863
15.075415083016605	2.5233046609321863
15.095019003800761	2.521904380876175
15.114622924584918	2.520504100820164
15.134226845369074	2.520504100820164
15.15383076615323	2.520504100820164
15.173434686937387	2.520504100820164
15.193038607721546	2.520504100820164
15.212642528505702	2.520504100820164
15.232246449289859	2.520504100820164
15.251850370074015	2.521904380876175
15.271454290858172	2.521904380876175
15.29105821164233	2.5233046609321863
15.310662132426486	2.5247049409881974
15.330266053210643	2.526105221044209
15.3498699739948	2.52750550110022
15.369473894778956	2.528905781156231
15.389077815563112	2.5303060612122423
15.40868173634727	2.5331066213242646
15.428285657131427	2.534506901380276
15.447889577915584	2.5373074614922984
15.46749349869974	2.5401080216043206
15.487097419483897	2.5429085817163433
15.506701340268055	2.5457091418283655
15.526305261052212	2.548509701940388
15.545909181836368	2.5513102620524104
15.565513102620525	2.5541108221644326
15.585117023404681	2.5569113822764553
15.604720944188838	2.5611122224444887
15.624324864972996	2.5639127825565113
15.643928785757153	2.5681136227245447
15.663532706541309	2.5709141828365674
15.683136627325466	2.5751150230046007
15.702740548109622	2.5793158631726345
15.722344468893779	2.583516703340668
15.741948389677937	2.5877175435087016
15.761552310462093	2.5919183836767354
15.78115623124625	2.596119223844769
15.800760152030406	2.6003200640128026
15.820364072814563	2.604520904180836
15.839967993598721	2.6087217443488697
15.859571914382878	2.6129225845169035
15.879175835167034	2.618523704740948
15.89877975595119	2.6227245449089818
15.918383676735347	2.626925385077015
15.937987597519504	2.63252650530106
15.957591518303662	2.636727345469094
15.977195439087819	2.6423284656931387
15.996799359871975	2.646529305861172
16.01640328065613	2.652130426085217
16.036007201440288	2.656331266253251
16.055611122224445	2.6619323864772952
16.0752150430086	2.666133226645329
16.094818963792758	2.671734346869374
16.114422884576918	2.6773354670934184
16.134026805361074	2.681536307261452
16.15363072614523	2.687137427485497
16.173234646929387	2.6913382676535305
16.192838567713544	2.6969393878775754
16.2124424884977	2.7025405081016203
16.232046409281857	2.706741348269654
16.251650330066013	2.7123424684936985
16.27125425085017	2.7165433086617323
16.290858171634326	2.7221444288857772
16.310462092418483	2.7263452690538106
16.330066013202643	2.7319463892778555
16.3496699339868	2.7361472294458893
16.369273854770956	2.7417483496699337
16.388877775555112	2.7459491898379675
16.40848169633927	2.7515503100620124
16.428085617123426	2.755751150230046
16.447689537907582	2.7613522704540907
16.46729345869174	2.7655531106221245
16.486897379475895	2.769753950790158
16.50650130026005	2.7753550710142028
16.526105221044208	2.7795559111822365
16.545709141828365	2.78375675135027
16.565313062612525	2.7879575915183037
16.58491698339668	2.792158431686337
16.604520904180838	2.796359271854371
16.624124824964994	2.8005601120224046
16.64372874574915	2.804760952190438
16.663332666533307	2.8089617923584718
16.682936587317464	2.813162632526505
16.70254050810162	2.817363472694539
16.722144428885777	2.8215643128625723
16.741748349669933	2.824364872974595
16.76135227045409	2.8285657131426283
16.78095619123825	2.832766553310662
16.800560112022406	2.8355671134226843
16.820164032806563	2.839767953590718
16.83976795359072	2.8425685137027403
16.859371874374876	2.845369073814763
16.878975795159032	2.8495699139827964
16.89857971594319	2.852370474094819
16.918183636727345	2.8551710342068413
16.937787557511502	2.8579715943188635
16.95739147829566	2.860772154430886
16.976995399079815	2.8635727145429084
16.996599319863975	2.866373274654931
17.01620324064813	2.8691738347669533
17.035807161432288	2.8705741148229644
17.055411082216445	2.873374674934987
17.0750150030006	2.8761752350470093
17.094618923784758	2.8775755151030205
17.114222844568914	2.880376075215043
17.13382676535307	2.8817763552710542
17.153430686137227	2.8831766353270654
17.173034606921384	2.8845769153830765
17.19263852770554	2.887377475495099
17.2122424484897	2.8887777555511103
17.231846369273857	2.8901780356071214
17.251450290058013	2.8901780356071214
17.27105421084217	2.8915783156631325
17.290658131626326	2.8929785957191436
17.310262052410483	2.8943788757751547
17.32986597319464	2.8943788757751547
17.349469893978796	2.8957791558311663
17.369073814762952	2.8957791558311663
17.38867773554711	2.8971794358871774
17.408281656331265	2.8971794358871774
17.427885577115426	2.8971794358871774
17.447489497899582	2.8971794358871774
17.46709341868374	2.8971794358871774
17.486697339467895	2.8971794358871774
17.50630126025205	2.8971794358871774
17.525905181036208	2.8971794358871774
17.545509101820365	2.8971794358871774
17.56511302260452	2.8957791558311663
17.584716943388678	2.8957791558311663
17.604320864172834	2.8957791558311663
17.62392478495699	2.8943788757751547
17.64352870574115	2.8943788757751547
17.663132626525307	2.8929785957191436
17.682736547309464	2.8915783156631325
17.70234046809362	2.8901780356071214
17.721944388877777	2.8901780356071214
17.741548309661933	2.8887777555511103
17.76115223044609	2.887377475495099
17.780756151230246	2.8859771954390876
17.800360072014403	2.8845769153830765
17.81996399279856	2.8817763552710542
17.839567913582716	2.880376075215043
17.859171834366872	2.8789757951590316
17.878775755151032	2.8775755151030205
17.89837967593519	2.874774954990998
17.917983596719345	2.873374674934987
17.937587517503502	2.8705741148229644
17.95719143828766	2.8691738347669533
17.976795359071815	2.866373274654931
17.99639927985597	2.8649729945989195
18.016003200640128	2.8621724344868973
18.035607121424285	2.859371874374875
18.05521104220844	2.8579715943188635
18.074814962992598	2.8551710342068413
18.094418883776758	2.852370474094819
18.114022804560914	2.8495699139827964
18.13362672534507	2.846769353870774
18.153230646129227	2.843968793758752
18.172834566913384	2.841168233646729
18.19243848769754	2.838367673534707
18.212042408481697	2.8355671134226843
18.231646329265853	2.832766553310662
18.25125025005001	2.82996599319864
18.270854170834166	2.827165433086617
18.290458091618323	2.824364872974595
18.310062012402483	2.8215643128625723
18.32966593318664	2.81876375275055
18.349269853970796	2.8145629125825162
18.368873774754952	2.811762352470494
18.38847769553911	2.8089617923584718
18.408081616323265	2.806161232246449
18.427685537107422	2.8019603920784157
18.44728945789158	2.799159831966393
18.466893378675735	2.796359271854371
18.48649729945989	2.7935587117423486
18.506101220244048	2.789357871574315
18.525705141028208	2.7865573114622926
18.545309061812365	2.78375675135027
18.56491298259652	2.7809561912382477
18.584516903380678	2.776755351070214
18.604120824164834	2.7739547909581916
18.62372474494899	2.771154230846169
18.643328665733147	2.7683536707341467
18.662932586517304	2.764152830566113
18.68253650730146	2.7613522704540907
18.702140428085617	2.7585517103420685
18.721744348869773	2.755751150230046
18.741348269653933	2.7515503100620124
18.76095219043809	2.7487497499499898
18.780556111222246	2.7459491898379675
18.800160032006403	2.7431486297259453
18.81976395279056	2.7403480696139226
18.839367873574716	2.7375475095019004
18.858971794358872	2.7333466693338666
18.87857571514303	2.7305461092218444
18.898179635927185	2.7277455491098217
18.917783556711342	2.7249449889977995
18.9373874774955	2.7221444288857772
18.956991398279655	2.7193438687737546
18.976595319063815	2.7165433086617323
18.99619923984797	2.7137427485497096
19.015803160632128	2.7109421884376874
19.035407081416285	2.708141628325665
19.05501100220044	2.7053410682136425
19.074614922984598	2.7025405081016203
19.094218843768754	2.699739947989598
19.11382276455291	2.6969393878775754
19.133426685337067	2.694138827765553
19.153030606121224	2.692738547709542
19.17263452690538	2.6899379875975193
19.19223844768954	2.687137427485497
19.211842368473697	2.6843368673734744
19.231446289257853	2.6829365873174633
19.25105021004201	2.680136027205441
19.270654130826166	2.6773354670934184
19.290258051610323	2.6759351870374073
19.30986197239448	2.673134626925385
19.329465893178636	2.6703340668133624
19.349069813962792	2.6689337867573513
19.36867373474695	2.666133226645329
19.388277655531105	2.664732946589318
19.407881576315265	2.6619323864772952
19.427485497099422	2.660532106421284
19.44708941788358	2.659131826365273
19.466693338667735	2.656331266253251
19.48629725945189	2.654930986197239
19.505901180236048	2.653530706141228
19.525505101020205	2.652130426085217
19.54510902180436	2.650730146029206
19.564712942588518	2.6493298659731948
19.584316863372674	2.647929585917183
19.60392078415683	2.646529305861172
19.62352470494099	2.645129025805161
19.643128625725147	2.64372874574915
19.662732546509304	2.64372874574915
19.68233646729346	2.6423284656931387
19.701940388077617	2.640928185637127
19.721544308861773	2.640928185637127
19.74114822964593	2.639527905581116
19.760752150430086	2.639527905581116
19.780356071214243	2.639527905581116
19.7999599919984	2.638127625525105
19.819563912782556	2.638127625525105
19.839167833566716	2.638127625525105
19.858771754350872	2.638127625525105
19.87837567513503	2.638127625525105
19.897979595919185	2.638127625525105
19.917583516703342	2.638127625525105
19.9371874374875	2.639527905581116
19.956791358271655	2.639527905581116
19.97639527905581	2.639527905581116
19.995999199839968	2.640928185637127
20.015603120624125	2.640928185637127
20.03520704140828	2.6423284656931387
20.05481096219244	2.6423284656931387
20.074414882976598	2.64372874574915
20.094018803760754	2.645129025805161
20.11362272454491	2.646529305861172
20.133226645329067	2.646529305861172
20.152830566113224	2.647929585917183
20.17243448689738	2.6493298659731948
20.192038407681537	2.650730146029206
20.211642328465693	2.653530706141228
20.23124624924985	2.654930986197239
20.250850170034006	2.656331266253251
20.270454090818163	2.657731546309262
20.290058011602323	2.660532106421284
20.30966193238648	2.6619323864772952
20.329265853170636	2.663332666533307
20.348869773954792	2.666133226645329
20.36847369473895	2.66753350670134
20.388077615523105	2.6703340668133624
20.407681536307262	2.673134626925385
20.42728545709142	2.674534906981396
20.446889377875575	2.6773354670934184
20.46649329865973	2.680136027205441
20.486097219443888	2.6829365873174633
20.505701140228048	2.6843368673734744
20.525305061012205	2.687137427485497
20.54490898179636	2.6899379875975193
20.564512902580518	2.692738547709542
20.584116823364674	2.6955391078215643
20.60372074414883	2.6983396679335865
20.623324664932987	2.701140228045609
20.642928585717144	2.7039407881576314
20.6625325065013	2.706741348269654
20.682136427285457	2.7095419083816763
20.701740348069613	2.7123424684936985
20.721344268853773	2.715143028605721
20.74094818963793	2.7179435887177434
20.760552110422086	2.7207441488297657
20.780156031206243	2.7235447089417884
20.7997599519904	2.7277455491098217
20.819363872774556	2.7305461092218444
20.838967793558712	2.7333466693338666
20.85857171434287	2.7361472294458893
20.878175635127025	2.7389477895579115
20.897779555911182	2.7417483496699337
20.91738347669534	2.7445489097819564
20.9369873974795	2.7473494698939787
20.956591318263655	2.7515503100620124
20.97619523904781	2.7543508701740347
20.995799159831968	2.757151430286057
21.015403080616124	2.7599519903980796
21.03500700140028	2.762752550510102
21.054610922184438	2.7655531106221245
21.074214842968594	2.7683536707341467
21.09381876375275	2.771154230846169
21.113422684536907	2.7739547909581916
21.133026605321064	2.776755351070214
21.152630526105224	2.7795559111822365
21.17223444688938	2.782356471294259
21.191838367673537	2.78375675135027
21.211442288457693	2.7865573114622926
21.23104620924185	2.789357871574315
21.250650130026006	2.792158431686337
21.270254050810163	2.7949589917983597
21.28985797159432	2.796359271854371
21.309461892378476	2.799159831966393
21.329065813162632	2.8019603920784157
21.34866973394679	2.803360672134427
21.368273654730945	2.806161232246449
21.387877575515105	2.80756151230246
21.407481496299262	2.810362072414483
21.42708541708342	2.811762352470494
21.446689337867575	2.813162632526505
21.46629325865173	2.815963192638528
21.485897179435888	2.817363472694539
21.505501100220044	2.81876375275055
21.5251050210042	2.820164032806561
21.544708941788357	2.822964592918584
21.564312862572514	2.824364872974595
21.58391678335667	2.825765153030606
21.60352070414083	2.827165433086617
21.623124624924987	2.8285657131426283
21.642728545709144	2.82996599319864
21.6623324664933	2.82996599319864
21.681936387277457	2.831366273254651
21.701540308061613	2.832766553310662
21.72114422884577	2.834166833366673
21.740748149629926	2.834166833366673
21.760352070414083	2.8355671134226843
21.77995599119824	2.8355671134226843
21.799559911982396	2.836967393478696
21.819163832766556	2.836967393478696
21.838767753550712	2.838367673534707
21.85837167433487	2.838367673534707
21.877975595119025	2.838367673534707
21.897579515903182	2.838367673534707
21.91718343668734	2.839767953590718
21.936787357471495	2.839767953590718
21.95639127825565	2.839767953590718
21.975995199039808	2.839767953590718
21.995599119823964	2.839767953590718
22.01520304060812	2.839767953590718
22.03480696139228	2.839767953590718
22.054410882176438	2.838367673534707
22.074014802960594	2.838367673534707
22.09361872374475	2.838367673534707
22.113222644528907	2.838367673534707
22.132826565313064	2.836967393478696
22.15243048609722	2.836967393478696
22.172034406881377	2.8355671134226843
22.191638327665533	2.8355671134226843
22.21124224844969	2.834166833366673
22.230846169233846	2.834166833366673
22.250450090018006	2.832766553310662
22.270054010802163	2.832766553310662
22.28965793158632	2.831366273254651
22.309261852370476	2.82996599319864
22.328865773154632	2.8285657131426283
22.34846969393879	2.8285657131426283
22.368073614722945	2.827165433086617
22.387677535507102	2.825765153030606
22.40728145629126	2.824364872974595
22.426885377075415	2.822964592918584
22.44648929785957	2.8215643128625723
22.46609321864373	2.820164032806561
22.485697139427888	2.81876375275055
22.505301060212044	2.817363472694539
22.5249049809962	2.8145629125825162
22.544508901780357	2.813162632526505
22.564112822564514	2.811762352470494
22.58371674334867	2.810362072414483
22.603320664132827	2.80756151230246
22.622924584916984	2.806161232246449
22.64252850570114	2.804760952190438
22.662132426485297	2.8019603920784157
22.681736347269453	2.8005601120224046
22.701340268053613	2.799159831966393
22.72094418883777	2.796359271854371
22.740548109621926	2.7949589917983597
22.760152030406083	2.792158431686337
22.77975595119024	2.790758151630326
22.799359871974396	2.7879575915183037
22.818963792758552	2.785157031406281
22.83856771354271	2.78375675135027
22.858171634326865	2.7809561912382477
22.877775555111022	2.7795559111822365
22.89737947589518	2.776755351070214
22.91698339667934	2.7739547909581916
22.936587317463495	2.7725545109021805
22.95619123824765	2.769753950790158
22.975795159031808	2.7669533906781356
22.995399079815964	2.7655531106221245
23.01500300060012	2.762752550510102
23.034606921384277	2.7599519903980796
23.054210842168434	2.7585517103420685
23.07381476295259	2.755751150230046
23.093418683736747	2.7529505901180236
23.113022604520904	2.7515503100620124
23.132626525305064	2.7487497499499898
23.15223044608922	2.7473494698939787
23.171834366873377	2.7445489097819564
23.191438287657533	2.7417483496699337
23.21104220844169	2.7403480696139226
23.230646129225846	2.7375475095019004
23.250250050010003	2.7361472294458893
23.26985397079416	2.7333466693338666
23.289457891578316	2.7319463892778555
23.309061812362472	2.7291458291658333
23.32866573314663	2.7277455491098217
23.34826965393079	2.7249449889977995
23.367873574714945	2.7235447089417884
23.387477495499102	2.7207441488297657
23.40708141628326	2.7193438687737546
23.426685337067415	2.7179435887177434
23.44628925785157	2.715143028605721
23.465893178635728	2.7137427485497096
23.485497099419884	2.7123424684936985
23.50510102020404	2.7109421884376874
23.524704940988197	2.7095419083816763
23.544308861772354	2.706741348269654
23.563912782556514	2.7053410682136425
23.58351670334067	2.7039407881576314
23.603120624124827	2.7025405081016203
23.622724544908984	2.701140228045609
23.64232846569314	2.699739947989598
23.661932386477297	2.6983396679335865
23.681536307261453	2.6983396679335865
23.70114022804561	2.6969393878775754
23.720744148829766	2.6955391078215643
23.740348069613923	2.694138827765553
23.75995199039808	2.694138827765553
23.779555911182236	2.692738547709542
23.799159831966396	2.6913382676535305
23.818763752750552	2.6913382676535305
23.83836767353471	2.6899379875975193
23.857971594318865	2.6899379875975193
23.877575515103022	2.6885377075415082
23.89717943588718	2.6885377075415082
23.916783356671335	2.6885377075415082
23.93638727745549	2.687137427485497
23.955991198239648	2.687137427485497
23.975595119023804	2.687137427485497
23.99519903980796	2.687137427485497
24.01480296059212	2.687137427485497
24.034406881376277	2.687137427485497
24.054010802160434	2.685737147429486
24.07361472294459	2.685737147429486
24.093218643728747	2.687137427485497
24.112822564512904	2.687137427485497
24.13242648529706	2.687137427485497
24.152030406081217	2.687137427485497
24.171634326865373	2.687137427485497
24.19123824764953	2.687137427485497
24.210842168433686	2.6885377075415082
24.230446089217846	2.6885377075415082
24.250050010002003	2.6885377075415082
24.26965393078616	2.6899379875975193
24.289257851570316	2.6899379875975193
24.308861772354472	2.6899379875975193
24.32846569313863	2.6913382676535305
24.348069613922785	2.6913382676535305
24.36767353470694	2.692738547709542
24.3872774554911	2.692738547709542
24.406881376275255	2.694138827765553
24.42648529705941	2.6955391078215643
24.44608921784357	2.6955391078215643
24.465693138627728	2.6969393878775754
24.485297059411884	2.6983396679335865
24.50490098019604	2.6983396679335865
24.524504900980197	2.699739947989598
24.544108821764354	2.701140228045609
24.56371274254851	2.7025405081016203
24.583316663332667	2.7039407881576314
24.602920584116823	2.7039407881576314
24.62252450490098	2.7053410682136425
24.642128425685137	2.706741348269654
24.661732346469297	2.708141628325665
24.681336267253453	2.7095419083816763
24.70094018803761	2.7109421884376874
24.720544108821766	2.7123424684936985
24.740148029605923	2.7137427485497096
24.75975195039008	2.715143028605721
24.779355871174236	2.7165433086617323
24.798959791958392	2.7179435887177434
24.81856371274255	2.7193438687737546
24.838167633526705	2.7207441488297657
24.85777155431086	2.7221444288857772
24.877375475095022	2.7235447089417884
24.89697939587918	2.7249449889977995
24.916583316663335	2.7263452690538106
24.93618723744749	2.7277455491098217
24.955791158231648	2.7291458291658333
24.975395079015804	2.7305461092218444
24.99499899979996	2.7319463892778555
