0.0	0.2060529749094407
0.043408681736347265	0.2050143485970285
0.08681736347269453	0.20210782719599157
0.1302260452090418	0.19737104764073393
0.17363472694538906	0.19085901766723135
0.21704340868173633	0.18265840989211113
0.2604520904180836	0.17290072435237847
0.30386077215443086	0.16176989222164678
0.3472694538907781	0.14950124289297828
0.3906781356271254	0.1363711317389733
0.43408681736347265	0.12267916550887509
0.4774954990998199	0.10872689559940929
0.5209041808361672	0.09479741958303442
0.5643128625725145	0.08113956024245828
0.6077215443088617	0.06795888797049482
0.651130226045209	0.05541765084764766
0.6945389077815562	0.043656526547320024
0.7379475895179035	0.03280451917564581
0.7813562712542508	0.02266668067063507
0.824764952990598	0.012945974410602468
0.8681736347269453	0.0038965287868410192
0.9115823164632926	-0.004276779471859282
0.9549909981996398	-0.011620273126171601
0.9983996799359871	-0.018226988744666578
1.0418083616723344	-0.02417109899556255
1.0852170434086816	-0.02951349902332749
1.128625725145029	-0.03430813642052065
1.1720344068813762	-0.038603983133622385
1.2154430886177234	-0.04244560041074555
1.2588517703540707	-0.04587339531334986
1.302260452090418	-0.04892383835202553
1.3456691338267652	-0.051629699096197704
1.3890778155631125	-0.05402030290956018
1.4324864972994598	-0.056121799088813595
1.475895179035807	-0.05795742951730504
1.5193038607721543	-0.05954778905767319
1.5627125425085016	-0.06091107157827788
1.6061212242448488	-0.062063297872708756
1.649529905981196	-0.0630185235788352
1.6929385877175434	-0.06378902655080708
1.7363472694538906	-0.06438547407010246
1.7797559511902379	-0.06481707089504236
1.8231646329265851	-0.0650916895252861
1.8665733146629324	-0.06521598426514577
1.9099819963992797	-0.06519549075791943
1.953390678135627	-0.06503471267095064
1.9967993598719742	-0.06473719716633265
2.0402080416083215	-0.06430560071676837
2.0836167233446687	-0.06374174673689198
2.127025405081016	-0.0630466764107137
2.1704340868173633	-0.06222069401656112
2.2138427685537105	-0.06126340799071503
2.257251450290058	-0.06017376893693101
2.300660132026405	-0.05895010578674388
2.3440688137627523	-0.057590161349114086
2.3874774954990996	-0.05609112856065085
2.430886177235447	-0.054449688861382586
2.474294858971794	-0.05266205427690478
2.5177035407081414	-0.05072401498575539
2.5611122224444887	-0.04863099438980582
2.604520904180836	-0.04637811398225966
2.647929585917183	-0.04396027061682166
2.6913382676535305	-0.041372229113143616
2.7347469493898777	-0.038608733472553516
2.778155631126225	-0.03566464030126526
2.8215643128625723	-0.03253507831211766
2.8649729945989195	-0.029215637952992937
2.908381676335267	-0.02570259522581618
2.951790358071614	-0.021993173529243015
2.9951990398079613	-0.018085846771772662
3.0386077215443086	-0.0139806859231838
3.082016403280656	-0.009679749425284323
3.125425085017003	-0.005187515217795369
3.1688337667533504	-0.0005113481226683425
3.2122424484896976	0.004338009873240678
3.255651130226045	0.009345948917337643
3.299059811962392	0.014493539122374693
3.3424684936987394	0.019757182981757854
3.3858771754350867	0.0251085174851558
3.429285857171434	0.030515606889533975
3.4726945389077812	0.035957440983131556
3.5161032206441285	0.0415506396700554
3.5595119023804758	0.04825293294753369
3.602920584116823	0.059205821646107604
3.6463292658531703	0.07387719715050492
3.6897379475895176	0.08416981279830771
3.733146629325865	0.08981517603485567
3.776555311062212	0.09310024945705017
3.8199639927985594	0.09499387078079144
3.8633726745349066	0.09587624824109378
3.906781356271254	0.09594173974765502
3.950190038007601	0.09531302942471007
3.9935987197439484	0.09407850224332978
4.037007401480296	0.09230781350254333
4.080416083216643	0.09005916966272814
4.123824764952991	0.08738316673738836
4.1672334466893375	0.08432513738239134
4.210642128425685	0.080926692293314
4.254050810162032	0.0772267406300553
4.29745949189838	0.07326216743439212
4.3408681736347265	0.06906830314404133
4.384276855371074	0.0646792671272923
4.427685537107421	0.06012821132765522
4.471094218843769	0.055447469135427835
4.514502900580116	0.05066862322230256
4.557911582316463	0.045822509321066046
4.60132026405281	0.040939163403830636
4.644728945789158	0.036047720986752824
4.688137627525505	0.031176275026800926
4.731546309261852	0.02635170241506407
4.774954990998199	0.02159947899215303
4.818363672734547	0.016943513469524385
4.861772354470894	0.01240604268777487
4.905181036207241	0.008007651632633395
4.948589717943588	0.0037675327289660443
4.991998399679936	-0.0002957536427835028
5.035407081416283	-0.004162274091813439
5.0788157631526305	-0.007804912629283928
5.122224444888977	-0.011173085197190152
5.165633126625325	-0.01425031520619778
5.209041808361672	-0.017539005302829827
5.25245049009802	-0.021658120867654257
5.295859171834366	-0.02612027263193764
5.339267853570714	-0.03023581422204634
5.382676535307061	-0.033741190938930854
5.426085217043409	-0.03662743515206744
5.4694938987797554	-0.038965482110346755
5.512902580516103	-0.04083746362063356
5.55631126225245	-0.042316473760381806
5.599719943988798	-0.04346263821542529
5.6431286257251445	-0.044323998039953516
5.686537307461492	-0.04493852611555543
5.729945989197839	-0.045336166601993355
5.773354670934187	-0.045540599522829045
5.816763352670534	-0.04557068095898384
5.860172034406881	-0.04544158346155103
5.903580716143228	-0.04516568247782417
5.946989397879576	-0.04475323814562773
5.990398079615923	-0.04421291796207531
6.03380676135227	-0.043552198381869564
6.077215443088617	-0.04277767445438743
6.120624124824965	-0.04189529760653189
6.164032806561312	-0.04091055390502743
6.207441488297659	-0.03982858989493501
6.250850170034006	-0.03865429127965439
6.294258851770354	-0.03739232106073423
6.337667533506701	-0.036047126907517754
6.3810762152430485	-0.03462293050441553
6.424484896979395	-0.033123712618374185
6.467893578715743	-0.03155320575235594
6.51130226045209	-0.029914902134144508
6.5547109421884375	-0.02821208021597356
6.598119623924784	-0.026447849276841698
6.641528305661132	-0.024625209265429854
6.684936987397479	-0.02274712125685141
6.728345669133827	-0.020816582924558083
6.771754350870173	-0.01883670376040808
6.815163032606521	-0.01681077643431453
6.858571714342868	-0.014742342894266874
6.901980396079216	-0.01263525544969471
6.9453890778155625	-0.010493733417112128
6.98879775955191	-0.008322415135219002
7.032206441288257	-0.006126404252716683
7.075615123024605	-0.00391130892468583
7.1190238047609515	-0.0016832727405810266
7.162432486497299	0.0005510037868274031
7.205841168233646	0.002784252559996675
7.249249849969994	0.00500863930471887
7.292658531706341	0.007215777623121866
7.336067213442688	0.009396755781955313
7.379475895179035	0.011542176462513765
7.422884576915383	0.013642209811673078
7.46629325865173	0.015686659755316856
7.509701940388077	0.017665043805517783
7.553110622124424	0.01956668913601839
7.596519303860772	0.02138085233179643
7.639927985597119	0.02309687454002507
7.683336667333466	0.024704384301502708
7.726745349069813	0.0261935533694872
7.770154030806161	0.027555393110071352
7.813562712542508	0.028782050594183095
7.8569713942788555	0.029867031999170013
7.900380076015202	0.030805265292617595
7.94378875775155	0.03159294014974845
7.987197439487897	0.03222714797407966
8.030606121224244	0.03270547440985089
8.074014802960592	0.03302580696841173
8.117423484696939	0.033186613688665906
8.160832166433286	0.03318776763738451
8.204240848169633	0.03303170784080678
8.247649529905981	0.032724525216032
8.291058211642328	0.03227658188537019
8.334466893378675	0.03170245793213536
8.377875575115022	0.03102015970953756
8.42128425685137	0.03024945002651025
8.464692938587717	0.029408944566811812
8.508101620324064	0.028511671639152247
8.55151030206041	0.027559705940612272
8.59491898379676	0.02654028608822956
8.638327665533106	0.025426960661478176
8.681736347269453	0.024187383829095965
8.7251450290058	0.022794651551728745
8.768553710742149	0.021235992879353488
8.811962392478495	0.019514766880257745
8.855371074214842	0.01764667494663069
8.898779755951189	0.01565398327442799
8.942188437687538	0.013560920953401112
8.985597119423884	0.011391286408996198
9.029005801160231	0.009167728738666558
9.072414482896578	0.006911740861916482
9.115823164632927	0.004643692395593091
9.159231846369273	0.002382676246595855
9.20264052810562	0.00014622870279401567
9.246049209841967	-0.0020499379948207275
9.289457891578316	-0.004192093253909401
9.332866573314663	-0.0062685083017191
9.37627525505101	-0.00826936056240657
9.419683936787356	-0.010186563642184482
9.463092618523705	-0.012013563767587915
9.506501300260052	-0.013745133993398828
9.549909981996398	-0.015377186270117665
9.593318663732745	-0.016906611500440108
9.636727345469094	-0.018331149480418446
9.68013602720544	-0.019649283821018382
9.723544708941787	-0.020860151626454784
9.766953390678134	-0.02196345471087152
9.810362072414483	-0.022959359986634092
9.85377075415083	-0.023848382801740953
9.897179435887177	-0.02463125845461203
9.940588117623523	-0.025308821049912736
9.983996799359872	-0.025881919441345658
10.027405481096219	-0.02635140065665921
10.070814162832566	-0.02671817880592263
10.114222844568912	-0.02698338549514509
10.157631526305261	-0.027148574838043532
10.201040208041608	-0.02721594021966288
10.244448889777955	-0.027188492181561497
10.287857571514301	-0.027070140527697267
10.33126625325065	-0.02686561155566257
10.374674934986997	-0.026580119409130035
10.418083616723344	-0.026218731681319024
10.46149229845969	-0.025785469542024736
10.50490098019604	-0.025282360663913248
10.548309661932386	-0.024708811182867968
10.591718343668733	-0.02406162294700258
10.63512702540508	-0.02333572098592379
10.678535707141428	-0.02252534185133631
10.721944388877775	-0.021625279955989896
10.765353070614122	-0.02063185634037723
10.808761752350469	-0.019543459616553432
10.852170434086817	-0.018360680266059345
10.895579115823164	-0.017086153249158978
10.938987797559511	-0.01572424444252643
10.982396479295858	-0.014280694575711406
11.025805161032206	-0.012762297717697421
11.069213842768553	-0.011176656209392621
11.1126225245049	-0.009532026605711758
11.156031206241249	-0.007837251754604313
11.199439887977595	-0.006101760429707143
11.242848569713942	-0.004335606703190581
11.286257251450289	-0.0025495169616608637
11.329665933186638	-0.0007549139934313331
11.373074614922984	0.001036105645381119
11.416483296659331	0.002810855206502816
11.459891978395678	0.00455620674385232
11.503300660132027	0.006258800866085462
11.546709341868373	0.00790530391814881
11.59011802360472	0.009482692630784217
11.633526705341067	0.010978544341641527
11.676935387077416	0.01238131375828308
11.720344068813763	0.013680582180200962
11.76375275055011	0.014867271146504851
11.807161432286456	0.015933822304905226
11.850570114022805	0.01687435967310494
11.893978795759152	0.017684861269158525
11.937387477495498	0.01836335799394076
11.980796159231845	0.018910134305421405
12.024204840968194	0.019327829344848196
12.06761352270454	0.019621256328125364
12.111022204440888	0.019796725850053848
12.154430886177234	0.019860744314846218
12.197839567913583	0.019818215636995234
12.24124824964993	0.019670670045227323
12.284656931386277	0.019415372792437047
12.328065613122623	0.01904608506690164
12.371474294858972	0.018555572976564044
12.414882976595319	0.017939007471863916
12.458291658331666	0.017196873350893455
12.501700340068012	0.016336331616029348
12.545109021804361	0.015370852827668757
12.588517703540708	0.014318689579488258
12.631926385277055	0.013200999772069538
12.675335067013402	0.01204025386050045
12.71874374874975	0.010859232484463383
12.762152430486097	0.00968062527319516
12.805561112222444	0.008526995077366067
12.84896979395879	0.007420609592961286
12.89237847569514	0.006382351122060453
12.935787157431486	0.0054287992364782656
12.979195839167833	0.004567153910800842
13.02260452090418	0.0037894079067727626
13.066013202640528	0.003069451824724928
13.109421884376875	0.0023670956323984804
13.152830566113222	0.0016391332823223193
13.196239247849569	0.0008520051456651911
13.239647929585917	-1.0744848803506679e-05
13.283056611322264	-0.0009486348232501107
13.326465293058611	-0.0019493804721785746
13.369873974794958	-0.002994956816642108
13.413282656531306	-0.004066146854100311
13.456691338267653	-0.005145084141199657
13.500100020004	-0.0062162830632838395
13.543508701740347	-0.007266809236011307
13.586917383476695	-0.008286064293183626
13.630326065213042	-0.009265450034099232
13.673734746949389	-0.010198034196910455
13.717143428685736	-0.011078263747958367
13.760552110422084	-0.011901737424102277
13.803960792158431	-0.012665036448679834
13.847369473894778	-0.013365607527028284
13.890778155631125	-0.014001687724430459
13.934186837367474	-0.014572252876569242
13.97759551910382	-0.015076959688129346
14.021004200840167	-0.01551604088990105
14.064412882576514	-0.015890111725897174
14.107821564312863	-0.016199866067768992
14.15123024604921	-0.01644568765741737
14.194638927785556	-0.016627264968062425
14.238047609521903	-0.01674334336365016
14.281456291258252	-0.016791737092754916
14.324864972994598	-0.01676964647387838
14.368273654730945	-0.016674218750524814
14.411682336467292	-0.016503212912273205
14.45509101820364	-0.016255615487274028
14.498499699939988	-0.015932098949974688
14.541908381676334	-0.015535282872160494
14.585317063412681	-0.015069818014735878
14.62872574514903	-0.014542350189085326
14.672134426885377	-0.013961432430303511
14.715543108621723	-0.013337438478335586
14.75895179035807	-0.01268246985943959
14.802360472094419	-0.012010111359624237
14.845769153830766	-0.011334684859847594
14.889177835567112	-0.010669552591609122
14.93258651730346	-0.010024381209870675
14.975995199039808	-0.009402201303051722
15.019403880776155	-0.008797860216012976
15.062812562512502	-0.00819903547344647
15.106221244248848	-0.00758948151145411
15.149629925985197	-0.006952989727078029
15.193038607721544	-0.0062765565006739354
15.23644728945789	-0.005552078147778389
15.279855971194237	-0.0047766828349941615
15.323264652930586	-0.003952170196052013
15.366673334666933	-0.0030840353137506216
15.41008201640328	-0.002180411910138569
15.453490698139627	-0.0012511178436070414
15.496899379875975	-0.00030687569898177336
15.540308061612322	0.0006412822819575614
15.583716743348669	0.0015824447515980222
15.627125425085016	0.0025061177166959825
15.670534106821364	0.003402420099718889
15.713942788557711	0.00426220979464656
15.757351470294058	0.005077166021010188
15.800760152030405	0.005839846201301624
15.844168833766753	0.006543728044291652
15.8875775155031	0.007183241225291376
15.930986197239447	0.0077537888538355415
15.974394878975794	0.008251757163156431
16.017803560712142	0.008674511770497939
16.061212242448487	0.009020379221503061
16.104620924184836	0.009288613021721626
16.148029605921185	0.00947934440634468
16.19143828765753	0.009593519658978977
16.234846969393878	0.009632827071749894
16.278255651130227	0.009599617013744954
16.321664332866572	0.009496818165922377
16.36507301460292	0.00932785233776462
16.408481696339265	0.009096549817141697
16.451890378075614	0.008807066965333538
16.495299059811963	0.008463807531593065
16.538707741548308	0.008071348733573708
16.582116423284656	0.0076343726489452035
16.625525105021005	0.007157603248854699
16.66893378675735	0.006645749656060351
16.7123424684937	0.00610345665238976
16.755751150230044	0.005535263594731721
16.799159831966392	0.004945572471691362
16.84256851370274	0.004338624956841536
16.885977195439086	0.0037184872219630793
16.929385877175434	0.0030890401456118155
16.972794558911783	0.002453971587513315
17.016203240648128	0.001816766889077004
17.059611922384477	0.0011806940622971773
17.10302060412082	0.0005487815972835819
17.14642928585717	-7.621040222485775e-05
17.18983796759352	-0.0006918213487916713
17.233246649329864	-0.0012959155705577763
17.276655331066213	-0.0018866918360849194
17.32006401280256	-0.0024626673431717705
17.363472694538906	-0.003022630258652209
17.406881376275255	-0.00356556152173082
17.4502900580116	-0.00409053441519483
17.49369873974795	-0.0045966068198455
17.537107421484297	-0.005082723935326244
17.580516103220642	-0.005547647828799407
17.62392478495699	-0.005989925226290466
17.66733346669334	-0.006407898133958895
17.710742148429684	-0.006799755004607166
17.754150830166033	-0.0071636147970352
17.797559511902378	-0.007497633230336531
17.840968193638727	-0.007800119617063422
17.884376875375075	-0.008069653046744063
17.92778555711142	-0.008305187828364036
17.97119423884777	-0.008506139923520117
18.014602920584117	-0.008672448220759688
18.058011602320462	-0.008804605902221069
18.10142028405681	-0.008903657499054779
18.144828965793156	-0.008971157935152047
18.188237647529505	-0.009009092807484909
18.231646329265853	-0.009019764455737989
18.2750550110022	-0.009005654122415024
18.318463692738547	-0.008969274590373
18.361872374474896	-0.008913029162738284
18.40528105621124	-0.008839091676926786
18.44868973794759	-0.008749318635039721
18.492098419683934	-0.008645199046702579
18.535507101420283	-0.00852784146474389
18.57891578315663	-0.008397992585144204
18.622324464892976	-0.008256078867483169
18.665733146629325	-0.008102262120786546
18.709141828365674	-0.0079365012769812
18.75255051010202	-0.007758614646990847
18.795959191838367	-0.007568338882685377
18.839367873574712	-0.0073653821693358545
18.88277655531106	-0.007149469963690563
18.92618523704741	-0.00692038221168792
18.969593918783755	-0.006677981525801985
19.013002600520103	-0.006422232171261227
19.05641128225645	-0.0061532099409614405
19.099819963992797	-0.005871103344835732
19.143228645729145	-0.005576207258179672
19.18663732746549	-0.00526891135820548
19.23004600920184	-0.004949687167174449
19.273454690938188	-0.004619078803133142
19.316863372674533	-0.004277702842560738
19.36027205441088	-0.0039262614062419154
19.40368073614723	-0.003565569709275601
19.447089417883575	-0.0031965956248183325
19.490498099619924	-0.00282050544088161
19.53390678135627	-0.0024387079562495917
19.577315463092617	-0.0020528887890981784
19.620724144828966	-0.0016650278106123961
19.66413282656531	-0.001277394037845575
19.70754150830166	-0.0008925138846311298
19.750950190038008	-0.0005131113102655183
19.794358871774353	-0.00014202275877336912
19.8377675535107	0.00021790546251970744
19.881176235247047	0.0005639268606295045
19.924584916983395	0.0008935008302862479
19.967993598719744	0.0012043857796410762
20.01140228045609	0.0014947113470017703
20.054810962192438	0.0017630230466683106
20.098219643928786	0.00200829464645938
20.14162832566513	0.0022299067601717903
20.18503700740148	0.0024275943021810076
20.228445689137825	0.0026013697202359742
20.271854370874173	0.0027514322791433177
20.315263052610522	0.0028780753546894244
20.358671734346867	0.0029816032786044167
20.402080416083216	0.0030622666828533374
20.445489097819564	0.0031202211735668617
20.48889777955591	0.003155510001680406
20.532306461292258	0.0031680685681486354
20.575715143028603	0.003157747098209096
20.61912382476495	0.0031243465016680405
20.6625325065013	0.003067660901473007
20.705941188237645	0.0029875197210242066
20.749349869973994	0.0028838236742942114
20.792758551710342	0.0027565719463972793
20.836167233446687	0.0026058808421956237
20.879575915183036	0.0024319964276640904
20.92298459691938	0.0022353050514187234
20.96639327865573	0.002016345896471483
21.00980196039208	0.0017758287566827236
21.053210642128423	0.0015146584007325603
21.096619323864772	0.0012339645278451605
21.14002800560112	0.0009351334699977398
21.183436687337466	0.0006198348655982178
21.226845369073814	0.0002900347821305771
21.27025405081016	-5.201264875420719e-05
21.313662732546508	-0.00040380031074241374
21.357071414282856	-0.0007626315516799376
21.4004800960192	-0.0011257100961911404
21.44388877775555	-0.001490250943317728
21.4872974594919	-0.0018536031652472973
21.530706141228244	-0.0022133724838923063
21.574114822964592	-0.002567529500221516
21.617523504700937	-0.0029144882550811713
21.660932186437286	-0.003253139619719292
21.704340868173635	-0.0035828267111704948
21.74774954990998	-0.003903257232684726
21.791158231646328	-0.004214359883394886
21.834566913382677	-0.004516105019733985
21.877975595119022	-0.004808318835096609
21.92138427685537	-0.005090522268870412
21.964792958591715	-0.005361820123731181
22.008201640328064	-0.005620854539238274
22.051610322064413	-0.0058658239499786435
22.095019003800758	-0.006094558033780062
22.138427685537106	-0.006304633339571375
22.181836367273455	-0.0064935132493339764
22.2252450490098	-0.00665869796281382
22.26865373074615	-0.00679787328049325
22.312062412482497	-0.00690904969783232
22.355471094218842	-0.006990685086790377
22.39887977595519	-0.0070417849702819335
22.442288457691536	-0.007061974422489098
22.485697139427884	-0.007051535603257636
22.529105821164233	-0.007011405704467816
22.572514502900578	-0.0069431323884451
22.615923184636927	-0.006848787848071303
22.659331866373275	-0.006730847823298969
22.70274054810962	-0.006592046977089955
22.74614922984597	-0.006435225515577403
22.789557911582314	-0.006263182879082507
22.832966593318663	-0.006078552592805014
22.87637527505501	-0.00588370851467937
22.919783956791356	-0.005680707746926972
22.963192638527705	-0.005471270488715874
23.006601320264053	-0.005256792941264493
23.0500100020004	-0.00503838642035534
23.093418683736747	-0.0048169341801763965
23.136827365473092	-0.004593157099310963
23.18023604720944	-0.004367680067488361
23.22364472894579	-0.004141092011796077
23.267053410682134	-0.003913993446425124
23.310462092418483	-0.0036870263310019857
23.35387077415483	-0.0034608825503206486
23.397279455891177	-0.0032362898601083767
23.440688137627525	-0.003013977282054797
23.48409681936387	-0.002794625016975222
23.52750550110022	-0.002578806711663162
23.570914182836567	-0.0023669343169475665
23.614322864572912	-0.0021592173572271833
23.65773154630926	-0.0019556482108079865
23.70114022804561	-0.0017560220067416588
23.744548909781955	-0.0015599937954373921
23.787957591518303	-0.0013671679639460088
23.83136627325465	-0.0011772079172019112
23.874774954990997	-0.00098995017591208
23.918183636727345	-0.0008055068044594271
23.96159231846369	-0.0006243422953288169
24.00500100020004	-0.0004473145562491898
24.048409681936388	-0.0002756743734760314
24.091818363672733	-0.00011102351700800761
24.13522704540908	4.476288025034858e-05
24.178635727145426	0.00018964072274399446
24.222044408881775	0.000321518450949132
24.265453090618124	0.0004383864659737169
24.30886177235447	0.000538445433152207
24.352270454090817	0.000620223724492247
24.395679135827166	0.0006826735743732937
24.43908781756351	0.0007252360144056891
24.48249649929986	0.0007478670383678776
24.525905181036205	0.000751021713927158
24.569313862772553	0.0007355983595414284
24.6127225445089	0.0007028501948698473
24.656131226245247	0.0006542758539717919
24.699539907981595	0.0005915021691616229
24.742948589717944	0.0005161725429154718
24.78635727145429	0.0004298520916790338
24.829765953190638	0.0003339569075469784
24.873174634926983	0.0002297101462088169
24.91658331666333	0.00011812350923703918
24.95999199839968	0.0
