0.00000000e+00 1.00000000e+00 0.00000000e+00 
2.00400802e-03 1.00000000e+00 0.00000000e+00 
4.00801603e-03 1.00000000e+00 0.00000000e+00 
6.01202405e-03 1.00000000e+00 0.00000000e+00 
8.01603206e-03 1.00000000e+00 0.00000000e+00 
1.00200401e-02 1.00000000e+00 0.00000000e+00 
1.20240481e-02 1.00000000e+00 0.00000000e+00 
1.40280561e-02 1.00000000e+00 0.00000000e+00 
1.60320641e-02 1.00000000e+00 0.00000000e+00 
1.80360721e-02 1.00000000e+00 0.00000000e+00 
2.00400802e-02 1.00000000e+00 0.00000000e+00 
2.20440882e-02 1.00000000e+00 0.00000000e+00 
2.40480962e-02 1.00000000e+00 0.00000000e+00 
2.60521042e-02 1.00000000e+00 0.00000000e+00 
2.80561122e-02 1.00000000e+00 0.00000000e+00 
3.00601202e-02 1.00000000e+00 0.00000000e+00 
3.20641283e-02 1.00000000e+00 0.00000000e+00 
3.40681363e-02 1.00000000e+00 0.00000000e+00 
3.60721443e-02 1.00000000e+00 0.00000000e+00 
3.80761523e-02 1.00000000e+00 0.00000000e+00 
4.00801603e-02 1.00000000e+00 0.00000000e+00 
4.20841683e-02 1.00000000e+00 0.00000000e+00 
4.40881764e-02 1.00000000e+00 0.00000000e+00 
4.60921844e-02 1.00000000e+00 0.00000000e+00 
4.80961924e-02 1.00000000e+00 0.00000000e+00 
5.01002004e-02 1.00000000e+00 0.00000000e+00 
5.21042084e-02 1.00000000e+00 0.00000000e+00 
5.41082164e-02 1.00000000e+00 0.00000000e+00 
5.61122244e-02 1.00000000e+00 0.00000000e+00 
5.81162325e-02 1.00000000e+00 0.00000000e+00 
6.01202405e-02 1.00000000e+00 0.00000000e+00 
6.21242485e-02 1.00000000e+00 0.00000000e+00 
6.41282565e-02 1.00000000e+00 0.00000000e+00 
6.61322645e-02 1.00000000e+00 0.00000000e+00 
6.81362725e-02 1.00000000e+00 0.00000000e+00 
7.01402806e-02 1.00000000e+00 0.00000000e+00 
7.21442886e-02 1.00000000e+00 0.00000000e+00 
7.41482966e-02 9.99999999e-01 0.00000000e+00 
7.61523046e-02 9.99999999e-01 0.00000000e+00 
7.81563126e-02 9.99999998e-01 0.00000000e+00 
8.01603206e-02 9.99999998e-01 0.00000000e+00 
8.21643287e-02 9.99999996e-01 0.00000000e+00 
8.41683367e-02 9.99999996e-01 0.00000000e+00 
8.61723447e-02 9.99999991e-01 0.00000000e+00 
8.81763527e-02 9.99999991e-01 0.00000000e+00 
9.01803607e-02 9.99999982e-01 0.00000000e+00 
9.21843687e-02 9.99999982e-01 0.00000000e+00 
9.41883768e-02 9.99999965e-01 0.00000000e+00 
9.61923848e-02 9.99999965e-01 0.00000000e+00 
9.81963928e-02 9.99999932e-01 0.00000000e+00 
1.00200401e-01 9.99999932e-01 0.00000000e+00 
1.02204409e-01 9.99999870e-01 0.00000000e+00 
1.04208417e-01 9.99999870e-01 0.00000000e+00 
1.06212425e-01 9.99999755e-01 0.00000000e+00 
1.08216433e-01 9.99999755e-01 0.00000000e+00 
1.10220441e-01 9.99999547e-01 0.00000000e+00 
1.12224449e-01 9.99999547e-01 0.00000000e+00 
1.14228457e-01 9.99999177e-01 0.00000000e+00 
1.16232465e-01 9.99999177e-01 0.00000000e+00 
1.18236473e-01 9.99998533e-01 0.00000000e+00 
1.20240481e-01 9.99998533e-01 0.00000000e+00 
1.22244489e-01 9.99997431e-01 0.00000000e+00 
1.24248497e-01 9.99997431e-01 0.00000000e+00 
1.26252505e-01 9.99995577e-01 0.00000000e+00 
1.28256513e-01 9.99995577e-01 0.00000000e+00 
1.30260521e-01 9.99992517e-01 0.00000000e+00 
1.32264529e-01 9.99992517e-01 0.00000000e+00 
1.34268537e-01 9.99987552e-01 0.00000000e+00 
1.36272545e-01 9.99987552e-01 0.00000000e+00 
1.38276553e-01 9.99979641e-01 0.00000000e+00 
1.40280561e-01 9.99979641e-01 0.00000000e+00 
1.42284569e-01 9.99967255e-01 0.00000000e+00 
1.44288577e-01 9.99967255e-01 0.00000000e+00 
1.46292585e-01 9.99948198e-01 0.00000000e+00 
1.48296593e-01 9.99948198e-01 0.00000000e+00 
1.50300601e-01 9.99919383e-01 0.00000000e+00 
1.52304609e-01 9.99919383e-01 0.00000000e+00 
1.54308617e-01 9.99876557e-01 0.00000000e+00 
1.56312625e-01 9.99876557e-01 0.00000000e+00 
1.58316633e-01 9.99813993e-01 0.00000000e+00 
1.60320641e-01 9.99813993e-01 0.00000000e+00 
1.62324649e-01 9.99724135e-01 0.00000000e+00 
1.64328657e-01 9.99724135e-01 0.00000000e+00 
1.66332665e-01 9.99597242e-01 0.00000000e+00 
1.68336673e-01 9.99597242e-01 0.00000000e+00 
1.70340681e-01 9.99421033e-01 0.00000000e+00 
1.72344689e-01 9.99421033e-01 0.00000000e+00 
1.74348697e-01 9.99180378e-01 0.00000000e+00 
1.76352705e-01 9.99180378e-01 0.00000000e+00 
1.78356713e-01 9.98857078e-01 0.00000000e+00 
1.80360721e-01 9.98857078e-01 0.00000000e+00 
1.82364729e-01 9.98429766e-01 0.00000000e+00 
1.84368737e-01 9.98429766e-01 0.00000000e+00 
1.86372745e-01 9.97873977e-01 0.00000000e+00 
1.88376754e-01 9.97873977e-01 0.00000000e+00 
1.90380762e-01 9.97162417e-01 0.00000000e+00 
1.92384770e-01 9.97162417e-01 0.00000000e+00 
1.94388778e-01 9.96265444e-01 0.00000000e+00 
1.96392786e-01 9.96265444e-01 0.00000000e+00 
1.98396794e-01 9.95151753e-01 0.00000000e+00 
2.00400802e-01 9.95151753e-01 0.00000000e+00 
2.02404810e-01 9.93789258e-01 0.00000000e+00 
2.04408818e-01 9.93789258e-01 0.00000000e+00 
2.06412826e-01 9.92146091e-01 0.00000000e+00 
2.08416834e-01 9.92146091e-01 0.00000000e+00 
2.10420842e-01 9.90191684e-01 0.00000000e+00 
2.12424850e-01 9.90191684e-01 0.00000000e+00 
2.14428858e-01 9.87897834e-01 0.00000000e+00 
2.16432866e-01 9.87897834e-01 0.00000000e+00 
2.18436874e-01 9.85239693e-01 0.00000000e+00 
2.20440882e-01 9.85239693e-01 0.00000000e+00 
2.22444890e-01 9.82196593e-01 0.00000000e+00 
2.24448898e-01 9.82196593e-01 0.00000000e+00 
2.26452906e-01 9.78752677e-01 0.00000000e+00 
2.28456914e-01 9.78752677e-01 0.00000000e+00 
2.30460922e-01 9.74897287e-01 0.00000000e+00 
2.32464930e-01 9.74897287e-01 0.00000000e+00 
2.34468938e-01 9.70625107e-01 0.00000000e+00 
2.36472946e-01 9.70625107e-01 0.00000000e+00 
2.38476954e-01 9.65936072e-01 0.00000000e+00 
2.40480962e-01 9.65936072e-01 0.00000000e+00 
2.42484970e-01 9.60835076e-01 0.00000000e+00 
2.44488978e-01 9.60835076e-01 0.00000000e+00 
2.46492986e-01 9.55331521e-01 0.00000000e+00 
2.48496994e-01 9.55331521e-01 0.00000000e+00 
2.50501002e-01 9.49438742e-01 0.00000000e+00 
2.52505010e-01 9.49438742e-01 0.00000000e+00 
2.54509018e-01 9.43173376e-01 0.00000000e+00 
2.56513026e-01 9.43173376e-01 0.00000000e+00 
2.58517034e-01 9.36554697e-01 0.00000000e+00 
2.60521042e-01 9.36554697e-01 0.00000000e+00 
2.62525050e-01 9.29603970e-01 0.00000000e+00 
2.64529058e-01 9.29603970e-01 0.00000000e+00 
2.66533066e-01 9.22343836e-01 0.00000000e+00 
2.68537074e-01 9.22343836e-01 0.00000000e+00 
2.70541082e-01 9.14797764e-01 0.00000000e+00 
2.72545090e-01 9.14797764e-01 0.00000000e+00 
2.74549098e-01 9.06989565e-01 0.00000000e+00 
2.76553106e-01 9.06989565e-01 0.00000000e+00 
2.78557114e-01 8.98942989e-01 0.00000000e+00 
2.80561122e-01 8.98942989e-01 0.00000000e+00 
2.82565130e-01 8.90681386e-01 0.00000000e+00 
2.84569138e-01 8.90681386e-01 0.00000000e+00 
2.86573146e-01 8.82227449e-01 0.00000000e+00 
2.88577154e-01 8.82227449e-01 0.00000000e+00 
2.90581162e-01 8.73603015e-01 0.00000000e+00 
2.92585170e-01 8.73603015e-01 0.00000000e+00 
2.94589178e-01 8.64828919e-01 0.00000000e+00 
2.96593186e-01 8.64828919e-01 0.00000000e+00 
2.98597194e-01 8.55924909e-01 0.00000000e+00 
3.00601202e-01 8.55924909e-01 0.00000000e+00 
3.02605210e-01 8.46909585e-01 0.00000000e+00 
3.04609218e-01 8.46909585e-01 0.00000000e+00 
3.06613226e-01 8.37800386e-01 0.00000000e+00 
3.08617234e-01 8.37800386e-01 0.00000000e+00 
3.10621242e-01 8.28613589e-01 0.00000000e+00 
3.12625251e-01 8.28613589e-01 0.00000000e+00 
3.14629259e-01 8.19364339e-01 0.00000000e+00 
3.16633267e-01 8.19364339e-01 0.00000000e+00 
3.18637275e-01 8.10066686e-01 0.00000000e+00 
3.20641283e-01 8.10066686e-01 0.00000000e+00 
3.22645291e-01 8.00733639e-01 0.00000000e+00 
3.24649299e-01 8.00733639e-01 0.00000000e+00 
3.26653307e-01 7.91377217e-01 0.00000000e+00 
3.28657315e-01 7.91377217e-01 0.00000000e+00 
3.30661323e-01 7.82008519e-01 0.00000000e+00 
3.32665331e-01 7.82008519e-01 0.00000000e+00 
3.34669339e-01 7.72637780e-01 0.00000000e+00 
3.36673347e-01 7.72637780e-01 0.00000000e+00 
3.38677355e-01 7.63274441e-01 0.00000000e+00 
3.40681363e-01 7.63274441e-01 0.00000000e+00 
3.42685371e-01 7.53927210e-01 0.00000000e+00 
3.44689379e-01 7.53927210e-01 0.00000000e+00 
3.46693387e-01 7.44604122e-01 0.00000000e+00 
3.48697395e-01 7.44604122e-01 0.00000000e+00 
3.50701403e-01 7.35312603e-01 0.00000000e+00 
3.52705411e-01 7.35312603e-01 0.00000000e+00 
3.54709419e-01 7.26059526e-01 0.00000000e+00 
3.56713427e-01 7.26059526e-01 0.00000000e+00 
3.58717435e-01 7.16851263e-01 0.00000000e+00 
3.60721443e-01 7.16851263e-01 0.00000000e+00 
3.62725451e-01 7.07693740e-01 0.00000000e+00 
3.64729459e-01 7.07693740e-01 0.00000000e+00 
3.66733467e-01 6.98592487e-01 0.00000000e+00 
3.68737475e-01 6.98592487e-01 0.00000000e+00 
3.70741483e-01 6.89552681e-01 0.00000000e+00 
3.72745491e-01 6.89552681e-01 0.00000000e+00 
3.74749499e-01 6.80579195e-01 0.00000000e+00 
3.76753507e-01 6.80579195e-01 0.00000000e+00 
3.78757515e-01 6.71676638e-01 0.00000000e+00 
3.80761523e-01 6.71676638e-01 0.00000000e+00 
3.82765531e-01 6.62849396e-01 0.00000000e+00 
3.84769539e-01 6.62849396e-01 0.00000000e+00 
3.86773547e-01 6.54101670e-01 0.00000000e+00 
3.88777555e-01 6.54101670e-01 0.00000000e+00 
3.90781563e-01 6.45437517e-01 0.00000000e+00 
3.92785571e-01 6.45437517e-01 0.00000000e+00 
3.94789579e-01 6.36860881e-01 0.00000000e+00 
3.96793587e-01 6.36860881e-01 0.00000000e+00 
3.98797595e-01 6.28375634e-01 0.00000000e+00 
4.00801603e-01 6.28375634e-01 0.00000000e+00 
4.02805611e-01 6.19985610e-01 0.00000000e+00 
4.04809619e-01 6.19985610e-01 0.00000000e+00 
4.06813627e-01 6.11694637e-01 0.00000000e+00 
4.08817635e-01 6.11694637e-01 0.00000000e+00 
4.10821643e-01 6.03506575e-01 0.00000000e+00 
4.12825651e-01 6.03506575e-01 0.00000000e+00 
4.14829659e-01 5.95425347e-01 0.00000000e+00 
4.16833667e-01 5.95425347e-01 0.00000000e+00 
4.18837675e-01 5.87454981e-01 0.00000000e+00 
4.20841683e-01 5.87454981e-01 0.00000000e+00 
4.22845691e-01 5.79599636e-01 0.00000000e+00 
4.24849699e-01 5.79599636e-01 0.00000000e+00 
4.26853707e-01 5.71863644e-01 0.00000000e+00 
4.28857715e-01 5.71863644e-01 0.00000000e+00 
4.30861723e-01 5.64251545e-01 0.00000000e+00 
4.32865731e-01 5.64251545e-01 0.00000000e+00 
4.34869739e-01 5.56768120e-01 0.00000000e+00 
4.36873747e-01 5.56768120e-01 0.00000000e+00 
4.38877756e-01 5.49418425e-01 0.00000000e+00 
4.40881764e-01 5.49418425e-01 0.00000000e+00 
4.42885772e-01 5.42207832e-01 0.00000000e+00 
4.44889780e-01 5.42207832e-01 0.00000000e+00 
4.46893788e-01 5.35142054e-01 0.00000000e+00 
4.48897796e-01 5.35142054e-01 0.00000000e+00 
4.50901804e-01 5.28227175e-01 0.00000000e+00 
4.52905812e-01 5.28227175e-01 0.00000000e+00 
4.54909820e-01 5.21469678e-01 0.00000000e+00 
4.56913828e-01 5.21469678e-01 0.00000000e+00 
4.58917836e-01 5.14876463e-01 0.00000000e+00 
4.60921844e-01 5.14876463e-01 0.00000000e+00 
4.62925852e-01 5.08454852e-01 0.00000000e+00 
4.64929860e-01 5.08454852e-01 0.00000000e+00 
4.66933868e-01 5.02212591e-01 0.00000000e+00 
4.68937876e-01 5.02212591e-01 0.00000000e+00 
4.70941884e-01 4.96157833e-01 0.00000000e+00 
4.72945892e-01 4.96157833e-01 0.00000000e+00 
4.74949900e-01 4.90299098e-01 0.00000000e+00 
4.76953908e-01 4.90299098e-01 0.00000000e+00 
4.78957916e-01 4.84645217e-01 0.00000000e+00 
4.80961924e-01 4.84645217e-01 0.00000000e+00 
4.82965932e-01 4.79205247e-01 0.00000000e+00 
4.84969940e-01 4.79205247e-01 0.00000000e+00 
4.86973948e-01 4.73988342e-01 0.00000000e+00 
4.88977956e-01 4.73988342e-01 0.00000000e+00 
4.90981964e-01 4.69003609e-01 0.00000000e+00 
4.92985972e-01 4.69003609e-01 0.00000000e+00 
4.94989980e-01 4.64259904e-01 0.00000000e+00 
4.96993988e-01 4.64259904e-01 0.00000000e+00 
4.98997996e-01 4.59765596e-01 0.00000000e+00 
5.01002004e-01 4.59765596e-01 0.00000000e+00 
5.03006012e-01 4.55528296e-01 0.00000000e+00 
5.05010020e-01 4.55528296e-01 0.00000000e+00 
5.07014028e-01 4.51554540e-01 0.00000000e+00 
5.09018036e-01 4.51554540e-01 0.00000000e+00 
5.11022044e-01 4.47849456e-01 0.00000000e+00 
5.13026052e-01 4.47849456e-01 0.00000000e+00 
5.15030060e-01 4.44416411e-01 0.00000000e+00 
5.17034068e-01 4.44416411e-01 0.00000000e+00 
5.19038076e-01 4.41256668e-01 0.00000000e+00 
5.21042084e-01 4.41256668e-01 0.00000000e+00 
5.23046092e-01 4.38369072e-01 0.00000000e+00 
5.25050100e-01 4.38369072e-01 0.00000000e+00 
5.27054108e-01 4.35749785e-01 0.00000000e+00 
5.29058116e-01 4.35749785e-01 0.00000000e+00 
5.31062124e-01 4.33392104e-01 0.00000000e+00 
5.33066132e-01 4.33392104e-01 0.00000000e+00 
5.35070140e-01 4.31286381e-01 0.00000000e+00 
5.37074148e-01 4.31286381e-01 0.00000000e+00 
5.39078156e-01 4.29420054e-01 0.00000000e+00 
5.41082164e-01 4.29420054e-01 0.00000000e+00 
5.43086172e-01 4.27777813e-01 0.00000000e+00 
5.45090180e-01 4.27777813e-01 0.00000000e+00 
5.47094188e-01 4.26341878e-01 0.00000000e+00 
5.49098196e-01 4.26341878e-01 0.00000000e+00 
5.51102204e-01 4.25092381e-01 0.00000000e+00 
5.53106212e-01 4.25092381e-01 0.00000000e+00 
5.55110220e-01 4.24007819e-01 0.00000000e+00 
5.57114228e-01 4.24007819e-01 0.00000000e+00 
5.59118236e-01 4.23065540e-01 0.00000000e+00 
5.61122244e-01 4.23065540e-01 0.00000000e+00 
5.63126253e-01 4.22242217e-01 0.00000000e+00 
5.65130261e-01 4.22242217e-01 0.00000000e+00 
5.67134269e-01 4.21514263e-01 0.00000000e+00 
5.69138277e-01 4.21514263e-01 0.00000000e+00 
5.71142285e-01 4.20858158e-01 0.00000000e+00 
5.73146293e-01 4.20858158e-01 0.00000000e+00 
5.75150301e-01 4.20250646e-01 0.00000000e+00 
5.77154309e-01 4.20250646e-01 0.00000000e+00 
5.79158317e-01 4.19668808e-01 0.00000000e+00 
5.81162325e-01 4.19668808e-01 0.00000000e+00 
5.83166333e-01 4.19089985e-01 0.00000000e+00 
5.85170341e-01 4.19089985e-01 0.00000000e+00 
5.87174349e-01 4.18491593e-01 0.00000000e+00 
5.89178357e-01 4.18491593e-01 0.00000000e+00 
5.91182365e-01 4.17850823e-01 0.00000000e+00 
5.93186373e-01 4.17850823e-01 0.00000000e+00 
5.95190381e-01 4.17144306e-01 0.00000000e+00 
5.97194389e-01 4.17144306e-01 0.00000000e+00 
5.99198397e-01 4.16347735e-01 0.00000000e+00 
6.01202405e-01 4.16347735e-01 0.00000000e+00 
6.03206413e-01 4.15435542e-01 0.00000000e+00 
6.05210421e-01 4.15435542e-01 0.00000000e+00 
6.07214429e-01 4.14380642e-01 0.00000000e+00 
6.09218437e-01 4.14380642e-01 0.00000000e+00 
6.11222445e-01 4.13154316e-01 0.00000000e+00 
6.13226453e-01 4.13154316e-01 0.00000000e+00 
6.15230461e-01 4.11726277e-01 0.00000000e+00 
6.17234469e-01 4.11726277e-01 0.00000000e+00 
6.19238477e-01 4.10064943e-01 0.00000000e+00 
6.21242485e-01 4.10064943e-01 0.00000000e+00 
6.23246493e-01 4.08137972e-01 0.00000000e+00 
6.25250501e-01 4.08137972e-01 0.00000000e+00 
6.27254509e-01 4.05913055e-01 0.00000000e+00 
6.29258517e-01 4.05913055e-01 0.00000000e+00 
6.31262525e-01 4.03358974e-01 0.00000000e+00 
6.33266533e-01 4.03358974e-01 0.00000000e+00 
6.35270541e-01 4.00446910e-01 0.00000000e+00 
6.37274549e-01 4.00446910e-01 0.00000000e+00 
6.39278557e-01 3.97151939e-01 0.00000000e+00 
6.41282565e-01 3.97151939e-01 0.00000000e+00 
6.43286573e-01 3.93454665e-01 0.00000000e+00 
6.45290581e-01 3.93454665e-01 0.00000000e+00 
6.47294589e-01 3.89342880e-01 0.00000000e+00 
6.49298597e-01 3.89342880e-01 0.00000000e+00 
6.51302605e-01 3.84813158e-01 0.00000000e+00 
6.53306613e-01 3.84813158e-01 0.00000000e+00 
6.55310621e-01 3.79872244e-01 0.00000000e+00 
6.57314629e-01 3.79872244e-01 0.00000000e+00 
6.59318637e-01 3.74538116e-01 0.00000000e+00 
6.61322645e-01 3.74538116e-01 0.00000000e+00 
6.63326653e-01 3.68840606e-01 0.00000000e+00 
6.65330661e-01 3.68840606e-01 0.00000000e+00 
6.67334669e-01 3.62821475e-01 0.00000000e+00 
6.69338677e-01 3.62821475e-01 0.00000000e+00 
6.71342685e-01 3.56533873e-01 0.00000000e+00 
6.73346693e-01 3.56533873e-01 0.00000000e+00 
6.75350701e-01 3.50041169e-01 0.00000000e+00 
6.77354709e-01 3.50041169e-01 0.00000000e+00 
6.79358717e-01 3.43415162e-01 0.00000000e+00 
6.81362725e-01 3.43415162e-01 0.00000000e+00 
6.83366733e-01 3.36733747e-01 0.00000000e+00 
6.85370741e-01 3.36733747e-01 0.00000000e+00 
6.87374749e-01 3.30078158e-01 0.00000000e+00 
6.89378758e-01 3.30078158e-01 0.00000000e+00 
6.91382766e-01 3.23529957e-01 0.00000000e+00 
6.93386774e-01 3.23529957e-01 0.00000000e+00 
6.95390782e-01 3.17167928e-01 0.00000000e+00 
6.97394790e-01 3.17167928e-01 0.00000000e+00 
6.99398798e-01 3.11065101e-01 0.00000000e+00 
7.01402806e-01 3.11065101e-01 0.00000000e+00 
7.03406814e-01 3.05286085e-01 0.00000000e+00 
7.05410822e-01 3.05286085e-01 0.00000000e+00 
7.07414830e-01 2.99884875e-01 0.00000000e+00 
7.09418838e-01 2.99884875e-01 0.00000000e+00 
7.11422846e-01 2.94903261e-01 0.00000000e+00 
7.13426854e-01 2.94903261e-01 0.00000000e+00 
7.15430862e-01 2.90369925e-01 0.00000000e+00 
7.17434870e-01 2.90369925e-01 0.00000000e+00 
7.19438878e-01 2.86300252e-01 0.00000000e+00 
7.21442886e-01 2.86300252e-01 0.00000000e+00 
7.23446894e-01 2.82696804e-01 0.00000000e+00 
7.25450902e-01 2.82696804e-01 0.00000000e+00 
7.27454910e-01 2.79550414e-01 0.00000000e+00 
7.29458918e-01 2.79550414e-01 0.00000000e+00 
7.31462926e-01 2.76841741e-01 0.00000000e+00 
7.33466934e-01 2.76841741e-01 0.00000000e+00 
7.35470942e-01 2.74543179e-01 0.00000000e+00 
7.37474950e-01 2.74543179e-01 0.00000000e+00 
7.39478958e-01 2.72620933e-01 0.00000000e+00 
7.41482966e-01 2.72620933e-01 0.00000000e+00 
7.43486974e-01 2.71037143e-01 0.00000000e+00 
7.45490982e-01 2.71037143e-01 0.00000000e+00 
7.47494990e-01 2.69751891e-01 0.00000000e+00 
7.49498998e-01 2.69751891e-01 0.00000000e+00 
7.51503006e-01 2.68725009e-01 0.00000000e+00 
7.53507014e-01 2.68725009e-01 0.00000000e+00 
7.55511022e-01 2.67917588e-01 0.00000000e+00 
7.57515030e-01 2.67917588e-01 0.00000000e+00 
7.59519038e-01 2.67293163e-01 0.00000000e+00 
7.61523046e-01 2.67293163e-01 0.00000000e+00 
7.63527054e-01 2.66818552e-01 0.00000000e+00 
7.65531062e-01 2.66818552e-01 0.00000000e+00 
7.67535070e-01 2.66464363e-01 0.00000000e+00 
7.69539078e-01 2.66464363e-01 0.00000000e+00 
7.71543086e-01 2.66205216e-01 0.00000000e+00 
7.73547094e-01 2.66205216e-01 0.00000000e+00 
7.75551102e-01 2.66019710e-01 0.00000000e+00 
7.77555110e-01 2.66019710e-01 0.00000000e+00 
7.79559118e-01 2.65890212e-01 0.00000000e+00 
7.81563126e-01 2.65890212e-01 0.00000000e+00 
7.83567134e-01 2.65802504e-01 0.00000000e+00 
7.85571142e-01 2.65802504e-01 0.00000000e+00 
7.87575150e-01 2.65745346e-01 0.00000000e+00 
7.89579158e-01 2.65745346e-01 0.00000000e+00 
7.91583166e-01 2.65709976e-01 0.00000000e+00 
7.93587174e-01 2.65709976e-01 0.00000000e+00 
7.95591182e-01 2.65689565e-01 0.00000000e+00 
7.97595190e-01 2.65689565e-01 0.00000000e+00 
7.99599198e-01 2.65678565e-01 0.00000000e+00 
8.01603206e-01 2.65678565e-01 0.00000000e+00 
8.03607214e-01 2.65671832e-01 0.00000000e+00 
8.05611222e-01 2.65671832e-01 0.00000000e+00 
8.07615230e-01 2.65663188e-01 0.00000000e+00 
8.09619238e-01 2.65663188e-01 0.00000000e+00 
8.11623246e-01 2.65642695e-01 0.00000000e+00 
8.13627255e-01 2.65642695e-01 0.00000000e+00 
8.15631263e-01 2.65591027e-01 0.00000000e+00 
8.17635271e-01 2.65591027e-01 0.00000000e+00 
8.19639279e-01 2.65467422e-01 0.00000000e+00 
8.21643287e-01 2.65467422e-01 0.00000000e+00 
8.23647295e-01 2.65183676e-01 0.00000000e+00 
8.25651303e-01 2.65183676e-01 0.00000000e+00 
8.27655311e-01 2.64548534e-01 0.00000000e+00 
8.29659319e-01 2.64548534e-01 0.00000000e+00 
8.31663327e-01 2.63152653e-01 0.00000000e+00 
8.33667335e-01 2.63152653e-01 0.00000000e+00 
8.35671343e-01 2.60149228e-01 0.00000000e+00 
8.37675351e-01 2.60149228e-01 0.00000000e+00 
8.39679359e-01 2.53916833e-01 0.00000000e+00 
8.41683367e-01 2.53916833e-01 0.00000000e+00 
8.43687375e-01 2.41854155e-01 0.00000000e+00 
8.45691383e-01 2.41854155e-01 0.00000000e+00 
8.47695391e-01 2.21335773e-01 0.00000000e+00 
8.49699399e-01 2.21335773e-01 0.00000000e+00 
8.51703407e-01 1.93141980e-01 0.00000000e+00 
8.53707415e-01 1.93141980e-01 0.00000000e+00 
8.55711423e-01 1.64394288e-01 0.00000000e+00 
8.57715431e-01 1.64394288e-01 0.00000000e+00 
8.59719439e-01 1.43547545e-01 0.00000000e+00 
8.61723447e-01 1.43547545e-01 0.00000000e+00 
8.63727455e-01 1.32463961e-01 0.00000000e+00 
8.65731463e-01 1.32463961e-01 0.00000000e+00 
8.67735471e-01 1.27740848e-01 0.00000000e+00 
8.69739479e-01 1.27740848e-01 0.00000000e+00 
8.71743487e-01 1.25963807e-01 0.00000000e+00 
8.73747495e-01 1.25963807e-01 0.00000000e+00 
8.75751503e-01 1.25332895e-01 0.00000000e+00 
8.77755511e-01 1.25332895e-01 0.00000000e+00 
8.79759519e-01 1.25114185e-01 0.00000000e+00 
8.81763527e-01 1.25114185e-01 0.00000000e+00 
8.83767535e-01 1.25039060e-01 0.00000000e+00 
8.85771543e-01 1.25039060e-01 0.00000000e+00 
8.87775551e-01 1.25013346e-01 0.00000000e+00 
8.89779559e-01 1.25013346e-01 0.00000000e+00 
8.91783567e-01 1.25004556e-01 0.00000000e+00 
8.93787575e-01 1.25004556e-01 0.00000000e+00 
8.95791583e-01 1.25001555e-01 0.00000000e+00 
8.97795591e-01 1.25001555e-01 0.00000000e+00 
8.99799599e-01 1.25000530e-01 0.00000000e+00 
9.01803607e-01 1.25000530e-01 0.00000000e+00 
9.03807615e-01 1.25000180e-01 0.00000000e+00 
9.05811623e-01 1.25000180e-01 0.00000000e+00 
9.07815631e-01 1.25000061e-01 0.00000000e+00 
9.09819639e-01 1.25000061e-01 0.00000000e+00 
9.11823647e-01 1.25000021e-01 0.00000000e+00 
9.13827655e-01 1.25000021e-01 0.00000000e+00 
9.15831663e-01 1.25000007e-01 0.00000000e+00 
9.17835671e-01 1.25000007e-01 0.00000000e+00 
9.19839679e-01 1.25000002e-01 0.00000000e+00 
9.21843687e-01 1.25000002e-01 0.00000000e+00 
9.23847695e-01 1.25000001e-01 0.00000000e+00 
9.25851703e-01 1.25000001e-01 0.00000000e+00 
9.27855711e-01 1.25000000e-01 0.00000000e+00 
9.29859719e-01 1.25000000e-01 0.00000000e+00 
9.31863727e-01 1.25000000e-01 0.00000000e+00 
9.33867735e-01 1.25000000e-01 0.00000000e+00 
9.35871743e-01 1.25000000e-01 0.00000000e+00 
9.37875752e-01 1.25000000e-01 0.00000000e+00 
9.39879760e-01 1.25000000e-01 0.00000000e+00 
9.41883768e-01 1.25000000e-01 0.00000000e+00 
9.43887776e-01 1.25000000e-01 0.00000000e+00 
9.45891784e-01 1.25000000e-01 0.00000000e+00 
9.47895792e-01 1.25000000e-01 0.00000000e+00 
9.49899800e-01 1.25000000e-01 0.00000000e+00 
9.51903808e-01 1.25000000e-01 0.00000000e+00 
9.53907816e-01 1.25000000e-01 0.00000000e+00 
9.55911824e-01 1.25000000e-01 0.00000000e+00 
9.57915832e-01 1.25000000e-01 0.00000000e+00 
9.59919840e-01 1.25000000e-01 0.00000000e+00 
9.61923848e-01 1.25000000e-01 0.00000000e+00 
9.63927856e-01 1.25000000e-01 0.00000000e+00 
9.65931864e-01 1.25000000e-01 0.00000000e+00 
9.67935872e-01 1.25000000e-01 0.00000000e+00 
9.69939880e-01 1.25000000e-01 0.00000000e+00 
9.71943888e-01 1.25000000e-01 0.00000000e+00 
9.73947896e-01 1.25000000e-01 0.00000000e+00 
9.75951904e-01 1.25000000e-01 0.00000000e+00 
9.77955912e-01 1.25000000e-01 0.00000000e+00 
9.79959920e-01 1.25000000e-01 0.00000000e+00 
9.81963928e-01 1.25000000e-01 0.00000000e+00 
9.83967936e-01 1.25000000e-01 0.00000000e+00 
9.85971944e-01 1.25000000e-01 0.00000000e+00 
9.87975952e-01 1.25000000e-01 0.00000000e+00 
9.89979960e-01 1.25000000e-01 0.00000000e+00 
9.91983968e-01 1.25000000e-01 0.00000000e+00 
9.93987976e-01 1.25000000e-01 0.00000000e+00 
9.95991984e-01 1.25000000e-01 0.00000000e+00 
9.97995992e-01 1.25000000e-01 0.00000000e+00 
1.00000000e+00 1.25000000e-01 0.00000000e+00 
