0.00000000e+00 1.00000000e+00 7.48665848e-23 
5.00250125e-04 1.00000000e+00 7.48665848e-23 
1.00050025e-03 1.00000000e+00 7.48665848e-23 
1.50075038e-03 1.00000000e+00 1.16888277e-22 
2.00100050e-03 1.00000000e+00 1.16888277e-22 
2.50125063e-03 1.00000000e+00 2.24419749e-22 
3.00150075e-03 1.00000000e+00 2.24419749e-22 
3.50175088e-03 1.00000000e+00 4.57506920e-22 
4.00200100e-03 1.00000000e+00 4.57506920e-22 
4.50225113e-03 1.00000000e+00 9.46134784e-22 
5.00250125e-03 1.00000000e+00 9.46134784e-22 
5.50275138e-03 1.00000000e+00 1.96240506e-21 
6.00300150e-03 1.00000000e+00 1.96240506e-21 
6.50325163e-03 1.00000000e+00 4.07145009e-21 
7.00350175e-03 1.00000000e+00 4.07145009e-21 
7.50375188e-03 1.00000000e+00 8.44453605e-21 
8.00400200e-03 1.00000000e+00 8.44453605e-21 
8.50425213e-03 1.00000000e+00 1.75073954e-20 
9.00450225e-03 1.00000000e+00 1.75073954e-20 
9.50475238e-03 1.00000000e+00 3.62818952e-20 
1.00050025e-02 1.00000000e+00 3.62818952e-20 
1.05052526e-02 1.00000000e+00 7.51616346e-20 
1.10055028e-02 1.00000000e+00 7.51616346e-20 
1.15057529e-02 1.00000000e+00 1.55652268e-19 
1.20060030e-02 1.00000000e+00 1.55652268e-19 
1.25062531e-02 1.00000000e+00 3.22238960e-19 
1.30065033e-02 1.00000000e+00 3.22238960e-19 
1.35067534e-02 1.00000000e+00 6.66911589e-19 
1.40070035e-02 1.00000000e+00 6.66911589e-19 
1.45072536e-02 1.00000000e+00 1.37982943e-18 
1.50075038e-02 1.00000000e+00 1.37982943e-18 
1.55077539e-02 1.00000000e+00 2.85391103e-18 
1.60080040e-02 1.00000000e+00 2.85391103e-18 
1.65082541e-02 1.00000000e+00 5.90047198e-18 
1.70085043e-02 1.00000000e+00 5.90047198e-18 
1.75087544e-02 1.00000000e+00 1.21932112e-17 
1.80090045e-02 1.00000000e+00 1.21932112e-17 
1.85092546e-02 1.00000000e+00 2.51863274e-17 
1.90095048e-02 1.00000000e+00 2.51863274e-17 
1.95097549e-02 1.00000000e+00 5.20237705e-17 
2.00100050e-02 1.00000000e+00 5.20237705e-17 
2.05102551e-02 1.00000000e+00 1.07363683e-16 
2.10105053e-02 1.00000000e+00 1.07363683e-16 
2.15107554e-02 1.00000000e+00 2.21330487e-16 
2.20110055e-02 1.00000000e+00 2.21330487e-16 
2.25112556e-02 1.00000000e+00 4.53733630e-16 
2.30115058e-02 1.00000000e+00 4.53733630e-16 
2.35117559e-02 1.00000000e+00 9.25652371e-16 
2.40120060e-02 1.00000000e+00 9.25652371e-16 
2.45122561e-02 1.00000000e+00 1.71287225e-15 
2.50125063e-02 1.00000000e+00 1.71287225e-15 
2.55127564e-02 1.00000000e+00 2.83165471e-15 
2.60130065e-02 1.00000000e+00 2.83165471e-15 
2.65132566e-02 1.00000000e+00 4.11465944e-15 
2.70135068e-02 1.00000000e+00 4.11465944e-15 
2.75137569e-02 1.00000000e+00 5.60868591e-15 
2.80140070e-02 1.00000000e+00 5.60868591e-15 
2.85142571e-02 1.00000000e+00 7.46141660e-15 
2.90145073e-02 1.00000000e+00 7.46141660e-15 
2.95147574e-02 1.00000000e+00 9.83791145e-15 
3.00150075e-02 1.00000000e+00 9.83791145e-15 
3.05152576e-02 1.00000000e+00 1.29072938e-14 
3.10155078e-02 1.00000000e+00 1.29072938e-14 
3.15157579e-02 1.00000000e+00 1.68489315e-14 
3.20160080e-02 1.00000000e+00 1.68489315e-14 
3.25162581e-02 1.00000000e+00 2.18444361e-14 
3.30165083e-02 1.00000000e+00 2.18444361e-14 
3.35167584e-02 1.00000000e+00 2.81638463e-14 
3.40170085e-02 1.00000000e+00 2.81638463e-14 
3.45172586e-02 1.00000000e+00 3.61742809e-14 
3.50175088e-02 1.00000000e+00 3.61742809e-14 
3.55177589e-02 1.00000000e+00 4.63445064e-14 
3.60180090e-02 1.00000000e+00 4.63445064e-14 
3.65182591e-02 1.00000000e+00 5.91503636e-14 
3.70185093e-02 1.00000000e+00 5.91503636e-14 
3.75187594e-02 1.00000000e+00 7.53268842e-14 
3.80190095e-02 1.00000000e+00 7.53268842e-14 
3.85192596e-02 1.00000000e+00 9.56983157e-14 
3.90195098e-02 1.00000000e+00 9.56983157e-14 
3.95197599e-02 1.00000000e+00 1.21317821e-13 
4.00200100e-02 1.00000000e+00 1.21317821e-13 
4.05202601e-02 1.00000000e+00 1.53525694e-13 
4.10205103e-02 1.00000000e+00 1.53525694e-13 
4.15207604e-02 1.00000000e+00 1.94004669e-13 
4.20210105e-02 1.00000000e+00 1.94004669e-13 
4.25212606e-02 1.00000000e+00 2.44778317e-13 
4.30215108e-02 1.00000000e+00 2.44778317e-13 
4.35217609e-02 1.00000000e+00 3.08451299e-13 
4.40220110e-02 1.00000000e+00 3.08451299e-13 
4.45222611e-02 1.00000000e+00 3.88121776e-13 
4.50225113e-02 1.00000000e+00 3.88121776e-13 
4.55227614e-02 1.00000000e+00 4.87758168e-13 
4.60230115e-02 1.00000000e+00 4.87758168e-13 
4.65232616e-02 1.00000000e+00 6.12264175e-13 
4.70235118e-02 1.00000000e+00 6.12264175e-13 
4.75237619e-02 1.00000000e+00 7.67563447e-13 
4.80240120e-02 1.00000000e+00 7.67563447e-13 
4.85242621e-02 1.00000000e+00 9.61226324e-13 
4.90245123e-02 1.00000000e+00 9.61226324e-13 
4.95247624e-02 1.00000000e+00 1.20243425e-12 
5.00250125e-02 1.00000000e+00 1.20243425e-12 
5.05252626e-02 1.00000000e+00 1.50266922e-12 
5.10255128e-02 1.00000000e+00 1.50266922e-12 
5.15257629e-02 1.00000000e+00 1.87582279e-12 
5.20260130e-02 1.00000000e+00 1.87582279e-12 
5.25262631e-02 1.00000000e+00 2.33916310e-12 
5.30265133e-02 1.00000000e+00 2.33916310e-12 
5.35267634e-02 1.00000000e+00 2.91379372e-12 
5.40270135e-02 1.00000000e+00 2.91379372e-12 
5.45272636e-02 1.00000000e+00 3.62571156e-12 
5.50275138e-02 1.00000000e+00 3.62571156e-12 
5.55277639e-02 1.00000000e+00 4.50684028e-12 
5.60280140e-02 1.00000000e+00 4.50684028e-12 
5.65282641e-02 1.00000000e+00 5.59623528e-12 
5.70285143e-02 1.00000000e+00 5.59623528e-12 
5.75287644e-02 1.00000000e+00 6.94173298e-12 
5.80290145e-02 1.00000000e+00 6.94173298e-12 
5.85292646e-02 1.00000000e+00 8.60170282e-12 
5.90295148e-02 1.00000000e+00 8.60170282e-12 
5.95297649e-02 1.00000000e+00 1.06474707e-11 
6.00300150e-02 1.00000000e+00 1.06474707e-11 
6.05302651e-02 1.00000000e+00 1.31659277e-11 
6.10305153e-02 1.00000000e+00 1.31659277e-11 
6.15307654e-02 1.00000000e+00 1.62630461e-11 
6.20310155e-02 1.00000000e+00 1.62630461e-11 
6.25312656e-02 1.00000000e+00 2.00678111e-11 
6.30315158e-02 1.00000000e+00 2.00678111e-11 
6.35317659e-02 1.00000000e+00 2.47369324e-11 
6.40320160e-02 1.00000000e+00 2.47369324e-11 
6.45322661e-02 1.00000000e+00 3.04606364e-11 
6.50325163e-02 1.00000000e+00 3.04606364e-11 
6.55327664e-02 1.00000000e+00 3.74696382e-11 
6.60330165e-02 1.00000000e+00 3.74696382e-11 
6.65332666e-02 1.00000000e+00 4.60434443e-11 
6.70335168e-02 1.00000000e+00 4.60434443e-11 
6.75337669e-02 1.00000000e+00 5.65202133e-11 
6.80340170e-02 1.00000000e+00 5.65202133e-11 
6.85342671e-02 1.00000000e+00 6.93087230e-11 
6.90345173e-02 1.00000000e+00 6.93087230e-11 
6.95347674e-02 1.00000000e+00 8.49025188e-11 
7.00350175e-02 1.00000000e+00 8.49025188e-11 
7.05352676e-02 1.00000000e+00 1.03896656e-10 
7.10355178e-02 1.00000000e+00 1.03896656e-10 
7.15357679e-02 1.00000000e+00 1.27008100e-10 
7.20360180e-02 1.00000000e+00 1.27008100e-10 
7.25362681e-02 1.00000000e+00 1.55099406e-10 
7.30365183e-02 1.00000000e+00 1.55099406e-10 
7.35367684e-02 1.00000000e+00 1.89207251e-10 
7.40370185e-02 1.00000000e+00 1.89207251e-10 
7.45372686e-02 1.00000000e+00 2.30576153e-10 
7.50375188e-02 1.00000000e+00 2.30576153e-10 
7.55377689e-02 1.00000000e+00 2.80698551e-10 
7.60380190e-02 1.00000000e+00 2.80698551e-10 
7.65382691e-02 1.00000000e+00 3.41362139e-10 
7.70385193e-02 1.00000000e+00 3.41362139e-10 
7.75387694e-02 1.00000000e+00 4.14705699e-10 
7.80390195e-02 1.00000000e+00 4.14705699e-10 
7.85392696e-02 1.00000000e+00 5.03285429e-10 
7.90395198e-02 1.00000000e+00 5.03285429e-10 
7.95397699e-02 9.99999999e-01 6.10152668e-10 
8.00400200e-02 9.99999999e-01 6.10152668e-10 
8.05402701e-02 9.99999999e-01 7.38945767e-10 
8.10405203e-02 9.99999999e-01 7.38945767e-10 
8.15407704e-02 9.99999999e-01 8.93998345e-10 
8.20410205e-02 9.99999999e-01 8.93998345e-10 
8.25412706e-02 9.99999999e-01 1.08046594e-09 
8.30415208e-02 9.99999999e-01 1.08046594e-09 
8.35417709e-02 9.99999999e-01 1.30447504e-09 
8.40420210e-02 9.99999999e-01 1.30447504e-09 
8.45422711e-02 9.99999999e-01 1.57329771e-09 
8.50425213e-02 9.99999999e-01 1.57329771e-09 
8.55427714e-02 9.99999998e-01 1.89555608e-09 
8.60430215e-02 9.99999998e-01 1.89555608e-09 
8.65432716e-02 9.99999998e-01 2.28146121e-09 
8.70435218e-02 9.99999998e-01 2.28146121e-09 
8.75437719e-02 9.99999998e-01 2.74309205e-09 
8.80440220e-02 9.99999998e-01 2.74309205e-09 
8.85442721e-02 9.99999997e-01 3.29472113e-09 
8.90445223e-02 9.99999997e-01 3.29472113e-09 
8.95447724e-02 9.99999997e-01 3.95319323e-09 
9.00450225e-02 9.99999997e-01 3.95319323e-09 
9.05452726e-02 9.99999996e-01 4.73836657e-09 
9.10455228e-02 9.99999996e-01 4.73836657e-09 
9.15457729e-02 9.99999995e-01 5.67362503e-09 
9.20460230e-02 9.99999995e-01 5.67362503e-09 
9.25462731e-02 9.99999994e-01 6.78647253e-09 
9.30465233e-02 9.99999994e-01 6.78647253e-09 
9.35467734e-02 9.99999993e-01 8.10922190e-09 
9.40470235e-02 9.99999993e-01 8.10922190e-09 
9.45472736e-02 9.99999992e-01 9.67979203e-09 
9.50475238e-02 9.99999992e-01 9.67979203e-09 
9.55477739e-02 9.99999990e-01 1.15426292e-08 
9.60480240e-02 9.99999990e-01 1.15426292e-08 
9.65482741e-02 9.99999988e-01 1.37497712e-08 
9.70485243e-02 9.99999988e-01 1.37497712e-08 
9.75487744e-02 9.99999986e-01 1.63620732e-08 
9.80490245e-02 9.99999986e-01 1.63620732e-08 
9.85492746e-02 9.99999984e-01 1.94506204e-08 
9.90495248e-02 9.99999984e-01 1.94506204e-08 
9.95497749e-02 9.99999980e-01 2.30983510e-08 
1.00050025e-01 9.99999980e-01 2.30983510e-08 
1.00550275e-01 9.99999977e-01 2.74019214e-08 
1.01050525e-01 9.99999977e-01 2.74019214e-08 
1.01550775e-01 9.99999973e-01 3.24738447e-08 
1.02051026e-01 9.99999973e-01 3.24738447e-08 
1.02551276e-01 9.99999968e-01 3.84449395e-08 
1.03051526e-01 9.99999968e-01 3.84449395e-08 
1.03551776e-01 9.99999962e-01 4.54671324e-08 
1.04052026e-01 9.99999962e-01 4.54671324e-08 
1.04552276e-01 9.99999955e-01 5.37166581e-08 
1.05052526e-01 9.99999955e-01 5.37166581e-08 
1.05552776e-01 9.99999946e-01 6.33977107e-08 
1.06053027e-01 9.99999946e-01 6.33977107e-08 
1.06553277e-01 9.99999937e-01 7.47466035e-08 
1.07053527e-01 9.99999937e-01 7.47466035e-08 
1.07553777e-01 9.99999926e-01 8.80365020e-08 
1.08054027e-01 9.99999926e-01 8.80365020e-08 
1.08554277e-01 9.99999912e-01 1.03582801e-07 
1.09054527e-01 9.99999912e-01 1.03582801e-07 
1.09554777e-01 9.99999897e-01 1.21749227e-07 
1.10055028e-01 9.99999897e-01 1.21749227e-07 
1.10555278e-01 9.99999879e-01 1.42954751e-07 
1.11055528e-01 9.99999879e-01 1.42954751e-07 
1.11555778e-01 9.99999858e-01 1.67681412e-07 
1.12056028e-01 9.99999858e-01 1.67681412e-07 
1.12556278e-01 9.99999834e-01 1.96483159e-07 
1.13056528e-01 9.99999834e-01 1.96483159e-07 
1.13556778e-01 9.99999806e-01 2.29995825e-07 
1.14057029e-01 9.99999806e-01 2.29995825e-07 
1.14557279e-01 9.99999773e-01 2.68948370e-07 
1.15057529e-01 9.99999773e-01 2.68948370e-07 
1.15557779e-01 9.99999734e-01 3.14175529e-07 
1.16058029e-01 9.99999734e-01 3.14175529e-07 
1.16558279e-01 9.99999690e-01 3.66632027e-07 
1.17058529e-01 9.99999690e-01 3.66632027e-07 
1.17558779e-01 9.99999639e-01 4.27408529e-07 
1.18059030e-01 9.99999639e-01 4.27408529e-07 
1.18559280e-01 9.99999579e-01 4.97749511e-07 
1.19059530e-01 9.99999579e-01 4.97749511e-07 
1.19559780e-01 9.99999511e-01 5.79073252e-07 
1.20060030e-01 9.99999511e-01 5.79073252e-07 
1.20560280e-01 9.99999431e-01 6.72994177e-07 
1.21060530e-01 9.99999431e-01 6.72994177e-07 
1.21560780e-01 9.99999340e-01 7.81347781e-07 
1.22061031e-01 9.99999340e-01 7.81347781e-07 
1.22561281e-01 9.99999234e-01 9.06218383e-07 
1.23061531e-01 9.99999234e-01 9.06218383e-07 
1.23561781e-01 9.99999113e-01 1.04997001e-06 
1.24062031e-01 9.99999113e-01 1.04997001e-06 
1.24562281e-01 9.99998973e-01 1.21528071e-06 
1.25062531e-01 9.99998973e-01 1.21528071e-06 
1.25562781e-01 9.99998812e-01 1.40518056e-06 
1.26063032e-01 9.99998812e-01 1.40518056e-06 
1.26563282e-01 9.99998628e-01 1.62309378e-06 
1.27063532e-01 9.99998628e-01 1.62309378e-06 
1.27563782e-01 9.99998417e-01 1.87288533e-06 
1.28064032e-01 9.99998417e-01 1.87288533e-06 
1.28564282e-01 9.99998175e-01 2.15891227e-06 
1.29064532e-01 9.99998175e-01 2.15891227e-06 
1.29564782e-01 9.99997899e-01 2.48608042e-06 
1.30065033e-01 9.99997899e-01 2.48608042e-06 
1.30565283e-01 9.99997583e-01 2.85990671e-06 
1.31065533e-01 9.99997583e-01 2.85990671e-06 
1.31565783e-01 9.99997222e-01 3.28658763e-06 
1.32066033e-01 9.99997222e-01 3.28658763e-06 
1.32566283e-01 9.99996811e-01 3.77307439e-06 
1.33066533e-01 9.99996811e-01 3.77307439e-06 
1.33566783e-01 9.99996343e-01 4.32715513e-06 
1.34067034e-01 9.99996343e-01 4.32715513e-06 
1.34567284e-01 9.99995810e-01 4.95754489e-06 
1.35067534e-01 9.99995810e-01 4.95754489e-06 
1.35567784e-01 9.99995205e-01 5.67398375e-06 
1.36068034e-01 9.99995205e-01 5.67398375e-06 
1.36568284e-01 9.99994517e-01 6.48734376e-06 
1.37068534e-01 9.99994517e-01 6.48734376e-06 
1.37568784e-01 9.99993738e-01 7.40974531e-06 
1.38069035e-01 9.99993738e-01 7.40974531e-06 
1.38569285e-01 9.99992854e-01 8.45468339e-06 
1.39069535e-01 9.99992854e-01 8.45468339e-06 
1.39569785e-01 9.99991855e-01 9.63716453e-06 
1.40070035e-01 9.99991855e-01 9.63716453e-06 
1.40570285e-01 9.99990725e-01 1.09738549e-05 
1.41070535e-01 9.99990725e-01 1.09738549e-05 
1.41570785e-01 9.99989450e-01 1.24832405e-05 
1.42071036e-01 9.99989450e-01 1.24832405e-05 
1.42571286e-01 9.99988011e-01 1.41857990e-05 
1.43071536e-01 9.99988011e-01 1.41857990e-05 
1.43571786e-01 9.99986390e-01 1.61041862e-05 
1.44072036e-01 9.99986390e-01 1.61041862e-05 
1.44572286e-01 9.99984565e-01 1.82634346e-05 
1.45072536e-01 9.99984565e-01 1.82634346e-05 
1.45572786e-01 9.99982513e-01 2.06911672e-05 
1.46073037e-01 9.99982513e-01 2.06911672e-05 
1.46573287e-01 9.99980208e-01 2.34178259e-05 
1.47073537e-01 9.99980208e-01 2.34178259e-05 
1.47573787e-01 9.99977623e-01 2.64769157e-05 
1.48074037e-01 9.99977623e-01 2.64769157e-05 
1.48574287e-01 9.99974726e-01 2.99052638e-05 
1.49074537e-01 9.99974726e-01 2.99052638e-05 
1.49574787e-01 9.99971482e-01 3.37432966e-05 
1.50075038e-01 9.99971482e-01 3.37432966e-05 
1.50575288e-01 9.99967855e-01 3.80353320e-05 
1.51075538e-01 9.99967855e-01 3.80353320e-05 
1.51575788e-01 9.99963802e-01 4.28298896e-05 
1.52076038e-01 9.99963802e-01 4.28298896e-05 
1.52576288e-01 9.99959281e-01 4.81800182e-05 
1.53076538e-01 9.99959281e-01 4.81800182e-05 
1.53576788e-01 9.99954241e-01 5.41436404e-05 
1.54077039e-01 9.99954241e-01 5.41436404e-05 
1.54577289e-01 9.99948629e-01 6.07839150e-05 
1.55077539e-01 9.99948629e-01 6.07839150e-05 
1.55577789e-01 9.99942387e-01 6.81696172e-05 
1.56078039e-01 9.99942387e-01 6.81696172e-05 
1.56578289e-01 9.99935452e-01 7.63755353e-05 
1.57078539e-01 9.99935452e-01 7.63755353e-05 
1.57578789e-01 9.99927755e-01 8.54828850e-05 
1.58079040e-01 9.99927755e-01 8.54828850e-05 
1.58579290e-01 9.99919222e-01 9.55797402e-05 
1.59079540e-01 9.99919222e-01 9.55797402e-05 
1.59579790e-01 9.99909772e-01 1.06761479e-04 
1.60080040e-01 9.99909772e-01 1.06761479e-04 
1.60580290e-01 9.99899318e-01 1.19131248e-04 
1.61080540e-01 9.99899318e-01 1.19131248e-04 
1.61580790e-01 9.99887766e-01 1.32800431e-04 
1.62081041e-01 9.99887766e-01 1.32800431e-04 
1.62581291e-01 9.99875015e-01 1.47889148e-04 
1.63081541e-01 9.99875015e-01 1.47889148e-04 
1.63581791e-01 9.99860954e-01 1.64526745e-04 
1.64082041e-01 9.99860954e-01 1.64526745e-04 
1.64582291e-01 9.99845468e-01 1.82852312e-04 
1.65082541e-01 9.99845468e-01 1.82852312e-04 
1.65582791e-01 9.99828428e-01 2.03015196e-04 
1.66083042e-01 9.99828428e-01 2.03015196e-04 
1.66583292e-01 9.99809701e-01 2.25175530e-04 
1.67083542e-01 9.99809701e-01 2.25175530e-04 
1.67583792e-01 9.99789142e-01 2.49504756e-04 
1.68084042e-01 9.99789142e-01 2.49504756e-04 
1.68584292e-01 9.99766594e-01 2.76186160e-04 
1.69084542e-01 9.99766594e-01 2.76186160e-04 
1.69584792e-01 9.99741895e-01 3.05415394e-04 
1.70085043e-01 9.99741895e-01 3.05415394e-04 
1.70585293e-01 9.99714866e-01 3.37401007e-04 
1.71085543e-01 9.99714866e-01 3.37401007e-04 
1.71585793e-01 9.99685321e-01 3.72364958e-04 
1.72086043e-01 9.99685321e-01 3.72364958e-04 
1.72586293e-01 9.99653060e-01 4.10543121e-04 
1.73086543e-01 9.99653060e-01 4.10543121e-04 
1.73586793e-01 9.99617873e-01 4.52185780e-04 
1.74087044e-01 9.99617873e-01 4.52185780e-04 
1.74587294e-01 9.99579535e-01 4.97558098e-04 
1.75087544e-01 9.99579535e-01 4.97558098e-04 
1.75587794e-01 9.99537809e-01 5.46940577e-04 
1.76088044e-01 9.99537809e-01 5.46940577e-04 
1.76588294e-01 9.99492447e-01 6.00629475e-04 
1.77088544e-01 9.99492447e-01 6.00629475e-04 
1.77588794e-01 9.99443182e-01 6.58937207e-04 
1.78089045e-01 9.99443182e-01 6.58937207e-04 
1.78589295e-01 9.99389740e-01 7.22192709e-04 
1.79089545e-01 9.99389740e-01 7.22192709e-04 
1.79589795e-01 9.99331826e-01 7.90741758e-04 
1.80090045e-01 9.99331826e-01 7.90741758e-04 
1.80590295e-01 9.99269137e-01 8.64947255e-04 
1.81090545e-01 9.99269137e-01 8.64947255e-04 
1.81590795e-01 9.99201350e-01 9.45189457e-04 
1.82091046e-01 9.99201350e-01 9.45189457e-04 
1.82591296e-01 9.99128130e-01 1.03186617e-03 
1.83091546e-01 9.99128130e-01 1.03186617e-03 
1.83591796e-01 9.99049128e-01 1.12539285e-03 
1.84092046e-01 9.99049128e-01 1.12539285e-03 
1.84592296e-01 9.98963978e-01 1.22620272e-03 
1.85092546e-01 9.98963978e-01 1.22620272e-03 
1.85592796e-01 9.98872300e-01 1.33474672e-03 
1.86093047e-01 9.98872300e-01 1.33474672e-03 
1.86593297e-01 9.98773700e-01 1.45149349e-03 
1.87093547e-01 9.98773700e-01 1.45149349e-03 
1.87593797e-01 9.98667769e-01 1.57692924e-03 
1.88094047e-01 9.98667769e-01 1.57692924e-03 
1.88594297e-01 9.98554082e-01 1.71155749e-03 
1.89094547e-01 9.98554082e-01 1.71155749e-03 
1.89594797e-01 9.98432202e-01 1.85589887e-03 
1.90095048e-01 9.98432202e-01 1.85589887e-03 
1.90595298e-01 9.98301678e-01 2.01049073e-03 
1.91095548e-01 9.98301678e-01 2.01049073e-03 
1.91595798e-01 9.98162043e-01 2.17588671e-03 
1.92096048e-01 9.98162043e-01 2.17588671e-03 
1.92596298e-01 9.98012820e-01 2.35265620e-03 
1.93096548e-01 9.98012820e-01 2.35265620e-03 
1.93596798e-01 9.97853519e-01 2.54138382e-03 
1.94097049e-01 9.97853519e-01 2.54138382e-03 
1.94597299e-01 9.97683636e-01 2.74266865e-03 
1.95097549e-01 9.97683636e-01 2.74266865e-03 
1.95597799e-01 9.97502659e-01 2.95712357e-03 
1.96098049e-01 9.97502659e-01 2.95712357e-03 
1.96598299e-01 9.97310063e-01 3.18537436e-03 
1.97098549e-01 9.97310063e-01 3.18537436e-03 
1.97598799e-01 9.97105315e-01 3.42805880e-03 
1.98099050e-01 9.97105315e-01 3.42805880e-03 
1.98599300e-01 9.96887872e-01 3.68582572e-03 
1.99099550e-01 9.96887872e-01 3.68582572e-03 
1.99599800e-01 9.96657185e-01 3.95933391e-03 
2.00100050e-01 9.96657185e-01 3.95933391e-03 
2.00600300e-01 9.96412697e-01 4.24925098e-03 
2.01100550e-01 9.96412697e-01 4.24925098e-03 
2.01600800e-01 9.96153846e-01 4.55625220e-03 
2.02101051e-01 9.96153846e-01 4.55625220e-03 
2.02601301e-01 9.95880064e-01 4.88101924e-03 
2.03101551e-01 9.95880064e-01 4.88101924e-03 
2.03601801e-01 9.95590782e-01 5.22423884e-03 
2.04102051e-01 9.95590782e-01 5.22423884e-03 
2.04602301e-01 9.95285426e-01 5.58660147e-03 
2.05102551e-01 9.95285426e-01 5.58660147e-03 
2.05602801e-01 9.94963424e-01 5.96879991e-03 
2.06103052e-01 9.94963424e-01 5.96879991e-03 
2.06603302e-01 9.94624203e-01 6.37152786e-03 
2.07103552e-01 9.94624203e-01 6.37152786e-03 
2.07603802e-01 9.94267191e-01 6.79547840e-03 
2.08104052e-01 9.94267191e-01 6.79547840e-03 
2.08604302e-01 9.93891820e-01 7.24134255e-03 
2.09104552e-01 9.93891820e-01 7.24134255e-03 
2.09604802e-01 9.93497526e-01 7.70980774e-03 
2.10105053e-01 9.93497526e-01 7.70980774e-03 
2.10605303e-01 9.93083752e-01 8.20155629e-03 
2.11105553e-01 9.93083752e-01 8.20155629e-03 
2.11605803e-01 9.92649945e-01 8.71726393e-03 
2.12106053e-01 9.92649945e-01 8.71726393e-03 
2.12606303e-01 9.92195564e-01 9.25759823e-03 
2.13106553e-01 9.92195564e-01 9.25759823e-03 
2.13606803e-01 9.91720076e-01 9.82321716e-03 
2.14107054e-01 9.91720076e-01 9.82321716e-03 
2.14607304e-01 9.91222959e-01 1.04147676e-02 
2.15107554e-01 9.91222959e-01 1.04147676e-02 
2.15607804e-01 9.90703703e-01 1.10328838e-02 
2.16108054e-01 9.90703703e-01 1.10328838e-02 
2.16608304e-01 9.90161813e-01 1.16781861e-02 
2.17108554e-01 9.90161813e-01 1.16781861e-02 
2.17608804e-01 9.89596809e-01 1.23512797e-02 
2.18109055e-01 9.89596809e-01 1.23512797e-02 
2.18609305e-01 9.89008224e-01 1.30527530e-02 
2.19109555e-01 9.89008224e-01 1.30527530e-02 
2.19609805e-01 9.88395612e-01 1.37831765e-02 
2.20110055e-01 9.88395612e-01 1.37831765e-02 
2.20610305e-01 9.87758543e-01 1.45431017e-02 
2.21110555e-01 9.87758543e-01 1.45431017e-02 
2.21610805e-01 9.87096607e-01 1.53330600e-02 
2.22111056e-01 9.87096607e-01 1.53330600e-02 
2.22611306e-01 9.86409414e-01 1.61535612e-02 
2.23111556e-01 9.86409414e-01 1.61535612e-02 
2.23611806e-01 9.85696594e-01 1.70050933e-02 
2.24112056e-01 9.85696594e-01 1.70050933e-02 
2.24612306e-01 9.84957800e-01 1.78881208e-02 
2.25112556e-01 9.84957800e-01 1.78881208e-02 
2.25612806e-01 9.84192706e-01 1.88030845e-02 
2.26113057e-01 9.84192706e-01 1.88030845e-02 
2.26613307e-01 9.83401013e-01 1.97504004e-02 
2.27113557e-01 9.83401013e-01 1.97504004e-02 
2.27613807e-01 9.82582440e-01 2.07304592e-02 
2.28114057e-01 9.82582440e-01 2.07304592e-02 
2.28614307e-01 9.81736735e-01 2.17436258e-02 
2.29114557e-01 9.81736735e-01 2.17436258e-02 
2.29614807e-01 9.80863667e-01 2.27902385e-02 
2.30115058e-01 9.80863667e-01 2.27902385e-02 
2.30615308e-01 9.79963033e-01 2.38706092e-02 
2.31115558e-01 9.79963033e-01 2.38706092e-02 
2.31615808e-01 9.79034652e-01 2.49850226e-02 
2.32116058e-01 9.79034652e-01 2.49850226e-02 
2.32616308e-01 9.78078371e-01 2.61337362e-02 
2.33116558e-01 9.78078371e-01 2.61337362e-02 
2.33616808e-01 9.77094061e-01 2.73169801e-02 
2.34117059e-01 9.77094061e-01 2.73169801e-02 
2.34617309e-01 9.76081618e-01 2.85349572e-02 
2.35117559e-01 9.76081618e-01 2.85349572e-02 
2.35617809e-01 9.75040964e-01 2.97878430e-02 
2.36118059e-01 9.75040964e-01 2.97878430e-02 
2.36618309e-01 9.73972044e-01 3.10757857e-02 
2.37118559e-01 9.73972044e-01 3.10757857e-02 
2.37618809e-01 9.72874831e-01 3.23989068e-02 
2.38119060e-01 9.72874831e-01 3.23989068e-02 
2.38619310e-01 9.71749321e-01 3.37573007e-02 
2.39119560e-01 9.71749321e-01 3.37573007e-02 
2.39619810e-01 9.70595532e-01 3.51510357e-02 
2.40120060e-01 9.70595532e-01 3.51510357e-02 
2.40620310e-01 9.69413510e-01 3.65801541e-02 
2.41120560e-01 9.69413510e-01 3.65801541e-02 
2.41620810e-01 9.68203321e-01 3.80446727e-02 
2.42121061e-01 9.68203321e-01 3.80446727e-02 
2.42621311e-01 9.66965055e-01 3.95445833e-02 
2.43121561e-01 9.66965055e-01 3.95445833e-02 
2.43621811e-01 9.65698823e-01 4.10798534e-02 
2.44122061e-01 9.65698823e-01 4.10798534e-02 
2.44622311e-01 9.64404759e-01 4.26504266e-02 
2.45122561e-01 9.64404759e-01 4.26504266e-02 
2.45622811e-01 9.63083018e-01 4.42562235e-02 
2.46123062e-01 9.63083018e-01 4.42562235e-02 
2.46623312e-01 9.61733772e-01 4.58971422e-02 
2.47123562e-01 9.61733772e-01 4.58971422e-02 
2.47623812e-01 9.60357217e-01 4.75730593e-02 
2.48124062e-01 9.60357217e-01 4.75730593e-02 
2.48624312e-01 9.58953564e-01 4.92838305e-02 
2.49124562e-01 9.58953564e-01 4.92838305e-02 
2.49624812e-01 9.57523044e-01 5.10292912e-02 
2.50125063e-01 9.57523044e-01 5.10292912e-02 
2.50625313e-01 9.56065905e-01 5.28092577e-02 
2.51125563e-01 9.56065905e-01 5.28092577e-02 
2.51625813e-01 9.54582409e-01 5.46235278e-02 
2.52126063e-01 9.54582409e-01 5.46235278e-02 
2.52626313e-01 9.53072837e-01 5.64718818e-02 
2.53126563e-01 9.53072837e-01 5.64718818e-02 
2.53626813e-01 9.51537481e-01 5.83540830e-02 
2.54127064e-01 9.51537481e-01 5.83540830e-02 
2.54627314e-01 9.49976650e-01 6.02698790e-02 
2.55127564e-01 9.49976650e-01 6.02698790e-02 
2.55627814e-01 9.48390665e-01 6.22190023e-02 
2.56128064e-01 9.48390665e-01 6.22190023e-02 
2.56628314e-01 9.46779857e-01 6.42011712e-02 
2.57128564e-01 9.46779857e-01 6.42011712e-02 
2.57628814e-01 9.45144571e-01 6.62160906e-02 
2.58129065e-01 9.45144571e-01 6.62160906e-02 
2.58629315e-01 9.43485162e-01 6.82634532e-02 
2.59129565e-01 9.43485162e-01 6.82634532e-02 
2.59629815e-01 9.41801994e-01 7.03429397e-02 
2.60130065e-01 9.41801994e-01 7.03429397e-02 
2.60630315e-01 9.40095439e-01 7.24542201e-02 
2.61130565e-01 9.40095439e-01 7.24542201e-02 
2.61630815e-01 9.38365880e-01 7.45969546e-02 
2.62131066e-01 9.38365880e-01 7.45969546e-02 
2.62631316e-01 9.36613705e-01 7.67707939e-02 
2.63131566e-01 9.36613705e-01 7.67707939e-02 
2.63631816e-01 9.34839309e-01 7.89753804e-02 
2.64132066e-01 9.34839309e-01 7.89753804e-02 
2.64632316e-01 9.33043094e-01 8.12103489e-02 
2.65132566e-01 9.33043094e-01 8.12103489e-02 
2.65632816e-01 9.31225465e-01 8.34753270e-02 
2.66133067e-01 9.31225465e-01 8.34753270e-02 
2.66633317e-01 9.29386833e-01 8.57699365e-02 
2.67133567e-01 9.29386833e-01 8.57699365e-02 
2.67633817e-01 9.27527613e-01 8.80937933e-02 
2.68134067e-01 9.27527613e-01 8.80937933e-02 
2.68634317e-01 9.25648224e-01 9.04465087e-02 
2.69134567e-01 9.25648224e-01 9.04465087e-02 
2.69634817e-01 9.23749084e-01 9.28276896e-02 
2.70135068e-01 9.23749084e-01 9.28276896e-02 
2.70635318e-01 9.21830618e-01 9.52369395e-02 
2.71135568e-01 9.21830618e-01 9.52369395e-02 
2.71635818e-01 9.19893247e-01 9.76738587e-02 
2.72136068e-01 9.19893247e-01 9.76738587e-02 
2.72636318e-01 9.17937399e-01 1.00138045e-01 
2.73136568e-01 9.17937399e-01 1.00138045e-01 
2.73636818e-01 9.15963496e-01 1.02629096e-01 
2.74137069e-01 9.15963496e-01 1.02629096e-01 
2.74637319e-01 9.13971965e-01 1.05146604e-01 
2.75137569e-01 9.13971965e-01 1.05146604e-01 
2.75637819e-01 9.11963230e-01 1.07690165e-01 
2.76138069e-01 9.11963230e-01 1.07690165e-01 
2.76638319e-01 9.09937714e-01 1.10259372e-01 
2.77138569e-01 9.09937714e-01 1.10259372e-01 
2.77638819e-01 9.07895839e-01 1.12853818e-01 
2.78139070e-01 9.07895839e-01 1.12853818e-01 
2.78639320e-01 9.05838025e-01 1.15473098e-01 
2.79139570e-01 9.05838025e-01 1.15473098e-01 
2.79639820e-01 9.03764691e-01 1.18116808e-01 
2.80140070e-01 9.03764691e-01 1.18116808e-01 
2.80640320e-01 9.01676251e-01 1.20784542e-01 
2.81140570e-01 9.01676251e-01 1.20784542e-01 
2.81640820e-01 8.99573119e-01 1.23475899e-01 
2.82141071e-01 8.99573119e-01 1.23475899e-01 
2.82641321e-01 8.97455704e-01 1.26190479e-01 
2.83141571e-01 8.97455704e-01 1.26190479e-01 
2.83641821e-01 8.95324412e-01 1.28927885e-01 
2.84142071e-01 8.95324412e-01 1.28927885e-01 
2.84642321e-01 8.93179645e-01 1.31687720e-01 
2.85142571e-01 8.93179645e-01 1.31687720e-01 
2.85642821e-01 8.91021802e-01 1.34469592e-01 
2.86143072e-01 8.91021802e-01 1.34469592e-01 
2.86643322e-01 8.88851277e-01 1.37273113e-01 
2.87143572e-01 8.88851277e-01 1.37273113e-01 
2.87643822e-01 8.86668461e-01 1.40097895e-01 
2.88144072e-01 8.86668461e-01 1.40097895e-01 
2.88644322e-01 8.84473738e-01 1.42943556e-01 
2.89144572e-01 8.84473738e-01 1.42943556e-01 
2.89644822e-01 8.82267489e-01 1.45809717e-01 
2.90145073e-01 8.82267489e-01 1.45809717e-01 
2.90645323e-01 8.80050092e-01 1.48696002e-01 
2.91145573e-01 8.80050092e-01 1.48696002e-01 
2.91645823e-01 8.77821916e-01 1.51602042e-01 
2.92146073e-01 8.77821916e-01 1.51602042e-01 
2.92646323e-01 8.75583327e-01 1.54527468e-01 
2.93146573e-01 8.75583327e-01 1.54527468e-01 
2.93646823e-01 8.73334687e-01 1.57471917e-01 
2.94147074e-01 8.73334687e-01 1.57471917e-01 
2.94647324e-01 8.71076352e-01 1.60435033e-01 
2.95147574e-01 8.71076352e-01 1.60435033e-01 
2.95647824e-01 8.68808671e-01 1.63416460e-01 
2.96148074e-01 8.68808671e-01 1.63416460e-01 
2.96648324e-01 8.66531990e-01 1.66415849e-01 
2.97148574e-01 8.66531990e-01 1.66415849e-01 
2.97648824e-01 8.64246647e-01 1.69432856e-01 
2.98149075e-01 8.64246647e-01 1.69432856e-01 
2.98649325e-01 8.61952977e-01 1.72467141e-01 
2.99149575e-01 8.61952977e-01 1.72467141e-01 
2.99649825e-01 8.59651309e-01 1.75518368e-01 
3.00150075e-01 8.59651309e-01 1.75518368e-01 
3.00650325e-01 8.57341966e-01 1.78586208e-01 
3.01150575e-01 8.57341966e-01 1.78586208e-01 
3.01650825e-01 8.55025264e-01 1.81670334e-01 
3.02151076e-01 8.55025264e-01 1.81670334e-01 
3.02651326e-01 8.52701516e-01 1.84770426e-01 
3.03151576e-01 8.52701516e-01 1.84770426e-01 
3.03651826e-01 8.50371028e-01 1.87886168e-01 
3.04152076e-01 8.50371028e-01 1.87886168e-01 
3.04652326e-01 8.48034102e-01 1.91017249e-01 
3.05152576e-01 8.48034102e-01 1.91017249e-01 
3.05652826e-01 8.45691031e-01 1.94163363e-01 
3.06153077e-01 8.45691031e-01 1.94163363e-01 
3.06653327e-01 8.43342107e-01 1.97324208e-01 
3.07153577e-01 8.43342107e-01 1.97324208e-01 
3.07653827e-01 8.40987614e-01 2.00499490e-01 
3.08154077e-01 8.40987614e-01 2.00499490e-01 
3.08654327e-01 8.38627830e-01 2.03688915e-01 
3.09154577e-01 8.38627830e-01 2.03688915e-01 
3.09654827e-01 8.36263030e-01 2.06892196e-01 
3.10155078e-01 8.36263030e-01 2.06892196e-01 
3.10655328e-01 8.33893481e-01 2.10109053e-01 
3.11155578e-01 8.33893481e-01 2.10109053e-01 
3.11655828e-01 8.31519447e-01 2.13339208e-01 
3.12156078e-01 8.31519447e-01 2.13339208e-01 
3.12656328e-01 8.29141186e-01 2.16582388e-01 
3.13156578e-01 8.29141186e-01 2.16582388e-01 
3.13656828e-01 8.26758950e-01 2.19838326e-01 
3.14157079e-01 8.26758950e-01 2.19838326e-01 
3.14657329e-01 8.24372986e-01 2.23106757e-01 
3.15157579e-01 8.24372986e-01 2.23106757e-01 
3.15657829e-01 8.21983539e-01 2.26387423e-01 
3.16158079e-01 8.21983539e-01 2.26387423e-01 
3.16658329e-01 8.19590844e-01 2.29680071e-01 
3.17158579e-01 8.19590844e-01 2.29680071e-01 
3.17658829e-01 8.17195135e-01 2.32984449e-01 
3.18159080e-01 8.17195135e-01 2.32984449e-01 
3.18659330e-01 8.14796639e-01 2.36300313e-01 
3.19159580e-01 8.14796639e-01 2.36300313e-01 
3.19659830e-01 8.12395580e-01 2.39627422e-01 
3.20160080e-01 8.12395580e-01 2.39627422e-01 
3.20660330e-01 8.09992177e-01 2.42965538e-01 
3.21160580e-01 8.09992177e-01 2.42965538e-01 
3.21660830e-01 8.07586642e-01 2.46314429e-01 
3.22161081e-01 8.07586642e-01 2.46314429e-01 
3.22661331e-01 8.05179186e-01 2.49673866e-01 
3.23161581e-01 8.05179186e-01 2.49673866e-01 
3.23661831e-01 8.02770013e-01 2.53043625e-01 
3.24162081e-01 8.02770013e-01 2.53043625e-01 
3.24662331e-01 8.00359324e-01 2.56423484e-01 
3.25162581e-01 8.00359324e-01 2.56423484e-01 
3.25662831e-01 7.97947315e-01 2.59813228e-01 
3.26163082e-01 7.97947315e-01 2.59813228e-01 
3.26663332e-01 7.95534177e-01 2.63212643e-01 
3.27163582e-01 7.95534177e-01 2.63212643e-01 
3.27663832e-01 7.93120099e-01 2.66621520e-01 
3.28164082e-01 7.93120099e-01 2.66621520e-01 
3.28664332e-01 7.90705265e-01 2.70039654e-01 
3.29164582e-01 7.90705265e-01 2.70039654e-01 
3.29664832e-01 7.88289855e-01 2.73466843e-01 
3.30165083e-01 7.88289855e-01 2.73466843e-01 
3.30665333e-01 7.85874043e-01 2.76902888e-01 
3.31165583e-01 7.85874043e-01 2.76902888e-01 
3.31665833e-01 7.83458003e-01 2.80347594e-01 
3.32166083e-01 7.83458003e-01 2.80347594e-01 
3.32666333e-01 7.81041903e-01 2.83800771e-01 
3.33166583e-01 7.81041903e-01 2.83800771e-01 
3.33666833e-01 7.78625908e-01 2.87262229e-01 
3.34167084e-01 7.78625908e-01 2.87262229e-01 
3.34667334e-01 7.76210178e-01 2.90731784e-01 
3.35167584e-01 7.76210178e-01 2.90731784e-01 
3.35667834e-01 7.73794871e-01 2.94209254e-01 
3.36168084e-01 7.73794871e-01 2.94209254e-01 
3.36668334e-01 7.71380142e-01 2.97694459e-01 
3.37168584e-01 7.71380142e-01 2.97694459e-01 
3.37668834e-01 7.68966142e-01 3.01187225e-01 
3.38169085e-01 7.68966142e-01 3.01187225e-01 
3.38669335e-01 7.66553018e-01 3.04687379e-01 
3.39169585e-01 7.66553018e-01 3.04687379e-01 
3.39669835e-01 7.64140914e-01 3.08194749e-01 
3.40170085e-01 7.64140914e-01 3.08194749e-01 
3.40670335e-01 7.61729971e-01 3.11709170e-01 
3.41170585e-01 7.61729971e-01 3.11709170e-01 
3.41670835e-01 7.59320329e-01 3.15230476e-01 
3.42171086e-01 7.59320329e-01 3.15230476e-01 
3.42671336e-01 7.56912122e-01 3.18758506e-01 
3.43171586e-01 7.56912122e-01 3.18758506e-01 
3.43671836e-01 7.54505483e-01 3.22293099e-01 
3.44172086e-01 7.54505483e-01 3.22293099e-01 
3.44672336e-01 7.52100541e-01 3.25834100e-01 
3.45172586e-01 7.52100541e-01 3.25834100e-01 
3.45672836e-01 7.49697422e-01 3.29381353e-01 
3.46173087e-01 7.49697422e-01 3.29381353e-01 
3.46673337e-01 7.47296252e-01 3.32934707e-01 
3.47173587e-01 7.47296252e-01 3.32934707e-01 
3.47673837e-01 7.44897151e-01 3.36494011e-01 
3.48174087e-01 7.44897151e-01 3.36494011e-01 
3.48674337e-01 7.42500239e-01 3.40059117e-01 
3.49174587e-01 7.42500239e-01 3.40059117e-01 
3.49674837e-01 7.40105631e-01 3.43629880e-01 
3.50175088e-01 7.40105631e-01 3.43629880e-01 
3.50675338e-01 7.37713441e-01 3.47206157e-01 
3.51175588e-01 7.37713441e-01 3.47206157e-01 
3.51675838e-01 7.35323783e-01 3.50787805e-01 
3.52176088e-01 7.35323783e-01 3.50787805e-01 
3.52676338e-01 7.32936763e-01 3.54374685e-01 
3.53176588e-01 7.32936763e-01 3.54374685e-01 
3.53676838e-01 7.30552491e-01 3.57966659e-01 
3.54177089e-01 7.30552491e-01 3.57966659e-01 
3.54677339e-01 7.28171070e-01 3.61563591e-01 
3.55177589e-01 7.28171070e-01 3.61563591e-01 
3.55677839e-01 7.25792603e-01 3.65165346e-01 
3.56178089e-01 7.25792603e-01 3.65165346e-01 
3.56678339e-01 7.23417192e-01 3.68771792e-01 
3.57178589e-01 7.23417192e-01 3.68771792e-01 
3.57678839e-01 7.21044935e-01 3.72382797e-01 
3.58179090e-01 7.21044935e-01 3.72382797e-01 
3.58679340e-01 7.18675928e-01 3.75998232e-01 
3.59179590e-01 7.18675928e-01 3.75998232e-01 
3.59679840e-01 7.16310268e-01 3.79617968e-01 
3.60180090e-01 7.16310268e-01 3.79617968e-01 
3.60680340e-01 7.13948046e-01 3.83241878e-01 
3.61180590e-01 7.13948046e-01 3.83241878e-01 
3.61680840e-01 7.11589355e-01 3.86869837e-01 
3.62181091e-01 7.11589355e-01 3.86869837e-01 
3.62681341e-01 7.09234283e-01 3.90501720e-01 
3.63181591e-01 7.09234283e-01 3.90501720e-01 
3.63681841e-01 7.06882920e-01 3.94137404e-01 
3.64182091e-01 7.06882920e-01 3.94137404e-01 
3.64682341e-01 7.04535351e-01 3.97776767e-01 
3.65182591e-01 7.04535351e-01 3.97776767e-01 
3.65682841e-01 7.02191661e-01 4.01419687e-01 
3.66183092e-01 7.02191661e-01 4.01419687e-01 
3.66683342e-01 6.99851934e-01 4.05066046e-01 
3.67183592e-01 6.99851934e-01 4.05066046e-01 
3.67683842e-01 6.97516251e-01 4.08715722e-01 
3.68184092e-01 6.97516251e-01 4.08715722e-01 
3.68684342e-01 6.95184694e-01 4.12368599e-01 
3.69184592e-01 6.95184694e-01 4.12368599e-01 
3.69684842e-01 6.92857341e-01 4.16024558e-01 
3.70185093e-01 6.92857341e-01 4.16024558e-01 
3.70685343e-01 6.90534270e-01 4.19683483e-01 
3.71185593e-01 6.90534270e-01 4.19683483e-01 
3.71685843e-01 6.88215559e-01 4.23345258e-01 
3.72186093e-01 6.88215559e-01 4.23345258e-01 
3.72686343e-01 6.85901281e-01 4.27009766e-01 
3.73186593e-01 6.85901281e-01 4.27009766e-01 
3.73686843e-01 6.83591513e-01 4.30676894e-01 
3.74187094e-01 6.83591513e-01 4.30676894e-01 
3.74687344e-01 6.81286326e-01 4.34346525e-01 
3.75187594e-01 6.81286326e-01 4.34346525e-01 
3.75687844e-01 6.78985793e-01 4.38018547e-01 
3.76188094e-01 6.78985793e-01 4.38018547e-01 
3.76688344e-01 6.76689986e-01 4.41692845e-01 
3.77188594e-01 6.76689986e-01 4.41692845e-01 
3.77688844e-01 6.74398974e-01 4.45369306e-01 
3.78189095e-01 6.74398974e-01 4.45369306e-01 
3.78689345e-01 6.72112827e-01 4.49047816e-01 
3.79189595e-01 6.72112827e-01 4.49047816e-01 
3.79689845e-01 6.69831612e-01 4.52728263e-01 
3.80190095e-01 6.69831612e-01 4.52728263e-01 
3.80690345e-01 6.67555398e-01 4.56410532e-01 
3.81190595e-01 6.67555398e-01 4.56410532e-01 
3.81690845e-01 6.65284252e-01 4.60094512e-01 
3.82191096e-01 6.65284252e-01 4.60094512e-01 
3.82691346e-01 6.63018239e-01 4.63780089e-01 
3.83191596e-01 6.63018239e-01 4.63780089e-01 
3.83691846e-01 6.60757425e-01 4.67467149e-01 
3.84192096e-01 6.60757425e-01 4.67467149e-01 
3.84692346e-01 6.58501874e-01 4.71155579e-01 
3.85192596e-01 6.58501874e-01 4.71155579e-01 
3.85692846e-01 6.56251650e-01 4.74845266e-01 
3.86193097e-01 6.56251650e-01 4.74845266e-01 
3.86693347e-01 6.54006817e-01 4.78536096e-01 
3.87193597e-01 6.54006817e-01 4.78536096e-01 
3.87693847e-01 6.51767438e-01 4.82227954e-01 
3.88194097e-01 6.51767438e-01 4.82227954e-01 
3.88694347e-01 6.49533575e-01 4.85920726e-01 
3.89194597e-01 6.49533575e-01 4.85920726e-01 
3.89694847e-01 6.47305290e-01 4.89614295e-01 
3.90195098e-01 6.47305290e-01 4.89614295e-01 
3.90695348e-01 6.45082645e-01 4.93308547e-01 
3.91195598e-01 6.45082645e-01 4.93308547e-01 
3.91695848e-01 6.42865701e-01 4.97003365e-01 
3.92196098e-01 6.42865701e-01 4.97003365e-01 
3.92696348e-01 6.40654519e-01 5.00698630e-01 
3.93196598e-01 6.40654519e-01 5.00698630e-01 
3.93696848e-01 6.38449160e-01 5.04394226e-01 
3.94197099e-01 6.38449160e-01 5.04394226e-01 
3.94697349e-01 6.36249683e-01 5.08090034e-01 
3.95197599e-01 6.36249683e-01 5.08090034e-01 
3.95697849e-01 6.34056149e-01 5.11785932e-01 
3.96198099e-01 6.34056149e-01 5.11785932e-01 
3.96698349e-01 6.31868618e-01 5.15481801e-01 
3.97198599e-01 6.31868618e-01 5.15481801e-01 
3.97698849e-01 6.29687150e-01 5.19177519e-01 
3.98199100e-01 6.29687150e-01 5.19177519e-01 
3.98699350e-01 6.27511805e-01 5.22872961e-01 
3.99199600e-01 6.27511805e-01 5.22872961e-01 
3.99699850e-01 6.25342642e-01 5.26568003e-01 
4.00200100e-01 6.25342642e-01 5.26568003e-01 
4.00700350e-01 6.23179722e-01 5.30262520e-01 
4.01200600e-01 6.23179722e-01 5.30262520e-01 
4.01700850e-01 6.21023103e-01 5.33956384e-01 
4.02201101e-01 6.21023103e-01 5.33956384e-01 
4.02701351e-01 6.18872847e-01 5.37649467e-01 
4.03201601e-01 6.18872847e-01 5.37649467e-01 
4.03701851e-01 6.16729012e-01 5.41341637e-01 
4.04202101e-01 6.16729012e-01 5.41341637e-01 
4.04702351e-01 6.14591659e-01 5.45032763e-01 
4.05202601e-01 6.14591659e-01 5.45032763e-01 
4.05702851e-01 6.12460850e-01 5.48722711e-01 
4.06203102e-01 6.12460850e-01 5.48722711e-01 
4.06703352e-01 6.10336643e-01 5.52411345e-01 
4.07203602e-01 6.10336643e-01 5.52411345e-01 
4.07703852e-01 6.08219101e-01 5.56098527e-01 
4.08204102e-01 6.08219101e-01 5.56098527e-01 
4.08704352e-01 6.06108284e-01 5.59784118e-01 
4.09204602e-01 6.06108284e-01 5.59784118e-01 
4.09704852e-01 6.04004254e-01 5.63467975e-01 
4.10205103e-01 6.04004254e-01 5.63467975e-01 
4.10705353e-01 6.01907074e-01 5.67149955e-01 
4.11205603e-01 6.01907074e-01 5.67149955e-01 
4.11705853e-01 5.99816806e-01 5.70829911e-01 
4.12206103e-01 5.99816806e-01 5.70829911e-01 
4.12706353e-01 5.97733513e-01 5.74507693e-01 
4.13206603e-01 5.97733513e-01 5.74507693e-01 
4.13706853e-01 5.95657259e-01 5.78183151e-01 
4.14207104e-01 5.95657259e-01 5.78183151e-01 
4.14707354e-01 5.93588108e-01 5.81856130e-01 
4.15207604e-01 5.93588108e-01 5.81856130e-01 
4.15707854e-01 5.91526125e-01 5.85526473e-01 
4.16208104e-01 5.91526125e-01 5.85526473e-01 
4.16708354e-01 5.89471376e-01 5.89194021e-01 
4.17208604e-01 5.89471376e-01 5.89194021e-01 
4.17708854e-01 5.87423927e-01 5.92858610e-01 
4.18209105e-01 5.87423927e-01 5.92858610e-01 
4.18709355e-01 5.85383846e-01 5.96520074e-01 
4.19209605e-01 5.85383846e-01 5.96520074e-01 
4.19709855e-01 5.83351200e-01 6.00178245e-01 
4.20210105e-01 5.83351200e-01 6.00178245e-01 
4.20710355e-01 5.81326058e-01 6.03832950e-01 
4.21210605e-01 5.81326058e-01 6.03832950e-01 
4.21710855e-01 5.79308490e-01 6.07484014e-01 
4.22211106e-01 5.79308490e-01 6.07484014e-01 
4.22711356e-01 5.77298567e-01 6.11131255e-01 
4.23211606e-01 5.77298567e-01 6.11131255e-01 
4.23711856e-01 5.75296362e-01 6.14774492e-01 
4.24212106e-01 5.75296362e-01 6.14774492e-01 
4.24712356e-01 5.73301946e-01 6.18413537e-01 
4.25212606e-01 5.73301946e-01 6.18413537e-01 
4.25712856e-01 5.71315394e-01 6.22048200e-01 
4.26213107e-01 5.71315394e-01 6.22048200e-01 
4.26713357e-01 5.69336782e-01 6.25678284e-01 
4.27213607e-01 5.69336782e-01 6.25678284e-01 
4.27713857e-01 5.67366185e-01 6.29303592e-01 
4.28214107e-01 5.67366185e-01 6.29303592e-01 
4.28714357e-01 5.65403683e-01 6.32923918e-01 
4.29214607e-01 5.65403683e-01 6.32923918e-01 
4.29714857e-01 5.63449353e-01 6.36539055e-01 
4.30215108e-01 5.63449353e-01 6.36539055e-01 
4.30715358e-01 5.61503276e-01 6.40148789e-01 
4.31215608e-01 5.61503276e-01 6.40148789e-01 
4.31715858e-01 5.59565535e-01 6.43752904e-01 
4.32216108e-01 5.59565535e-01 6.43752904e-01 
4.32716358e-01 5.57636214e-01 6.47351177e-01 
4.33216608e-01 5.57636214e-01 6.47351177e-01 
4.33716858e-01 5.55715396e-01 6.50943379e-01 
4.34217109e-01 5.55715396e-01 6.50943379e-01 
4.34717359e-01 5.53803169e-01 6.54529277e-01 
4.35217609e-01 5.53803169e-01 6.54529277e-01 
4.35717859e-01 5.51899621e-01 6.58108634e-01 
4.36218109e-01 5.51899621e-01 6.58108634e-01 
4.36718359e-01 5.50004842e-01 6.61681205e-01 
4.37218609e-01 5.50004842e-01 6.61681205e-01 
4.37718859e-01 5.48118924e-01 6.65246741e-01 
4.38219110e-01 5.48118924e-01 6.65246741e-01 
4.38719360e-01 5.46241961e-01 6.68804986e-01 
4.39219610e-01 5.46241961e-01 6.68804986e-01 
4.39719860e-01 5.44374049e-01 6.72355678e-01 
4.40220110e-01 5.44374049e-01 6.72355678e-01 
4.40720360e-01 5.42515284e-01 6.75898550e-01 
4.41220610e-01 5.42515284e-01 6.75898550e-01 
4.41720860e-01 5.40665766e-01 6.79433327e-01 
4.42221111e-01 5.40665766e-01 6.79433327e-01 
4.42721361e-01 5.38825596e-01 6.82959729e-01 
4.43221611e-01 5.38825596e-01 6.82959729e-01 
4.43721861e-01 5.36994879e-01 6.86477469e-01 
4.44222111e-01 5.36994879e-01 6.86477469e-01 
4.44722361e-01 5.35173720e-01 6.89986252e-01 
4.45222611e-01 5.35173720e-01 6.89986252e-01 
4.45722861e-01 5.33362227e-01 6.93485777e-01 
4.46223112e-01 5.33362227e-01 6.93485777e-01 
4.46723362e-01 5.31560509e-01 6.96975736e-01 
4.47223612e-01 5.31560509e-01 6.96975736e-01 
4.47723862e-01 5.29768681e-01 7.00455813e-01 
4.48224112e-01 5.29768681e-01 7.00455813e-01 
4.48724362e-01 5.27986855e-01 7.03925685e-01 
4.49224612e-01 5.27986855e-01 7.03925685e-01 
4.49724862e-01 5.26215150e-01 7.07385022e-01 
4.50225113e-01 5.26215150e-01 7.07385022e-01 
4.50725363e-01 5.24453685e-01 7.10833484e-01 
4.51225613e-01 5.24453685e-01 7.10833484e-01 
4.51725863e-01 5.22702583e-01 7.14270725e-01 
4.52226113e-01 5.22702583e-01 7.14270725e-01 
4.52726363e-01 5.20961967e-01 7.17696391e-01 
4.53226613e-01 5.20961967e-01 7.17696391e-01 
4.53726863e-01 5.19231965e-01 7.21110118e-01 
4.54227114e-01 5.19231965e-01 7.21110118e-01 
4.54727364e-01 5.17512708e-01 7.24511536e-01 
4.55227614e-01 5.17512708e-01 7.24511536e-01 
4.55727864e-01 5.15804326e-01 7.27900264e-01 
4.56228114e-01 5.15804326e-01 7.27900264e-01 
4.56728364e-01 5.14106956e-01 7.31275915e-01 
4.57228614e-01 5.14106956e-01 7.31275915e-01 
4.57728864e-01 5.12420734e-01 7.34638091e-01 
4.58229115e-01 5.12420734e-01 7.34638091e-01 
4.58729365e-01 5.10745803e-01 7.37986385e-01 
4.59229615e-01 5.10745803e-01 7.37986385e-01 
4.59729865e-01 5.09082303e-01 7.41320384e-01 
4.60230115e-01 5.09082303e-01 7.41320384e-01 
4.60730365e-01 5.07430383e-01 7.44639664e-01 
4.61230615e-01 5.07430383e-01 7.44639664e-01 
4.61730865e-01 5.05790189e-01 7.47943790e-01 
4.62231116e-01 5.05790189e-01 7.47943790e-01 
4.62731366e-01 5.04161874e-01 7.51232320e-01 
4.63231616e-01 5.04161874e-01 7.51232320e-01 
4.63731866e-01 5.02545592e-01 7.54504804e-01 
4.64232116e-01 5.02545592e-01 7.54504804e-01 
4.64732366e-01 5.00941500e-01 7.57760780e-01 
4.65232616e-01 5.00941500e-01 7.57760780e-01 
4.65732866e-01 4.99349756e-01 7.60999778e-01 
4.66233117e-01 4.99349756e-01 7.60999778e-01 
4.66733367e-01 4.97770524e-01 7.64221318e-01 
4.67233617e-01 4.97770524e-01 7.64221318e-01 
4.67733867e-01 4.96203968e-01 7.67424912e-01 
4.68234117e-01 4.96203968e-01 7.67424912e-01 
4.68734367e-01 4.94650257e-01 7.70610062e-01 
4.69234617e-01 4.94650257e-01 7.70610062e-01 
4.69734867e-01 4.93109559e-01 7.73776259e-01 
4.70235118e-01 4.93109559e-01 7.73776259e-01 
4.70735368e-01 4.91582048e-01 7.76922989e-01 
4.71235618e-01 4.91582048e-01 7.76922989e-01 
4.71735868e-01 4.90067899e-01 7.80049726e-01 
4.72236118e-01 4.90067899e-01 7.80049726e-01 
4.72736368e-01 4.88567289e-01 7.83155935e-01 
4.73236618e-01 4.88567289e-01 7.83155935e-01 
4.73736868e-01 4.87080397e-01 7.86241075e-01 
4.74237119e-01 4.87080397e-01 7.86241075e-01 
4.74737369e-01 4.85607407e-01 7.89304592e-01 
4.75237619e-01 4.85607407e-01 7.89304592e-01 
4.75737869e-01 4.84148501e-01 7.92345929e-01 
4.76238119e-01 4.84148501e-01 7.92345929e-01 
4.76738369e-01 4.82703866e-01 7.95364517e-01 
4.77238619e-01 4.82703866e-01 7.95364517e-01 
4.77738869e-01 4.81273689e-01 7.98359781e-01 
4.78239120e-01 4.81273689e-01 7.98359781e-01 
4.78739370e-01 4.79858159e-01 8.01331140e-01 
4.79239620e-01 4.79858159e-01 8.01331140e-01 
4.79739870e-01 4.78457467e-01 8.04278003e-01 
4.80240120e-01 4.78457467e-01 8.04278003e-01 
4.80740370e-01 4.77071804e-01 8.07199775e-01 
4.81240620e-01 4.77071804e-01 8.07199775e-01 
4.81740870e-01 4.75701364e-01 8.10095855e-01 
4.82241121e-01 4.75701364e-01 8.10095855e-01 
4.82741371e-01 4.74346340e-01 8.12965634e-01 
4.83241621e-01 4.74346340e-01 8.12965634e-01 
4.83741871e-01 4.73006927e-01 8.15808502e-01 
4.84242121e-01 4.73006927e-01 8.15808502e-01 
4.84742371e-01 4.71683319e-01 8.18623841e-01 
4.85242621e-01 4.71683319e-01 8.18623841e-01 
4.85742871e-01 4.70375710e-01 8.21411032e-01 
4.86243122e-01 4.70375710e-01 8.21411032e-01 
4.86743372e-01 4.69084295e-01 8.24169452e-01 
4.87243622e-01 4.69084295e-01 8.24169452e-01 
4.87743872e-01 4.67809267e-01 8.26898477e-01 
4.88244122e-01 4.67809267e-01 8.26898477e-01 
4.88744372e-01 4.66550819e-01 8.29597481e-01 
4.89244622e-01 4.66550819e-01 8.29597481e-01 
4.89744872e-01 4.65309143e-01 8.32265838e-01 
4.90245123e-01 4.65309143e-01 8.32265838e-01 
4.90745373e-01 4.64084428e-01 8.34902922e-01 
4.91245623e-01 4.64084428e-01 8.34902922e-01 
4.91745873e-01 4.62876861e-01 8.37508111e-01 
4.92246123e-01 4.62876861e-01 8.37508111e-01 
4.92746373e-01 4.61686629e-01 8.40080782e-01 
4.93246623e-01 4.61686629e-01 8.40080782e-01 
4.93746873e-01 4.60513912e-01 8.42620319e-01 
4.94247124e-01 4.60513912e-01 8.42620319e-01 
4.94747374e-01 4.59358889e-01 8.45126111e-01 
4.95247624e-01 4.59358889e-01 8.45126111e-01 
4.95747874e-01 4.58221736e-01 8.47597553e-01 
4.96248124e-01 4.58221736e-01 8.47597553e-01 
4.96748374e-01 4.57102623e-01 8.50034046e-01 
4.97248624e-01 4.57102623e-01 8.50034046e-01 
4.97748874e-01 4.56001715e-01 8.52435002e-01 
4.98249125e-01 4.56001715e-01 8.52435002e-01 
4.98749375e-01 4.54919173e-01 8.54799844e-01 
4.99249625e-01 4.54919173e-01 8.54799844e-01 
4.99749875e-01 4.53855150e-01 8.57128005e-01 
5.00250125e-01 4.53855150e-01 8.57128005e-01 
5.00750375e-01 4.52809794e-01 8.59418933e-01 
5.01250625e-01 4.52809794e-01 8.59418933e-01 
5.01750875e-01 4.51783245e-01 8.61672091e-01 
5.02251126e-01 4.51783245e-01 8.61672091e-01 
5.02751376e-01 4.50775637e-01 8.63886957e-01 
5.03251626e-01 4.50775637e-01 8.63886957e-01 
5.03751876e-01 4.49787094e-01 8.66063028e-01 
5.04252126e-01 4.49787094e-01 8.66063028e-01 
5.04752376e-01 4.48817731e-01 8.68199822e-01 
5.05252626e-01 4.48817731e-01 8.68199822e-01 
5.05752876e-01 4.47867654e-01 8.70296878e-01 
5.06253127e-01 4.47867654e-01 8.70296878e-01 
5.06753377e-01 4.46936961e-01 8.72353756e-01 
5.07253627e-01 4.46936961e-01 8.72353756e-01 
5.07753877e-01 4.46025735e-01 8.74370044e-01 
5.08254127e-01 4.46025735e-01 8.74370044e-01 
5.08754377e-01 4.45134052e-01 8.76345354e-01 
5.09254627e-01 4.45134052e-01 8.76345354e-01 
5.09754877e-01 4.44261974e-01 8.78279329e-01 
5.10255128e-01 4.44261974e-01 8.78279329e-01 
5.10755378e-01 4.43409551e-01 8.80171637e-01 
5.11255628e-01 4.43409551e-01 8.80171637e-01 
5.11755878e-01 4.42576820e-01 8.82021983e-01 
5.12256128e-01 4.42576820e-01 8.82021983e-01 
5.12756378e-01 4.41763804e-01 8.83830100e-01 
5.13256628e-01 4.41763804e-01 8.83830100e-01 
5.13756878e-01 4.40970514e-01 8.85595758e-01 
5.14257129e-01 4.40970514e-01 8.85595758e-01 
5.14757379e-01 4.40196943e-01 8.87318762e-01 
5.15257629e-01 4.40196943e-01 8.87318762e-01 
5.15757879e-01 4.39443073e-01 8.88998956e-01 
5.16258129e-01 4.39443073e-01 8.88998956e-01 
5.16758379e-01 4.38708868e-01 8.90636219e-01 
5.17258629e-01 4.38708868e-01 8.90636219e-01 
5.17758879e-01 4.37994278e-01 8.92230472e-01 
5.18259130e-01 4.37994278e-01 8.92230472e-01 
5.18759380e-01 4.37299234e-01 8.93781676e-01 
5.19259630e-01 4.37299234e-01 8.93781676e-01 
5.19759880e-01 4.36623655e-01 8.95289834e-01 
5.20260130e-01 4.36623655e-01 8.95289834e-01 
5.20760380e-01 4.35967439e-01 8.96754992e-01 
5.21260630e-01 4.35967439e-01 8.96754992e-01 
5.21760880e-01 4.35330470e-01 8.98177237e-01 
5.22261131e-01 4.35330470e-01 8.98177237e-01 
5.22761381e-01 4.34712614e-01 8.99556703e-01 
5.23261631e-01 4.34712614e-01 8.99556703e-01 
5.23761881e-01 4.34113721e-01 9.00893565e-01 
5.24262131e-01 4.34113721e-01 9.00893565e-01 
5.24762381e-01 4.33533622e-01 9.02188044e-01 
5.25262631e-01 4.33533622e-01 9.02188044e-01 
5.25762881e-01 4.32972132e-01 9.03440405e-01 
5.26263132e-01 4.32972132e-01 9.03440405e-01 
5.26763382e-01 4.32429049e-01 9.04650959e-01 
5.27263632e-01 4.32429049e-01 9.04650959e-01 
5.27763882e-01 4.31904155e-01 9.05820057e-01 
5.28264132e-01 4.31904155e-01 9.05820057e-01 
5.28764382e-01 4.31397214e-01 9.06948099e-01 
5.29264632e-01 4.31397214e-01 9.06948099e-01 
5.29764882e-01 4.30907975e-01 9.08035523e-01 
5.30265133e-01 4.30907975e-01 9.08035523e-01 
5.30765383e-01 4.30436170e-01 9.09082813e-01 
5.31265633e-01 4.30436170e-01 9.09082813e-01 
5.31765883e-01 4.29981517e-01 9.10090492e-01 
5.32266133e-01 4.29981517e-01 9.10090492e-01 
5.32766383e-01 4.29543718e-01 9.11059125e-01 
5.33266633e-01 4.29543718e-01 9.11059125e-01 
5.33766883e-01 4.29122459e-01 9.11989313e-01 
5.34267134e-01 4.29122459e-01 9.11989313e-01 
5.34767384e-01 4.28717416e-01 9.12881697e-01 
5.35267634e-01 4.28717416e-01 9.12881697e-01 
5.35767884e-01 4.28328250e-01 9.13736951e-01 
5.36268134e-01 4.28328250e-01 9.13736951e-01 
5.36768384e-01 4.27954607e-01 9.14555786e-01 
5.37268634e-01 4.27954607e-01 9.14555786e-01 
5.37768884e-01 4.27596126e-01 9.15338942e-01 
5.38269135e-01 4.27596126e-01 9.15338942e-01 
5.38769385e-01 4.27252433e-01 9.16087190e-01 
5.39269635e-01 4.27252433e-01 9.16087190e-01 
5.39769885e-01 4.26923142e-01 9.16801328e-01 
5.40270135e-01 4.26923142e-01 9.16801328e-01 
5.40770385e-01 4.26607862e-01 9.17482181e-01 
5.41270635e-01 4.26607862e-01 9.17482181e-01 
5.41770885e-01 4.26306191e-01 9.18130594e-01 
5.42271136e-01 4.26306191e-01 9.18130594e-01 
5.42771386e-01 4.26017720e-01 9.18747436e-01 
5.43271636e-01 4.26017720e-01 9.18747436e-01 
5.43771886e-01 4.25742035e-01 9.19333590e-01 
5.44272136e-01 4.25742035e-01 9.19333590e-01 
5.44772386e-01 4.25478715e-01 9.19889959e-01 
5.45272636e-01 4.25478715e-01 9.19889959e-01 
5.45772886e-01 4.25227337e-01 9.20417454e-01 
5.46273137e-01 4.25227337e-01 9.20417454e-01 
5.46773387e-01 4.24987473e-01 9.20916999e-01 
5.47273637e-01 4.24987473e-01 9.20916999e-01 
5.47773887e-01 4.24758693e-01 9.21389526e-01 
5.48274137e-01 4.24758693e-01 9.21389526e-01 
5.48774387e-01 4.24540565e-01 9.21835971e-01 
5.49274637e-01 4.24540565e-01 9.21835971e-01 
5.49774887e-01 4.24332658e-01 9.22257271e-01 
5.50275138e-01 4.24332658e-01 9.22257271e-01 
5.50775388e-01 4.24134540e-01 9.22654367e-01 
5.51275638e-01 4.24134540e-01 9.22654367e-01 
5.51775888e-01 4.23945782e-01 9.23028194e-01 
5.52276138e-01 4.23945782e-01 9.23028194e-01 
5.52776388e-01 4.23765954e-01 9.23379683e-01 
5.53276638e-01 4.23765954e-01 9.23379683e-01 
5.53776888e-01 4.23594634e-01 9.23709760e-01 
5.54277139e-01 4.23594634e-01 9.23709760e-01 
5.54777389e-01 4.23431398e-01 9.24019338e-01 
5.55277639e-01 4.23431398e-01 9.24019338e-01 
5.55777889e-01 4.23275830e-01 9.24309323e-01 
5.56278139e-01 4.23275830e-01 9.24309323e-01 
5.56778389e-01 4.23127520e-01 9.24580604e-01 
5.57278639e-01 4.23127520e-01 9.24580604e-01 
5.57778889e-01 4.22986060e-01 9.24834058e-01 
5.58279140e-01 4.22986060e-01 9.24834058e-01 
5.58779390e-01 4.22851050e-01 9.25070543e-01 
5.59279640e-01 4.22851050e-01 9.25070543e-01 
5.59779890e-01 4.22722099e-01 9.25290901e-01 
5.60280140e-01 4.22722099e-01 9.25290901e-01 
5.60780390e-01 4.22598818e-01 9.25495952e-01 
5.61280640e-01 4.22598818e-01 9.25495952e-01 
5.61780890e-01 4.22480831e-01 9.25686497e-01 
5.62281141e-01 4.22480831e-01 9.25686497e-01 
5.62781391e-01 4.22367765e-01 9.25863314e-01 
5.63281641e-01 4.22367765e-01 9.25863314e-01 
5.63781891e-01 4.22259258e-01 9.26027159e-01 
5.64282141e-01 4.22259258e-01 9.26027159e-01 
5.64782391e-01 4.22154955e-01 9.26178763e-01 
5.65282641e-01 4.22154955e-01 9.26178763e-01 
5.65782891e-01 4.22054508e-01 9.26318833e-01 
5.66283142e-01 4.22054508e-01 9.26318833e-01 
5.66783392e-01 4.21957579e-01 9.26448052e-01 
5.67283642e-01 4.21957579e-01 9.26448052e-01 
5.67783892e-01 4.21863837e-01 9.26567076e-01 
5.68284142e-01 4.21863837e-01 9.26567076e-01 
5.68784392e-01 4.21772960e-01 9.26676536e-01 
5.69284642e-01 4.21772960e-01 9.26676536e-01 
5.69784892e-01 4.21684632e-01 9.26777037e-01 
5.70285143e-01 4.21684632e-01 9.26777037e-01 
5.70785393e-01 4.21598546e-01 9.26869158e-01 
5.71285643e-01 4.21598546e-01 9.26869158e-01 
5.71785893e-01 4.21514402e-01 9.26953453e-01 
5.72286143e-01 4.21514402e-01 9.26953453e-01 
5.72786393e-01 4.21431907e-01 9.27030450e-01 
5.73286643e-01 4.21431907e-01 9.27030450e-01 
5.73786893e-01 4.21350774e-01 9.27100650e-01 
5.74287144e-01 4.21350774e-01 9.27100650e-01 
5.74787394e-01 4.21270722e-01 9.27164531e-01 
5.75287644e-01 4.21270722e-01 9.27164531e-01 
5.75787894e-01 4.21191476e-01 9.27222545e-01 
5.76288144e-01 4.21191476e-01 9.27222545e-01 
5.76788394e-01 4.21112766e-01 9.27275120e-01 
5.77288644e-01 4.21112766e-01 9.27275120e-01 
5.77788894e-01 4.21034328e-01 9.27322663e-01 
5.78289145e-01 4.21034328e-01 9.27322663e-01 
5.78789395e-01 4.20955898e-01 9.27365553e-01 
5.79289645e-01 4.20955898e-01 9.27365553e-01 
5.79789895e-01 4.20877220e-01 9.27404152e-01 
5.80290145e-01 4.20877220e-01 9.27404152e-01 
5.80790395e-01 4.20798036e-01 9.27438796e-01 
5.81290645e-01 4.20798036e-01 9.27438796e-01 
5.81790895e-01 4.20718094e-01 9.27469803e-01 
5.82291146e-01 4.20718094e-01 9.27469803e-01 
5.82791396e-01 4.20637141e-01 9.27497470e-01 
5.83291646e-01 4.20637141e-01 9.27497470e-01 
5.83791896e-01 4.20554924e-01 9.27522076e-01 
5.84292146e-01 4.20554924e-01 9.27522076e-01 
5.84792396e-01 4.20471190e-01 9.27543878e-01 
5.85292646e-01 4.20471190e-01 9.27543878e-01 
5.85792896e-01 4.20385687e-01 9.27563120e-01 
5.86293147e-01 4.20385687e-01 9.27563120e-01 
5.86793397e-01 4.20298158e-01 9.27580025e-01 
5.87293647e-01 4.20298158e-01 9.27580025e-01 
5.87793897e-01 4.20208345e-01 9.27594803e-01 
5.88294147e-01 4.20208345e-01 9.27594803e-01 
5.88794397e-01 4.20115986e-01 9.27607648e-01 
5.89294647e-01 4.20115986e-01 9.27607648e-01 
5.89794897e-01 4.20020815e-01 9.27618739e-01 
5.90295148e-01 4.20020815e-01 9.27618739e-01 
5.90795398e-01 4.19922561e-01 9.27628242e-01 
5.91295648e-01 4.19922561e-01 9.27628242e-01 
5.91795898e-01 4.19820946e-01 9.27636309e-01 
5.92296148e-01 4.19820946e-01 9.27636309e-01 
5.92796398e-01 4.19715687e-01 9.27643082e-01 
5.93296648e-01 4.19715687e-01 9.27643082e-01 
5.93796898e-01 4.19606493e-01 9.27648690e-01 
5.94297149e-01 4.19606493e-01 9.27648690e-01 
5.94797399e-01 4.19493062e-01 9.27653251e-01 
5.95297649e-01 4.19493062e-01 9.27653251e-01 
5.95797899e-01 4.19375088e-01 9.27656876e-01 
5.96298149e-01 4.19375088e-01 9.27656876e-01 
5.96798399e-01 4.19252250e-01 9.27659664e-01 
5.97298649e-01 4.19252250e-01 9.27659664e-01 
5.97798899e-01 4.19124219e-01 9.27661705e-01 
5.98299150e-01 4.19124219e-01 9.27661705e-01 
5.98799400e-01 4.18990656e-01 9.27663084e-01 
5.99299650e-01 4.18990656e-01 9.27663084e-01 
5.99799900e-01 4.18851207e-01 9.27663875e-01 
6.00300150e-01 4.18851207e-01 9.27663875e-01 
6.00800400e-01 4.18705508e-01 9.27664148e-01 
6.01300650e-01 4.18705508e-01 9.27664148e-01 
6.01800900e-01 4.18553179e-01 9.27663965e-01 
6.02301151e-01 4.18553179e-01 9.27663965e-01 
6.02801401e-01 4.18393829e-01 9.27663382e-01 
6.03301651e-01 4.18393829e-01 9.27663382e-01 
6.03801901e-01 4.18227051e-01 9.27662450e-01 
6.04302151e-01 4.18227051e-01 9.27662450e-01 
6.04802401e-01 4.18052425e-01 9.27661215e-01 
6.05302651e-01 4.18052425e-01 9.27661215e-01 
6.05802901e-01 4.17869512e-01 9.27659720e-01 
6.06303152e-01 4.17869512e-01 9.27659720e-01 
6.06803402e-01 4.17677860e-01 9.27658001e-01 
6.07303652e-01 4.17677860e-01 9.27658001e-01 
6.07803902e-01 4.17477002e-01 9.27656092e-01 
6.08304152e-01 4.17477002e-01 9.27656092e-01 
6.08804402e-01 4.17266453e-01 9.27654023e-01 
6.09304652e-01 4.17266453e-01 9.27654023e-01 
6.09804902e-01 4.17045710e-01 9.27651820e-01 
6.10305153e-01 4.17045710e-01 9.27651820e-01 
6.10805403e-01 4.16814258e-01 9.27649507e-01 
6.11305653e-01 4.16814258e-01 9.27649507e-01 
6.11805903e-01 4.16571561e-01 9.27647107e-01 
6.12306153e-01 4.16571561e-01 9.27647107e-01 
6.12806403e-01 4.16317068e-01 9.27644636e-01 
6.13306653e-01 4.16317068e-01 9.27644636e-01 
6.13806903e-01 4.16050212e-01 9.27642114e-01 
6.14307154e-01 4.16050212e-01 9.27642114e-01 
6.14807404e-01 4.15770410e-01 9.27639553e-01 
6.15307654e-01 4.15770410e-01 9.27639553e-01 
6.15807904e-01 4.15477061e-01 9.27636967e-01 
6.16308154e-01 4.15477061e-01 9.27636967e-01 
6.16808404e-01 4.15169552e-01 9.27634368e-01 
6.17308654e-01 4.15169552e-01 9.27634368e-01 
6.17808904e-01 4.14847252e-01 9.27631765e-01 
6.18309155e-01 4.14847252e-01 9.27631765e-01 
6.18809405e-01 4.14509517e-01 9.27629167e-01 
6.19309655e-01 4.14509517e-01 9.27629167e-01 
6.19809905e-01 4.14155689e-01 9.27626582e-01 
6.20310155e-01 4.14155689e-01 9.27626582e-01 
6.20810405e-01 4.13785099e-01 9.27624016e-01 
6.21310655e-01 4.13785099e-01 9.27624016e-01 
6.21810905e-01 4.13397063e-01 9.27621476e-01 
6.22311156e-01 4.13397063e-01 9.27621476e-01 
6.22811406e-01 4.12990890e-01 9.27618965e-01 
6.23311656e-01 4.12990890e-01 9.27618965e-01 
6.23811906e-01 4.12565878e-01 9.27616487e-01 
6.24312156e-01 4.12565878e-01 9.27616487e-01 
6.24812406e-01 4.12121316e-01 9.27614048e-01 
6.25312656e-01 4.12121316e-01 9.27614048e-01 
6.25812906e-01 4.11656489e-01 9.27611648e-01 
6.26313157e-01 4.11656489e-01 9.27611648e-01 
6.26813407e-01 4.11170676e-01 9.27609291e-01 
6.27313657e-01 4.11170676e-01 9.27609291e-01 
6.27813907e-01 4.10663153e-01 9.27606979e-01 
6.28314157e-01 4.10663153e-01 9.27606979e-01 
6.28814407e-01 4.10133194e-01 9.27604713e-01 
6.29314657e-01 4.10133194e-01 9.27604713e-01 
6.29814907e-01 4.09580076e-01 9.27602495e-01 
6.30315158e-01 4.09580076e-01 9.27602495e-01 
6.30815408e-01 4.09003078e-01 9.27600325e-01 
6.31315658e-01 4.09003078e-01 9.27600325e-01 
6.31815908e-01 4.08401483e-01 9.27598205e-01 
6.32316158e-01 4.08401483e-01 9.27598205e-01 
6.32816408e-01 4.07774583e-01 9.27596134e-01 
6.33316658e-01 4.07774583e-01 9.27596134e-01 
6.33816908e-01 4.07121680e-01 9.27594114e-01 
6.34317159e-01 4.07121680e-01 9.27594114e-01 
6.34817409e-01 4.06442090e-01 9.27592143e-01 
6.35317659e-01 4.06442090e-01 9.27592143e-01 
6.35817909e-01 4.05735140e-01 9.27590223e-01 
6.36318159e-01 4.05735140e-01 9.27590223e-01 
6.36818409e-01 4.05000181e-01 9.27588353e-01 
6.37318659e-01 4.05000181e-01 9.27588353e-01 
6.37818909e-01 4.04236580e-01 9.27586533e-01 
6.38319160e-01 4.04236580e-01 9.27586533e-01 
6.38819410e-01 4.03443731e-01 9.27584762e-01 
6.39319660e-01 4.03443731e-01 9.27584762e-01 
6.39819910e-01 4.02621054e-01 9.27583041e-01 
6.40320160e-01 4.02621054e-01 9.27583041e-01 
6.40820410e-01 4.01767999e-01 9.27581368e-01 
6.41320660e-01 4.01767999e-01 9.27581368e-01 
6.41820910e-01 4.00884047e-01 9.27579743e-01 
6.42321161e-01 4.00884047e-01 9.27579743e-01 
6.42821411e-01 3.99968718e-01 9.27578167e-01 
6.43321661e-01 3.99968718e-01 9.27578167e-01 
6.43821911e-01 3.99021570e-01 9.27576637e-01 
6.44322161e-01 3.99021570e-01 9.27576637e-01 
6.44822411e-01 3.98042201e-01 9.27575155e-01 
6.45322661e-01 3.98042201e-01 9.27575155e-01 
6.45822911e-01 3.97030257e-01 9.27573718e-01 
6.46323162e-01 3.97030257e-01 9.27573718e-01 
6.46823412e-01 3.95985431e-01 9.27572327e-01 
6.47323662e-01 3.95985431e-01 9.27572327e-01 
6.47823912e-01 3.94907467e-01 9.27570980e-01 
6.48324162e-01 3.94907467e-01 9.27570980e-01 
6.48824412e-01 3.93796162e-01 9.27569678e-01 
6.49324662e-01 3.93796162e-01 9.27569678e-01 
6.49824912e-01 3.92651370e-01 9.27568419e-01 
6.50325163e-01 3.92651370e-01 9.27568419e-01 
6.50825413e-01 3.91473005e-01 9.27567204e-01 
6.51325663e-01 3.91473005e-01 9.27567204e-01 
6.51825913e-01 3.90261042e-01 9.27566030e-01 
6.52326163e-01 3.90261042e-01 9.27566030e-01 
6.52826413e-01 3.89015520e-01 9.27564899e-01 
6.53326663e-01 3.89015520e-01 9.27564899e-01 
6.53826913e-01 3.87736544e-01 9.27563808e-01 
6.54327164e-01 3.87736544e-01 9.27563808e-01 
6.54827414e-01 3.86424286e-01 9.27562759e-01 
6.55327664e-01 3.86424286e-01 9.27562759e-01 
6.55827914e-01 3.85078992e-01 9.27561749e-01 
6.56328164e-01 3.85078992e-01 9.27561749e-01 
6.56828414e-01 3.83700974e-01 9.27560779e-01 
6.57328664e-01 3.83700974e-01 9.27560779e-01 
6.57828914e-01 3.82290620e-01 9.27559847e-01 
6.58329165e-01 3.82290620e-01 9.27559847e-01 
6.58829415e-01 3.80848392e-01 9.27558954e-01 
6.59329665e-01 3.80848392e-01 9.27558954e-01 
6.59829915e-01 3.79374826e-01 9.27558099e-01 
6.60330165e-01 3.79374826e-01 9.27558099e-01 
6.60830415e-01 3.77870532e-01 9.27557282e-01 
6.61330665e-01 3.77870532e-01 9.27557282e-01 
6.61830915e-01 3.76336198e-01 9.27556501e-01 
6.62331166e-01 3.76336198e-01 9.27556501e-01 
6.62831416e-01 3.74772585e-01 9.27555757e-01 
6.63331666e-01 3.74772585e-01 9.27555757e-01 
6.63831916e-01 3.73180531e-01 9.27555048e-01 
6.64332166e-01 3.73180531e-01 9.27555048e-01 
6.64832416e-01 3.71560948e-01 9.27554375e-01 
6.65332666e-01 3.71560948e-01 9.27554375e-01 
6.65832916e-01 3.69914821e-01 9.27553738e-01 
6.66333167e-01 3.69914821e-01 9.27553738e-01 
6.66833417e-01 3.68243207e-01 9.27553135e-01 
6.67333667e-01 3.68243207e-01 9.27553135e-01 
6.67833917e-01 3.66547235e-01 9.27552566e-01 
6.68334167e-01 3.66547235e-01 9.27552566e-01 
6.68834417e-01 3.64828102e-01 9.27552031e-01 
6.69334667e-01 3.64828102e-01 9.27552031e-01 
6.69834917e-01 3.63087070e-01 9.27551530e-01 
6.70335168e-01 3.63087070e-01 9.27551530e-01 
6.70835418e-01 3.61325469e-01 9.27551063e-01 
6.71335668e-01 3.61325469e-01 9.27551063e-01 
6.71835918e-01 3.59544685e-01 9.27550628e-01 
6.72336168e-01 3.59544685e-01 9.27550628e-01 
6.72836418e-01 3.57746167e-01 9.27550225e-01 
6.73336668e-01 3.57746167e-01 9.27550225e-01 
6.73836918e-01 3.55931415e-01 9.27549856e-01 
6.74337169e-01 3.55931415e-01 9.27549856e-01 
6.74837419e-01 3.54101983e-01 9.27549518e-01 
6.75337669e-01 3.54101983e-01 9.27549518e-01 
6.75837919e-01 3.52259469e-01 9.27549212e-01 
6.76338169e-01 3.52259469e-01 9.27549212e-01 
6.76838419e-01 3.50405515e-01 9.27548937e-01 
6.77338669e-01 3.50405515e-01 9.27548937e-01 
6.77838919e-01 3.48541804e-01 9.27548694e-01 
6.78339170e-01 3.48541804e-01 9.27548694e-01 
6.78839420e-01 3.46670049e-01 9.27548483e-01 
6.79339670e-01 3.46670049e-01 9.27548483e-01 
6.79839920e-01 3.44791994e-01 9.27548302e-01 
6.80340170e-01 3.44791994e-01 9.27548302e-01 
6.80840420e-01 3.42909408e-01 9.27548151e-01 
6.81340670e-01 3.42909408e-01 9.27548151e-01 
6.81840920e-01 3.41024077e-01 9.27548032e-01 
6.82341171e-01 3.41024077e-01 9.27548032e-01 
6.82841421e-01 3.39137803e-01 9.27547943e-01 
6.83341671e-01 3.39137803e-01 9.27547943e-01 
6.83841921e-01 3.37252395e-01 9.27547884e-01 
6.84342171e-01 3.37252395e-01 9.27547884e-01 
6.84842421e-01 3.35369666e-01 9.27547855e-01 
6.85342671e-01 3.35369666e-01 9.27547855e-01 
6.85842921e-01 3.33491427e-01 9.27547857e-01 
6.86343172e-01 3.33491427e-01 9.27547857e-01 
6.86843422e-01 3.31619482e-01 9.27547888e-01 
6.87343672e-01 3.31619482e-01 9.27547888e-01 
6.87843922e-01 3.29755620e-01 9.27547950e-01 
6.88344172e-01 3.29755620e-01 9.27547950e-01 
6.88844422e-01 3.27901615e-01 9.27548041e-01 
6.89344672e-01 3.27901615e-01 9.27548041e-01 
6.89844922e-01 3.26059215e-01 9.27548163e-01 
6.90345173e-01 3.26059215e-01 9.27548163e-01 
6.90845423e-01 3.24230141e-01 9.27548314e-01 
6.91345673e-01 3.24230141e-01 9.27548314e-01 
6.91845923e-01 3.22416080e-01 9.27548494e-01 
6.92346173e-01 3.22416080e-01 9.27548494e-01 
6.92846423e-01 3.20618679e-01 9.27548705e-01 
6.93346673e-01 3.20618679e-01 9.27548705e-01 
6.93846923e-01 3.18839545e-01 9.27548946e-01 
6.94347174e-01 3.18839545e-01 9.27548946e-01 
6.94847424e-01 3.17080235e-01 9.27549216e-01 
6.95347674e-01 3.17080235e-01 9.27549216e-01 
6.95847924e-01 3.15342255e-01 9.27549517e-01 
6.96348174e-01 3.15342255e-01 9.27549517e-01 
6.96848424e-01 3.13627053e-01 9.27549847e-01 
6.97348674e-01 3.13627053e-01 9.27549847e-01 
6.97848924e-01 3.11936021e-01 9.27550207e-01 
6.98349175e-01 3.11936021e-01 9.27550207e-01 
6.98849425e-01 3.10270484e-01 9.27550598e-01 
6.99349675e-01 3.10270484e-01 9.27550598e-01 
6.99849925e-01 3.08631702e-01 9.27551019e-01 
7.00350175e-01 3.08631702e-01 9.27551019e-01 
7.00850425e-01 3.07020866e-01 9.27551471e-01 
7.01350675e-01 3.07020866e-01 9.27551471e-01 
7.01850925e-01 3.05439094e-01 9.27551953e-01 
7.02351176e-01 3.05439094e-01 9.27551953e-01 
7.02851426e-01 3.03887430e-01 9.27552465e-01 
7.03351676e-01 3.03887430e-01 9.27552465e-01 
7.03851926e-01 3.02366841e-01 9.27553009e-01 
7.04352176e-01 3.02366841e-01 9.27553009e-01 
7.04852426e-01 3.00878217e-01 9.27553584e-01 
7.05352676e-01 3.00878217e-01 9.27553584e-01 
7.05852926e-01 2.99422368e-01 9.27554190e-01 
7.06353177e-01 2.99422368e-01 9.27554190e-01 
7.06853427e-01 2.98000023e-01 9.27554828e-01 
7.07353677e-01 2.98000023e-01 9.27554828e-01 
7.07853927e-01 2.96611832e-01 9.27555498e-01 
7.08354177e-01 2.96611832e-01 9.27555498e-01 
7.08854427e-01 2.95258361e-01 9.27556200e-01 
7.09354677e-01 2.95258361e-01 9.27556200e-01 
7.09854927e-01 2.93940099e-01 9.27556934e-01 
7.10355178e-01 2.93940099e-01 9.27556934e-01 
7.10855428e-01 2.92657449e-01 9.27557701e-01 
7.11355678e-01 2.92657449e-01 9.27557701e-01 
7.11855928e-01 2.91410738e-01 9.27558500e-01 
7.12356178e-01 2.91410738e-01 9.27558500e-01 
7.12856428e-01 2.90200213e-01 9.27559334e-01 
7.13356678e-01 2.90200213e-01 9.27559334e-01 
7.13856928e-01 2.89026041e-01 9.27560201e-01 
7.14357179e-01 2.89026041e-01 9.27560201e-01 
7.14857429e-01 2.87888314e-01 9.27561102e-01 
7.15357679e-01 2.87888314e-01 9.27561102e-01 
7.15857929e-01 2.86787051e-01 9.27562037e-01 
7.16358179e-01 2.86787051e-01 9.27562037e-01 
7.16858429e-01 2.85722197e-01 9.27563007e-01 
7.17358679e-01 2.85722197e-01 9.27563007e-01 
7.17858929e-01 2.84693626e-01 9.27564013e-01 
7.18359180e-01 2.84693626e-01 9.27564013e-01 
7.18859430e-01 2.83701147e-01 9.27565054e-01 
7.19359680e-01 2.83701147e-01 9.27565054e-01 
7.19859930e-01 2.82744500e-01 9.27566132e-01 
7.20360180e-01 2.82744500e-01 9.27566132e-01 
7.20860430e-01 2.81823367e-01 9.27567246e-01 
7.21360680e-01 2.81823367e-01 9.27567246e-01 
7.21860930e-01 2.80937369e-01 9.27568397e-01 
7.22361181e-01 2.80937369e-01 9.27568397e-01 
7.22861431e-01 2.80086072e-01 9.27569587e-01 
7.23361681e-01 2.80086072e-01 9.27569587e-01 
7.23861931e-01 2.79268986e-01 9.27570814e-01 
7.24362181e-01 2.79268986e-01 9.27570814e-01 
7.24862431e-01 2.78485577e-01 9.27572080e-01 
7.25362681e-01 2.78485577e-01 9.27572080e-01 
7.25862931e-01 2.77735262e-01 9.27573386e-01 
7.26363182e-01 2.77735262e-01 9.27573386e-01 
7.26863432e-01 2.77017416e-01 9.27574732e-01 
7.27363682e-01 2.77017416e-01 9.27574732e-01 
7.27863932e-01 2.76331375e-01 9.27576118e-01 
7.28364182e-01 2.76331375e-01 9.27576118e-01 
7.28864432e-01 2.75676440e-01 9.27577546e-01 
7.29364682e-01 2.75676440e-01 9.27577546e-01 
7.29864932e-01 2.75051882e-01 9.27579016e-01 
7.30365183e-01 2.75051882e-01 9.27579016e-01 
7.30865433e-01 2.74456941e-01 9.27580528e-01 
7.31365683e-01 2.74456941e-01 9.27580528e-01 
7.31865933e-01 2.73890833e-01 9.27582084e-01 
7.32366183e-01 2.73890833e-01 9.27582084e-01 
7.32866433e-01 2.73352755e-01 9.27583684e-01 
7.33366683e-01 2.73352755e-01 9.27583684e-01 
7.33866933e-01 2.72841884e-01 9.27585329e-01 
7.34367184e-01 2.72841884e-01 9.27585329e-01 
7.34867434e-01 2.72357381e-01 9.27587020e-01 
7.35367684e-01 2.72357381e-01 9.27587020e-01 
7.35867934e-01 2.71898400e-01 9.27588757e-01 
7.36368184e-01 2.71898400e-01 9.27588757e-01 
7.36868434e-01 2.71464082e-01 9.27590542e-01 
7.37368684e-01 2.71464082e-01 9.27590542e-01 
7.37868934e-01 2.71053566e-01 9.27592375e-01 
7.38369185e-01 2.71053566e-01 9.27592375e-01 
7.38869435e-01 2.70665986e-01 9.27594257e-01 
7.39369685e-01 2.70665986e-01 9.27594257e-01 
7.39869935e-01 2.70300478e-01 9.27596189e-01 
7.40370185e-01 2.70300478e-01 9.27596189e-01 
7.40870435e-01 2.69956181e-01 9.27598172e-01 
7.41370685e-01 2.69956181e-01 9.27598172e-01 
7.41870935e-01 2.69632236e-01 9.27600206e-01 
7.42371186e-01 2.69632236e-01 9.27600206e-01 
7.42871436e-01 2.69327796e-01 9.27602294e-01 
7.43371686e-01 2.69327796e-01 9.27602294e-01 
7.43871936e-01 2.69042020e-01 9.27604436e-01 
7.44372186e-01 2.69042020e-01 9.27604436e-01 
7.44872436e-01 2.68774080e-01 9.27606632e-01 
7.45372686e-01 2.68774080e-01 9.27606632e-01 
7.45872936e-01 2.68523162e-01 9.27608885e-01 
7.46373187e-01 2.68523162e-01 9.27608885e-01 
7.46873437e-01 2.68288465e-01 9.27611195e-01 
7.47373687e-01 2.68288465e-01 9.27611195e-01 
7.47873937e-01 2.68069207e-01 9.27613562e-01 
7.48374187e-01 2.68069207e-01 9.27613562e-01 
7.48874437e-01 2.67864622e-01 9.27615990e-01 
7.49374687e-01 2.67864622e-01 9.27615990e-01 
7.49874937e-01 2.67673964e-01 9.27618477e-01 
7.50375188e-01 2.67673964e-01 9.27618477e-01 
7.50875438e-01 2.67496506e-01 9.27621027e-01 
7.51375688e-01 2.67496506e-01 9.27621027e-01 
7.51875938e-01 2.67331543e-01 9.27623639e-01 
7.52376188e-01 2.67331543e-01 9.27623639e-01 
7.52876438e-01 2.67178392e-01 9.27626316e-01 
7.53376688e-01 2.67178392e-01 9.27626316e-01 
7.53876938e-01 2.67036391e-01 9.27629058e-01 
7.54377189e-01 2.67036391e-01 9.27629058e-01 
7.54877439e-01 2.66904902e-01 9.27631866e-01 
7.55377689e-01 2.66904902e-01 9.27631866e-01 
7.55877939e-01 2.66783310e-01 9.27634743e-01 
7.56378189e-01 2.66783310e-01 9.27634743e-01 
7.56878439e-01 2.66671023e-01 9.27637689e-01 
7.57378689e-01 2.66671023e-01 9.27637689e-01 
7.57878939e-01 2.66567473e-01 9.27640706e-01 
7.58379190e-01 2.66567473e-01 9.27640706e-01 
7.58879440e-01 2.66472116e-01 9.27643795e-01 
7.59379690e-01 2.66472116e-01 9.27643795e-01 
7.59879940e-01 2.66384430e-01 9.27646957e-01 
7.60380190e-01 2.66384430e-01 9.27646957e-01 
7.60880440e-01 2.66303918e-01 9.27650194e-01 
7.61380690e-01 2.66303918e-01 9.27650194e-01 
7.61880940e-01 2.66230107e-01 9.27653507e-01 
7.62381191e-01 2.66230107e-01 9.27653507e-01 
7.62881441e-01 2.66162543e-01 9.27656898e-01 
7.63381691e-01 2.66162543e-01 9.27656898e-01 
7.63881941e-01 2.66100800e-01 9.27660368e-01 
7.64382191e-01 2.66100800e-01 9.27660368e-01 
7.64882441e-01 2.66044469e-01 9.27663918e-01 
7.65382691e-01 2.66044469e-01 9.27663918e-01 
7.65882941e-01 2.65993165e-01 9.27667550e-01 
7.66383192e-01 2.65993165e-01 9.27667550e-01 
7.66883442e-01 2.65946524e-01 9.27671265e-01 
7.67383692e-01 2.65946524e-01 9.27671265e-01 
7.67883942e-01 2.65904202e-01 9.27675064e-01 
7.68384192e-01 2.65904202e-01 9.27675064e-01 
7.68884442e-01 2.65865876e-01 9.27678948e-01 
7.69384692e-01 2.65865876e-01 9.27678948e-01 
7.69884942e-01 2.65831240e-01 9.27682919e-01 
7.70385193e-01 2.65831240e-01 9.27682919e-01 
7.70885443e-01 2.65800007e-01 9.27686978e-01 
7.71385693e-01 2.65800007e-01 9.27686978e-01 
7.71885943e-01 2.65771909e-01 9.27691124e-01 
7.72386193e-01 2.65771909e-01 9.27691124e-01 
7.72886443e-01 2.65746695e-01 9.27695360e-01 
7.73386693e-01 2.65746695e-01 9.27695360e-01 
7.73886943e-01 2.65724130e-01 9.27699685e-01 
7.74387194e-01 2.65724130e-01 9.27699685e-01 
7.74887444e-01 2.65703992e-01 9.27704100e-01 
7.75387694e-01 2.65703992e-01 9.27704100e-01 
7.75887944e-01 2.65686079e-01 9.27708603e-01 
7.76388194e-01 2.65686079e-01 9.27708603e-01 
7.76888444e-01 2.65670199e-01 9.27713196e-01 
7.77388694e-01 2.65670199e-01 9.27713196e-01 
7.77888944e-01 2.65656176e-01 9.27717876e-01 
7.78389195e-01 2.65656176e-01 9.27717876e-01 
7.78889445e-01 2.65643844e-01 9.27722643e-01 
7.79389695e-01 2.65643844e-01 9.27722643e-01 
7.79889945e-01 2.65633051e-01 9.27727492e-01 
7.80390195e-01 2.65633051e-01 9.27727492e-01 
7.80890445e-01 2.65623656e-01 9.27732423e-01 
7.81390695e-01 2.65623656e-01 9.27732423e-01 
7.81890945e-01 2.65615529e-01 9.27737428e-01 
7.82391196e-01 2.65615529e-01 9.27737428e-01 
7.82891446e-01 2.65608549e-01 9.27742504e-01 
7.83391696e-01 2.65608549e-01 9.27742504e-01 
7.83891946e-01 2.65602604e-01 9.27747643e-01 
7.84392196e-01 2.65602604e-01 9.27747643e-01 
7.84892446e-01 2.65597592e-01 9.27752836e-01 
7.85392696e-01 2.65597592e-01 9.27752836e-01 
7.85892946e-01 2.65593416e-01 9.27758070e-01 
7.86393197e-01 2.65593416e-01 9.27758070e-01 
7.86893447e-01 2.65589991e-01 9.27763333e-01 
7.87393697e-01 2.65589991e-01 9.27763333e-01 
7.87893947e-01 2.65587234e-01 9.27768606e-01 
7.88394197e-01 2.65587234e-01 9.27768606e-01 
7.88894447e-01 2.65585070e-01 9.27773868e-01 
7.89394697e-01 2.65585070e-01 9.27773868e-01 
7.89894947e-01 2.65583430e-01 9.27779094e-01 
7.90395198e-01 2.65583430e-01 9.27779094e-01 
7.90895448e-01 2.65582247e-01 9.27784249e-01 
7.91395698e-01 2.65582247e-01 9.27784249e-01 
7.91895948e-01 2.65581462e-01 9.27789297e-01 
7.92396198e-01 2.65581462e-01 9.27789297e-01 
7.92896448e-01 2.65581014e-01 9.27794190e-01 
7.93396698e-01 2.65581014e-01 9.27794190e-01 
7.93896948e-01 2.65580850e-01 9.27798870e-01 
7.94397199e-01 2.65580850e-01 9.27798870e-01 
7.94897449e-01 2.65580915e-01 9.27803268e-01 
7.95397699e-01 2.65580915e-01 9.27803268e-01 
7.95897949e-01 2.65581157e-01 9.27807301e-01 
7.96398199e-01 2.65581157e-01 9.27807301e-01 
7.96898449e-01 2.65581521e-01 9.27810869e-01 
7.97398699e-01 2.65581521e-01 9.27810869e-01 
7.97898949e-01 2.65581955e-01 9.27813849e-01 
7.98399200e-01 2.65581955e-01 9.27813849e-01 
7.98899450e-01 2.65582401e-01 9.27816095e-01 
7.99399700e-01 2.65582401e-01 9.27816095e-01 
7.99899950e-01 2.65582800e-01 9.27817431e-01 
8.00400200e-01 2.65582800e-01 9.27817431e-01 
8.00900450e-01 2.65583086e-01 9.27817645e-01 
8.01400700e-01 2.65583086e-01 9.27817645e-01 
8.01900950e-01 2.65583189e-01 9.27816480e-01 
8.02401201e-01 2.65583189e-01 9.27816480e-01 
8.02901451e-01 2.65583027e-01 9.27813631e-01 
8.03401701e-01 2.65583027e-01 9.27813631e-01 
8.03901951e-01 2.65582508e-01 9.27808728e-01 
8.04402201e-01 2.65582508e-01 9.27808728e-01 
8.04902451e-01 2.65581527e-01 9.27801327e-01 
8.05402701e-01 2.65581527e-01 9.27801327e-01 
8.05902951e-01 2.65579960e-01 9.27790894e-01 
8.06403202e-01 2.65579960e-01 9.27790894e-01 
8.06903452e-01 2.65577663e-01 9.27776789e-01 
8.07403702e-01 2.65577663e-01 9.27776789e-01 
8.07903952e-01 2.65574467e-01 9.27758243e-01 
8.08404202e-01 2.65574467e-01 9.27758243e-01 
8.08904452e-01 2.65570168e-01 9.27734329e-01 
8.09404702e-01 2.65570168e-01 9.27734329e-01 
8.09904952e-01 2.65564529e-01 9.27703940e-01 
8.10405203e-01 2.65564529e-01 9.27703940e-01 
8.10905453e-01 2.65557263e-01 9.27665740e-01 
8.11405703e-01 2.65557263e-01 9.27665740e-01 
8.11905953e-01 2.65548029e-01 9.27618130e-01 
8.12406203e-01 2.65548029e-01 9.27618130e-01 
8.12906453e-01 2.65536420e-01 9.27559189e-01 
8.13406703e-01 2.65536420e-01 9.27559189e-01 
8.13906953e-01 2.65521949e-01 9.27486609e-01 
8.14407204e-01 2.65521949e-01 9.27486609e-01 
8.14907454e-01 2.65504031e-01 9.27397624e-01 
8.15407704e-01 2.65504031e-01 9.27397624e-01 
8.15907954e-01 2.65481968e-01 9.27288912e-01 
8.16408204e-01 2.65481968e-01 9.27288912e-01 
8.16908454e-01 2.65454922e-01 9.27156488e-01 
8.17408704e-01 2.65454922e-01 9.27156488e-01 
8.17908954e-01 2.65421890e-01 9.26995571e-01 
8.18409205e-01 2.65421890e-01 9.26995571e-01 
8.18909455e-01 2.65381668e-01 9.26800428e-01 
8.19409705e-01 2.65381668e-01 9.26800428e-01 
8.19909955e-01 2.65332816e-01 9.26564180e-01 
8.20410205e-01 2.65332816e-01 9.26564180e-01 
8.20910455e-01 2.65273608e-01 9.26278585e-01 
8.21410705e-01 2.65273608e-01 9.26278585e-01 
8.21910955e-01 2.65201979e-01 9.25933758e-01 
8.22411206e-01 2.65201979e-01 9.25933758e-01 
8.22911456e-01 2.65115456e-01 9.25517859e-01 
8.23411706e-01 2.65115456e-01 9.25517859e-01 
8.23911956e-01 2.65011081e-01 9.25016703e-01 
8.24412206e-01 2.65011081e-01 9.25016703e-01 
8.24912456e-01 2.64885318e-01 9.24413306e-01 
8.25412706e-01 2.64885318e-01 9.24413306e-01 
8.25912956e-01 2.64733946e-01 9.23687345e-01 
8.26413207e-01 2.64733946e-01 9.23687345e-01 
8.26913457e-01 2.64551927e-01 9.22814513e-01 
8.27413707e-01 2.64551927e-01 9.22814513e-01 
8.27913957e-01 2.64333256e-01 9.21765766e-01 
8.28414207e-01 2.64333256e-01 9.21765766e-01 
8.28914457e-01 2.64070790e-01 9.20506420e-01 
8.29414707e-01 2.64070790e-01 9.20506420e-01 
8.29914957e-01 2.63756042e-01 9.18995115e-01 
8.30415208e-01 2.63756042e-01 9.18995115e-01 
8.30915458e-01 2.63378953e-01 9.17182580e-01 
8.31415708e-01 2.63378953e-01 9.17182580e-01 
8.31915958e-01 2.62927631e-01 9.15010223e-01 
8.32416208e-01 2.62927631e-01 9.15010223e-01 
8.32916458e-01 2.62388060e-01 9.12408496e-01 
8.33416708e-01 2.62388060e-01 9.12408496e-01 
8.33916958e-01 2.61743782e-01 9.09295039e-01 
8.34417209e-01 2.61743782e-01 9.09295039e-01 
8.34917459e-01 2.60975565e-01 9.05572590e-01 
8.35417709e-01 2.60975565e-01 9.05572590e-01 
8.35917959e-01 2.60061058e-01 9.01126688e-01 
8.36418209e-01 2.60061058e-01 9.01126688e-01 
8.36918459e-01 2.58974464e-01 8.95823190e-01 
8.37418709e-01 2.58974464e-01 8.95823190e-01 
8.37918959e-01 2.57686268e-01 8.89505703e-01 
8.38419210e-01 2.57686268e-01 8.89505703e-01 
8.38919460e-01 2.56163048e-01 8.81993039e-01 
8.39419710e-01 2.56163048e-01 8.81993039e-01 
8.39919960e-01 2.54367465e-01 8.73076952e-01 
8.40420210e-01 2.54367465e-01 8.73076952e-01 
8.40920460e-01 2.52258503e-01 8.62520447e-01 
8.41420710e-01 2.52258503e-01 8.62520447e-01 
8.41920960e-01 2.49792072e-01 8.50057190e-01 
8.42421211e-01 2.49792072e-01 8.50057190e-01 
8.42921461e-01 2.46922139e-01 8.35392659e-01 
8.43421711e-01 2.46922139e-01 8.35392659e-01 
8.43921961e-01 2.43602515e-01 8.18207986e-01 
8.44422211e-01 2.43602515e-01 8.18207986e-01 
8.44922461e-01 2.39789468e-01 7.98167628e-01 
8.45422711e-01 2.39789468e-01 7.98167628e-01 
8.45922961e-01 2.35445289e-01 7.74932280e-01 
8.46423212e-01 2.35445289e-01 7.74932280e-01 
8.46923462e-01 2.30542826e-01 7.48178555e-01 
8.47423712e-01 2.30542826e-01 7.48178555e-01 
8.47923962e-01 2.25070872e-01 7.17626835e-01 
8.48424212e-01 2.25070872e-01 7.17626835e-01 
8.48924462e-01 2.19040040e-01 6.83078100e-01 
8.49424712e-01 2.19040040e-01 6.83078100e-01 
8.49924962e-01 2.12488431e-01 6.44459222e-01 
8.50425213e-01 2.12488431e-01 6.44459222e-01 
8.50925463e-01 2.05486075e-01 6.01873871e-01 
8.51425713e-01 2.05486075e-01 6.01873871e-01 
8.51925963e-01 1.98136892e-01 5.55652791e-01 
8.52426213e-01 1.98136892e-01 5.55652791e-01 
8.52926463e-01 1.90576859e-01 5.06393184e-01 
8.53426713e-01 1.90576859e-01 5.06393184e-01 
8.53926963e-01 1.82967487e-01 4.54973544e-01 
8.54427214e-01 1.82967487e-01 4.54973544e-01 
8.54927464e-01 1.75484524e-01 4.02529709e-01 
8.55427714e-01 1.75484524e-01 4.02529709e-01 
8.55927964e-01 1.68303008e-01 3.50382673e-01 
8.56428214e-01 1.68303008e-01 3.50382673e-01 
8.56928464e-01 1.61580986e-01 2.99919988e-01 
8.57428714e-01 1.61580986e-01 2.99919988e-01 
8.57928964e-01 1.55444956e-01 2.52448205e-01 
8.58429215e-01 1.55444956e-01 2.52448205e-01 
8.58929465e-01 1.49979886e-01 2.09047384e-01 
8.59429715e-01 1.49979886e-01 2.09047384e-01 
8.59929965e-01 1.45225583e-01 1.70462473e-01 
8.60430215e-01 1.45225583e-01 1.70462473e-01 
8.60930465e-01 1.41179477e-01 1.37056291e-01 
8.61430715e-01 1.41179477e-01 1.37056291e-01 
8.61930965e-01 1.37804381e-01 1.08828968e-01 
8.62431216e-01 1.37804381e-01 1.08828968e-01 
8.62931466e-01 1.35038862e-01 8.54886950e-02 
8.63431716e-01 1.35038862e-01 8.54886950e-02 
8.63931966e-01 1.32807895e-01 6.65476768e-02 
8.64432216e-01 1.32807895e-01 6.65476768e-02 
8.64932466e-01 1.31032037e-01 5.14177422e-02 
8.65432716e-01 1.31032037e-01 5.14177422e-02 
8.65932966e-01 1.29634256e-01 3.94885603e-02 
8.66433217e-01 1.29634256e-01 3.94885603e-02 
8.66933467e-01 1.28544268e-01 3.01816666e-02 
8.67433717e-01 1.28544268e-01 3.01816666e-02 
8.67933967e-01 1.27700753e-01 2.29813473e-02 
8.68434217e-01 1.27700753e-01 2.29813473e-02 
8.68934467e-01 1.27051991e-01 1.74474472e-02 
8.69434717e-01 1.27051991e-01 1.74474472e-02 
8.69934967e-01 1.26555472e-01 1.32160935e-02 
8.70435218e-01 1.26555472e-01 1.32160935e-02 
8.70935468e-01 1.26176956e-01 9.99350776e-03 
8.71435718e-01 1.26176956e-01 9.99350776e-03 
8.71935968e-01 1.25889286e-01 7.54665636e-03 
8.72436218e-01 1.25889286e-01 7.54665636e-03 
8.72936468e-01 1.25671187e-01 5.69312101e-03 
8.73436718e-01 1.25671187e-01 5.69312101e-03 
8.73936968e-01 1.25506143e-01 4.29151698e-03 
8.74437219e-01 1.25506143e-01 4.29151698e-03 
8.74937469e-01 1.25381432e-01 3.23307801e-03 
8.75437719e-01 1.25381432e-01 3.23307801e-03 
8.75937969e-01 1.25287302e-01 2.43459931e-03 
8.76438219e-01 1.25287302e-01 2.43459931e-03 
8.76938469e-01 1.25216317e-01 1.83269833e-03 
8.77438719e-01 1.25216317e-01 1.83269833e-03 
8.77938969e-01 1.25162821e-01 1.37924543e-03 
8.78439220e-01 1.25162821e-01 1.37924543e-03 
8.78939470e-01 1.25122526e-01 1.03778050e-03 
8.79439720e-01 1.25122526e-01 1.03778050e-03 
8.79939970e-01 1.25092186e-01 7.80733132e-04 
8.80440220e-01 1.25092186e-01 7.80733132e-04 
8.80940470e-01 1.25069350e-01 5.87283363e-04 
8.81440720e-01 1.25069350e-01 5.87283363e-04 
8.81940970e-01 1.25052164e-01 4.41724878e-04 
8.82441221e-01 1.25052164e-01 4.41724878e-04 
8.82941471e-01 1.25039234e-01 3.32218151e-04 
8.83441721e-01 1.25039234e-01 3.32218151e-04 
8.83941971e-01 1.25029507e-01 2.49843650e-04 
8.84442221e-01 1.25029507e-01 2.49843650e-04 
8.84942471e-01 1.25022190e-01 1.87884626e-04 
8.85442721e-01 1.25022190e-01 1.87884626e-04 
8.85942971e-01 1.25016687e-01 1.41284796e-04 
8.86443222e-01 1.25016687e-01 1.41284796e-04 
8.86943472e-01 1.25012548e-01 1.06238817e-04 
8.87443722e-01 1.25012548e-01 1.06238817e-04 
8.87943972e-01 1.25009435e-01 7.98833538e-05 
8.88444222e-01 1.25009435e-01 7.98833538e-05 
8.88944472e-01 1.25007094e-01 6.00642045e-05 
8.89444722e-01 1.25007094e-01 6.00642045e-05 
8.89944972e-01 1.25005334e-01 4.51608644e-05 
8.90445223e-01 1.25005334e-01 4.51608644e-05 
8.90945473e-01 1.25004010e-01 3.39544124e-05 
8.91445723e-01 1.25004010e-01 3.39544124e-05 
8.91945973e-01 1.25003015e-01 2.55280581e-05 
8.92446223e-01 1.25003015e-01 2.55280581e-05 
8.92946473e-01 1.25002267e-01 1.91922927e-05 
8.93446723e-01 1.25002267e-01 1.91922927e-05 
8.93946973e-01 1.25001704e-01 1.44285682e-05 
8.94447224e-01 1.25001704e-01 1.44285682e-05 
8.94947474e-01 1.25001281e-01 1.08469230e-05 
8.95447724e-01 1.25001281e-01 1.08469230e-05 
8.95947974e-01 1.25000963e-01 8.15410618e-06 
8.96448224e-01 1.25000963e-01 8.15410618e-06 
8.96948474e-01 1.25000724e-01 6.12959946e-06 
8.97448724e-01 1.25000724e-01 6.12959946e-06 
8.97948974e-01 1.25000544e-01 4.60758256e-06 
8.98449225e-01 1.25000544e-01 4.60758256e-06 
8.98949475e-01 1.25000409e-01 3.46336883e-06 
8.99449725e-01 1.25000409e-01 3.46336883e-06 
8.99949975e-01 1.25000307e-01 2.60320383e-06 
9.00450225e-01 1.25000307e-01 2.60320383e-06 
9.00950475e-01 1.25000231e-01 1.95659337e-06 
9.01450725e-01 1.25000231e-01 1.95659337e-06 
9.01950975e-01 1.25000174e-01 1.47053395e-06 
9.02451226e-01 1.25000174e-01 1.47053395e-06 
9.02951476e-01 1.25000131e-01 1.10517395e-06 
9.03451726e-01 1.25000131e-01 1.10517395e-06 
9.03951976e-01 1.25000098e-01 8.30551018e-07 
9.04452226e-01 1.25000098e-01 8.30551018e-07 
9.04952476e-01 1.25000074e-01 6.24138531e-07 
9.05452726e-01 1.25000074e-01 6.24138531e-07 
9.05952976e-01 1.25000055e-01 4.69000747e-07 
9.06453227e-01 1.25000055e-01 4.69000747e-07 
9.06953477e-01 1.25000042e-01 3.52405542e-07 
9.07453727e-01 1.25000042e-01 3.52405542e-07 
9.07953977e-01 1.25000031e-01 2.64781301e-07 
9.08454227e-01 1.25000031e-01 2.64781301e-07 
9.08954477e-01 1.25000023e-01 1.98932595e-07 
9.09454727e-01 1.25000023e-01 1.98932595e-07 
9.09954977e-01 1.25000018e-01 1.49450454e-07 
9.10455228e-01 1.25000018e-01 1.49450454e-07 
9.10955478e-01 1.25000013e-01 1.12268964e-07 
9.11455728e-01 1.25000013e-01 1.12268964e-07 
9.11955978e-01 1.25000010e-01 8.43318932e-08 
9.12456228e-01 1.25000010e-01 8.43318932e-08 
9.12956478e-01 1.25000007e-01 6.33420381e-08 
9.13456728e-01 1.25000007e-01 6.33420381e-08 
9.13956978e-01 1.25000006e-01 4.75727866e-08 
9.14457229e-01 1.25000006e-01 4.75727866e-08 
9.14957479e-01 1.25000004e-01 3.57264427e-08 
9.15457729e-01 1.25000004e-01 3.57264427e-08 
9.15957979e-01 1.25000003e-01 2.68277200e-08 
9.16458229e-01 1.25000003e-01 2.68277200e-08 
9.16958479e-01 1.25000002e-01 2.01436730e-08 
9.17458729e-01 1.25000002e-01 2.01436730e-08 
9.17958979e-01 1.25000002e-01 1.51235065e-08 
9.18459230e-01 1.25000002e-01 1.51235065e-08 
9.18959480e-01 1.25000001e-01 1.13533289e-08 
9.19459730e-01 1.25000001e-01 1.13533289e-08 
9.19959980e-01 1.25000001e-01 8.52214067e-09 
9.20460230e-01 1.25000001e-01 8.52214067e-09 
9.20960480e-01 1.25000001e-01 6.39626921e-09 
9.21460730e-01 1.25000001e-01 6.39626921e-09 
9.21960980e-01 1.25000001e-01 4.80015249e-09 
9.22461231e-01 1.25000001e-01 4.80015249e-09 
9.22961481e-01 1.25000000e-01 3.60189660e-09 
9.23461731e-01 1.25000000e-01 3.60189660e-09 
9.23961981e-01 1.25000000e-01 2.70242041e-09 
9.24462231e-01 1.25000000e-01 2.70242041e-09 
9.24962481e-01 1.25000000e-01 2.02729769e-09 
9.25462731e-01 1.25000000e-01 2.02729769e-09 
9.25962981e-01 1.25000000e-01 1.52062621e-09 
9.26463232e-01 1.25000000e-01 1.52062621e-09 
9.26963482e-01 1.25000000e-01 1.14042060e-09 
9.27463732e-01 1.25000000e-01 1.14042060e-09 
9.27963982e-01 1.25000000e-01 8.55150453e-10 
9.28464232e-01 1.25000000e-01 8.55150453e-10 
9.28964482e-01 1.25000000e-01 6.41138759e-10 
9.29464732e-01 1.25000000e-01 6.41138759e-10 
9.29964982e-01 1.25000000e-01 4.80607621e-10 
9.30465233e-01 1.25000000e-01 4.80607621e-10 
9.30965483e-01 1.25000000e-01 3.60209704e-10 
9.31465733e-01 1.25000000e-01 3.60209704e-10 
9.31965983e-01 1.25000000e-01 2.69925091e-10 
9.32466233e-01 1.25000000e-01 2.69925091e-10 
9.32966483e-01 1.25000000e-01 2.02232543e-10 
9.33466733e-01 1.25000000e-01 2.02232543e-10 
9.33966983e-01 1.25000000e-01 1.51487035e-10 
9.34467234e-01 1.25000000e-01 1.51487035e-10 
9.34967484e-01 1.25000000e-01 1.13452221e-10 
9.35467734e-01 1.25000000e-01 1.13452221e-10 
9.35967984e-01 1.25000000e-01 8.49493600e-11 
9.36468234e-01 1.25000000e-01 8.49493600e-11 
9.36968484e-01 1.25000000e-01 6.35935867e-11 
9.37468734e-01 1.25000000e-01 6.35935867e-11 
9.37968984e-01 1.25000000e-01 4.75958678e-11 
9.38469235e-01 1.25000000e-01 4.75958678e-11 
9.38969485e-01 1.25000000e-01 3.56142988e-11 
9.39469735e-01 1.25000000e-01 3.56142988e-11 
9.39969985e-01 1.25000000e-01 2.66424911e-11 
9.40470235e-01 1.25000000e-01 2.66424911e-11 
9.40970485e-01 1.25000000e-01 1.99258276e-11 
9.41470735e-01 1.25000000e-01 1.99258276e-11 
9.41970985e-01 1.25000000e-01 1.48985723e-11 
9.42471236e-01 1.25000000e-01 1.48985723e-11 
9.42971486e-01 1.25000000e-01 1.11367013e-11 
9.43471736e-01 1.25000000e-01 1.11367013e-11 
9.43971986e-01 1.25000000e-01 8.32236736e-12 
9.44472236e-01 1.25000000e-01 8.32236736e-12 
9.44972486e-01 1.25000000e-01 6.21738554e-12 
9.45472736e-01 1.25000000e-01 6.21738554e-12 
9.45972986e-01 1.25000000e-01 4.64336968e-12 
9.46473237e-01 1.25000000e-01 4.64336968e-12 
9.46973487e-01 1.25000000e-01 3.46673552e-12 
9.47473737e-01 1.25000000e-01 3.46673552e-12 
9.47973987e-01 1.25000000e-01 2.58740506e-12 
9.48474237e-01 1.25000000e-01 2.58740506e-12 
9.48974487e-01 1.25000000e-01 1.93044659e-12 
9.49474737e-01 1.25000000e-01 1.93044659e-12 
9.49974987e-01 1.25000000e-01 1.43975712e-12 
9.50475238e-01 1.25000000e-01 1.43975712e-12 
9.50975488e-01 1.25000000e-01 1.07334991e-12 
9.51475738e-01 1.25000000e-01 1.07334991e-12 
9.51975988e-01 1.25000000e-01 7.99861556e-13 
9.52476238e-01 1.25000000e-01 7.99861556e-13 
9.52976488e-01 1.25000000e-01 5.95789789e-13 
9.53476738e-01 1.25000000e-01 5.95789789e-13 
9.53976988e-01 1.25000000e-01 4.43549356e-13 
9.54477239e-01 1.25000000e-01 4.43549356e-13 
9.54977489e-01 1.25000000e-01 3.30081275e-13 
9.55477739e-01 1.25000000e-01 3.30081275e-13 
9.55977989e-01 1.25000000e-01 2.45462892e-13 
9.56478239e-01 1.25000000e-01 2.45462892e-13 
9.56978489e-01 1.25000000e-01 1.82379065e-13 
9.57478739e-01 1.25000000e-01 1.82379065e-13 
9.57978989e-01 1.25000000e-01 1.35417568e-13 
9.58479240e-01 1.25000000e-01 1.35417568e-13 
9.58979490e-01 1.25000000e-01 1.00414020e-13 
9.59479740e-01 1.25000000e-01 1.00414020e-13 
9.59979990e-01 1.25000000e-01 7.43698038e-14 
9.60480240e-01 1.25000000e-01 7.43698038e-14 
9.60980490e-01 1.25000000e-01 5.49927308e-14 
9.61480740e-01 1.25000000e-01 5.49927308e-14 
9.61980990e-01 1.25000000e-01 4.05508582e-14 
9.62481241e-01 1.25000000e-01 4.05508582e-14 
9.62981491e-01 1.25000000e-01 2.98483152e-14 
9.63481741e-01 1.25000000e-01 2.98483152e-14 
9.63981991e-01 1.25000000e-01 2.18630199e-14 
9.64482241e-01 1.25000000e-01 2.18630199e-14 
9.64982491e-01 1.25000000e-01 1.59226077e-14 
9.65482741e-01 1.25000000e-01 1.59226077e-14 
9.65982991e-01 1.25000000e-01 1.14688253e-14 
9.66483242e-01 1.25000000e-01 1.14688253e-14 
9.66983492e-01 1.25000000e-01 8.19696027e-15 
9.67483742e-01 1.25000000e-01 8.19696027e-15 
9.67983992e-01 1.25000000e-01 5.80396890e-15 
9.68484242e-01 1.25000000e-01 5.80396890e-15 
9.68984492e-01 1.25000000e-01 3.94677484e-15 
9.69484742e-01 1.25000000e-01 3.94677484e-15 
9.69984992e-01 1.25000000e-01 2.46495474e-15 
9.70485243e-01 1.25000000e-01 2.46495474e-15 
9.70985493e-01 1.25000000e-01 1.39583934e-15 
9.71485743e-01 1.25000000e-01 1.39583934e-15 
9.71985993e-01 1.25000000e-01 7.19679919e-16 
9.72486243e-01 1.25000000e-01 7.19679919e-16 
9.72986493e-01 1.25000000e-01 3.42410473e-16 
9.73486743e-01 1.25000000e-01 3.42410473e-16 
9.73986993e-01 1.25000000e-01 1.65006514e-16 
9.74487244e-01 1.25000000e-01 1.65006514e-16 
9.74987494e-01 1.25000000e-01 7.93590449e-17 
9.75487744e-01 1.25000000e-01 7.93590449e-17 
9.75987994e-01 1.25000000e-01 3.81424911e-17 
9.76488244e-01 1.25000000e-01 3.81424911e-17 
9.76988494e-01 1.25000000e-01 1.83121138e-17 
9.77488744e-01 1.25000000e-01 1.83121138e-17 
9.77988994e-01 1.25000000e-01 8.78972490e-18 
9.78489245e-01 1.25000000e-01 8.78972490e-18 
9.78989495e-01 1.25000000e-01 4.21913432e-18 
9.79489745e-01 1.25000000e-01 4.21913432e-18 
9.79989995e-01 1.25000000e-01 2.02523790e-18 
9.80490245e-01 1.25000000e-01 2.02523790e-18 
9.80990495e-01 1.25000000e-01 9.72079909e-19 
9.81490745e-01 1.25000000e-01 9.72079909e-19 
9.81990995e-01 1.25000000e-01 4.66535716e-19 
9.82491246e-01 1.25000000e-01 4.66535716e-19 
9.82991496e-01 1.25000000e-01 2.23878075e-19 
9.83491746e-01 1.25000000e-01 2.23878075e-19 
9.83991996e-01 1.25000000e-01 1.07416983e-19 
9.84492246e-01 1.25000000e-01 1.07416983e-19 
9.84992496e-01 1.25000000e-01 5.15306553e-20 
9.85492746e-01 1.25000000e-01 5.15306553e-20 
9.85992996e-01 1.25000000e-01 2.47165752e-20 
9.86493247e-01 1.25000000e-01 2.47165752e-20 
9.86993497e-01 1.25000000e-01 1.18532613e-20 
9.87493747e-01 1.25000000e-01 1.18532613e-20 
9.87993997e-01 1.25000000e-01 5.68341130e-21 
9.88494247e-01 1.25000000e-01 5.68341130e-21 
9.88994497e-01 1.25000000e-01 2.72455510e-21 
9.89494747e-01 1.25000000e-01 2.72455510e-21 
9.89994997e-01 1.25000000e-01 1.30584406e-21 
9.90495248e-01 1.25000000e-01 1.30584406e-21 
9.90995498e-01 1.25000000e-01 6.25736692e-22 
9.91495748e-01 1.25000000e-01 6.25736692e-22 
9.91995998e-01 1.25000000e-01 2.99774927e-22 
9.92496248e-01 1.25000000e-01 2.99774927e-22 
9.92996498e-01 1.25000000e-01 1.43586174e-22 
9.93496748e-01 1.25000000e-01 1.43586174e-22 
9.93996998e-01 1.25000000e-01 6.87702438e-23 
9.94497249e-01 1.25000000e-01 6.87702438e-23 
9.94997499e-01 1.25000000e-01 3.29546998e-23 
9.95497749e-01 1.25000000e-01 3.29546998e-23 
9.95997999e-01 1.25000000e-01 1.58414357e-23 
9.96498249e-01 1.25000000e-01 1.58414357e-23 
9.96998499e-01 1.25000000e-01 7.72501149e-24 
9.97498749e-01 1.25000000e-01 7.72501149e-24 
9.97998999e-01 1.25000000e-01 3.99926156e-24 
9.98499250e-01 1.25000000e-01 3.99926156e-24 
9.98999500e-01 1.25000000e-01 2.54848901e-24 
9.99499750e-01 1.25000000e-01 2.54848901e-24 
1.00000000e+00 1.25000000e-01 2.54848901e-24 
