0.0	0.0019029591735386375
0.043408681736347265	0.00189928515567514
0.08681736347269453	0.0018956090211094956
0.1302260452090418	0.0018919307728532675
0.17363472694538906	0.0018882504139222378
0.21704340868173633	0.001884567947336796
0.2604520904180836	0.0018808833761213006
0.30386077215443086	0.001877196703305356
0.3472694538907781	0.001873507931922952
0.3906781356271254	0.0018698170650127688
0.43408681736347265	0.0018661241056189548
0.4774954990998199	0.001862429056790349
0.5209041808361672	0.0018587319215813414
0.5643128625725145	0.001855032703051318
0.6077215443088617	0.0018513314042654105
0.651130226045209	0.0018476280282938018
0.6945389077815562	0.001843922578212448
0.7379475895179035	0.0018402150571029119
0.7813562712542508	0.0018365054680523907
0.824764952990598	0.0018327938141536881
0.8681736347269453	0.0018290800985057143
0.9115823164632926	0.0018253643242127082
0.9549909981996398	0.0018216464943853206
0.9983996799359871	0.0018179266121399473
1.0418083616723344	0.001814204680598841
1.0852170434086816	0.0018104807028903325
1.128625725145029	0.0018067546821488034
1.1720344068813762	0.0018030266215145196
1.2154430886177234	0.0017992965241341308
1.2588517703540707	0.0017955643931600318
1.302260452090418	0.001791830231751057
1.3456691338267652	0.0017880940430719527
1.3890778155631125	0.0017843558302936824
1.4324864972994598	0.0017806155965933435
1.475895179035807	0.0017768733451540286
1.5193038607721543	0.0017731290791651588
1.5627125425085016	0.0017693828018223168
1.6061212242448488	0.0017656345163271914
1.649529905981196	0.0017618842258873835
1.6929385877175434	0.0017581319337166834
1.7363472694538906	0.001754377643034738
1.7797559511902379	0.0017506213570672724
1.8231646329265851	0.0017468630790458683
1.8665733146629324	0.0017431028122076586
1.9099819963992797	0.001739340559795105
1.953390678135627	0.001735576325055832
1.9967993598719742	0.001731810111242127
2.0402080416083215	0.001728041921610829
2.0836167233446687	0.001724271759422219
2.127025405081016	0.0017204996279393814
2.1704340868173633	0.0017167255304267048
2.2138427685537105	0.0017129494701492998
2.257251450290058	0.0017091714503705557
2.300660132026405	0.0017053914743509757
2.3440688137627523	0.0017016095453451507
2.3874774954990996	0.0016978256665993174
2.430886177235447	0.0016940398413476943
2.474294858971794	0.0016902520728090953
2.5177035407081414	0.0016864623641820176
2.5611122224444887	0.0016826707186397838
2.604520904180836	0.001678877139324686
2.647929585917183	0.0016750816293418236
2.6913382676535305	0.0016712841917513321
2.7347469493898777	0.0016674848295609446
2.778155631126225	0.0016636835457169152
2.8215643128625723	0.0016598803430947495
2.8649729945989195	0.0016560752244886845
2.908381676335267	0.0016522681926004479
2.951790358071614	0.0016484592500277673
2.9951990398079613	0.0016446483992518246
3.0386077215443086	0.0016408356426236281
3.082016403280656	0.0016370209823503568
3.125425085017003	0.0016332044204809826
3.1688337667533504	0.0016293859588911719
3.2122424484896976	0.0016255655992680473
3.255651130226045	0.001621743343094062
3.299059811962392	0.001617919191631484
3.3424684936987394	0.0016140931459061036
3.3858771754350867	0.0016102652066910528
3.429285857171434	0.0016064353744903725
3.4726945389077812	0.001602603649523665
3.5161032206441285	0.0015987700317098008
3.5595119023804758	0.0015949345206519028
3.602920584116823	0.001591097115622775
3.6463292658531703	0.001587257815550358
3.6897379475895176	0.001583416619004685
3.733146629325865	0.0015795735241852515
3.776555311062212	0.001575728528909276
3.8199639927985594	0.0015718816306009853
3.8633726745349066	0.0015680328262829557
3.906781356271254	0.0015641821125670086
3.950190038007601	0.0015603294856479377
3.9935987197439484	0.0015564749412981804
4.037007401480296	0.00155261847486321
4.080416083216643	0.0015487600812595093
4.123824764952991	0.0015448997549735166
4.1672334466893375	0.001541037490062458
4.210642128425685	0.0015371732801560678
4.254050810162032	0.0015333071184611968
4.29745949189838	0.0015294389977670575
4.3408681736347265	0.001525568910452274
4.384276855371074	0.0015216968484941529
4.427685537107421	0.0015178228034788688
4.471094218843769	0.001513946766613733
4.514502900580116	0.0015100687287406267
4.557911582316463	0.0015061886803514613
4.60132026405281	0.0015023066116046924
4.644728945789158	0.001498422512343528
4.688137627525505	0.0014945363721151628
4.731546309261852	0.0014906481801914284
4.774954990998199	0.0014867579255910257
4.818363672734547	0.0014828655971024784
4.861772354470894	0.001478971183308253
4.905181036207241	0.0014750746726094055
4.948589717943588	0.0014711760532523377
4.991998399679936	0.001467275313355082
5.035407081416283	0.001463372440934696
5.0788157631526305	0.00145946742393549
5.122224444888977	0.001455560250257698
5.165633126625325	0.001451650907785984
5.209041808361672	0.0014477393844194442
5.25245049009802	0.0014438256681004458
5.295859171834366	0.0014399097468451305
5.339267853570714	0.001435991608772308
5.382676535307061	0.0014320712421337367
5.426085217043409	0.0014281486353440453
5.4694938987797554	0.0014242237770090982
5.512902580516103	0.0014202966559562213
5.55631126225245	0.001416367261262541
5.599719943988798	0.0014124355822835999
5.6431286257251445	0.0014085016086813062
5.686537307461492	0.0014045653304513017
5.729945989197839	0.0014006267379500503
5.773354670934187	0.001396685821920901
5.816763352670534	0.0013927425735197063
5.860172034406881	0.0013887969843398296
5.903580716143228	0.0013848490464360708
5.946989397879576	0.0013808987523482585
5.990398079615923	0.001376946095123316
6.03380676135227	0.0013729910683374646
6.077215443088617	0.0013690336661169589
6.120624124824965	0.0013650738831577358
6.164032806561312	0.0013611117147449558
6.207441488297659	0.001357147156770766
6.250850170034006	0.0013531802057524522
6.294258851770354	0.0013492108588478435
6.337667533506701	0.001345239113871688
6.3810762152430485	0.0013412649693099743
6.424484896979395	0.0013372884243341432
6.467893578715743	0.0013333094788139377
6.51130226045209	0.0013293281333291995
6.5547109421884375	0.001325344389181915
6.598119623924784	0.0013213582484064845
6.641528305661132	0.0013173697137795204
6.684936987397479	0.0013133787888290616
6.728345669133827	0.0013093854778426228
6.771754350870173	0.0013053897858754104
6.815163032606521	0.0013013917187568724
6.858571714342868	0.0012973912830969714
6.901980396079216	0.001293388486292596
6.9453890778155625	0.001289383336531974
6.98879775955191	0.001285375842799863
7.032206441288257	0.0012813660148812689
7.075615123024605	0.0012773538633651105
7.1190238047609515	0.001273339399647716
7.162432486497299	0.0012693226359350718
7.205841168233646	0.0012653035852451255
7.249249849969994	0.0012612822614100072
7.292658531706341	0.00125725867907725
7.336067213442688	0.0012532328537112614
7.379475895179035	0.0012492048015938229
7.422884576915383	0.001245174539824978
7.46629325865173	0.0012411420863233935
7.509701940388077	0.001237107459826331
7.553110622124424	0.0012330706798890922
7.596519303860772	0.0012290317668853246
7.639927985597119	0.001224990742006049
7.683336667333466	0.0012209476272589392
7.726745349069813	0.001216902445467516
7.770154030806161	0.001212855220269926
7.813562712542508	0.0012088059761175551
7.8569713942788555	0.0012047547382742496
7.900380076015202	0.0012007015328140414
7.94378875775155	0.001196646386620176
7.987197439487897	0.0011925893273830313
8.030606121224244	0.0011885303835981742
8.074014802960592	0.0011844695845649178
8.117423484696939	0.0011804069603836287
8.160832166433286	0.0011763425419540896
8.204240848169633	0.0011722763609727793
8.247649529905981	0.0011682084499310963
8.291058211642328	0.0011641388421124166
8.334466893378675	0.001160067571589679
8.377875575115022	0.0011559946732225546
8.42128425685137	0.0011519201826552528
8.464692938587717	0.00114784413631272
8.508101620324064	0.0011437665713985579
8.55151030206041	0.0011396875258912476
8.59491898379676	0.0011356070385412642
8.638327665533106	0.0011315251488674127
8.681736347269453	0.0011274418971534972
8.7251450290058	0.0011233573244448791
8.768553710742149	0.001119271472544009
8.811962392478495	0.0011151843840074283
8.855371074214842	0.001111096102140663
8.898779755951189	0.0011070066709945314
8.942188437687538	0.0011029161353608707
8.985597119423884	0.0010988245407672903
9.029005801160231	0.00109473193347287
9.072414482896578	0.0010906383604631364
9.115823164632927	0.0010865438694447338
9.159231846369273	0.0010824485088399838
9.20264052810562	0.0010783523277815843
9.246049209841967	0.001074255376106753
9.289457891578316	0.0010701577043510657
9.332866573314663	0.0010660593637425164
9.37627525505101	0.0010619604061949672
9.419683936787356	0.0010578608843016257
9.463092618523705	0.0010537608513283558
9.506501300260052	0.0010496603612062116
9.549909981996398	0.0010455594685244152
9.593318663732745	0.0010414582285229457
9.636727345469094	0.0010373566970846293
9.68013602720544	0.001033254930727312
9.723544708941787	0.001029152986595755
9.766953390678134	0.0010250509224531135
9.810362072414483	0.0010209487966722497
9.85377075415083	0.0010168466682273503
9.897179435887177	0.0010127445966843507
9.940588117623523	0.00100864264219247
9.983996799359872	0.0010045408654736077
10.027405481096219	0.0010004393278137125
10.070814162832566	0.0009963380910525677
10.114222844568912	0.0009922372175736882
10.157631526305261	0.000988136770294079
10.201040208041608	0.0009840368126540489
10.244448889777955	0.0009799374086061352
10.287857571514301	0.0009758386226049187
10.33126625325065	0.0009717405195955875
10.374674934986997	0.0009676431650029738
10.418083616723344	0.0009635466247206459
10.46149229845969	0.000959450965098807
10.50490098019604	0.0009553562529332482
10.548309661932386	0.0009512625554535248
10.591718343668733	0.0009471699403112988
10.63512702540508	0.0009430784755680433
10.678535707141428	0.0009389882296833296
10.721944388877775	0.0009348992715024207
10.765353070614122	0.0009308116702442526
10.808761752350469	0.0009267254954891391
10.852170434086817	0.0009226408171661427
10.895579115823164	0.000918557705540668
10.938987797559511	0.0009144762312020271
10.982396479295858	0.0009103964650507834
11.025805161032206	0.0009063184782861222
11.069213842768553	0.0009022423423931392
11.1126225245049	0.0008981681291301558
11.156031206241249	0.0008940959105159796
11.199439887977595	0.0008900257588173033
11.242848569713942	0.0008859577465356316
11.286257251450289	0.0008818919463947361
11.329665933186638	0.0008778284313281648
11.373074614922984	0.0008737672744660585
11.416483296659331	0.0008697085491226608
11.459891978395678	0.0008656523287838558
11.503300660132027	0.0008615986870942893
11.546709341868373	0.0008575476978446017
11.59011802360472	0.0008534994349595759
11.633526705341067	0.0008494539724847039
11.676935387077416	0.0008454113845748901
11.720344068813763	0.0008413717454812952
11.76375275055011	0.0008373351295395126
11.807161432286456	0.0008333016111570501
11.850570114022805	0.0008292712648014233
11.893978795759152	0.0008252441649883591
11.937387477495498	0.0008212203862695278
11.980796159231845	0.0008172000032209414
12.024204840968194	0.0008131830904314907
12.06761352270454	0.0008091697224912597
12.111022204440888	0.0008051599739797299
12.154430886177234	0.0008011539194548167
12.197839567913583	0.0007971516334416007
12.24124824964993	0.0007931531904213363
12.284656931386277	0.0007891586648203219
12.328065613122623	0.0007851681309990199
12.371474294858972	0.00078118166324187
12.414882976595319	0.0007771993357463258
12.458291658331666	0.0007732212226127244
12.501700340068012	0.0007692473978332115
12.545109021804361	0.0007652779352831096
12.588517703540708	0.0007613129087099824
12.631926385277055	0.0007573523917244473
12.675335067013402	0.0007533964577897956
12.71874374874975	0.0007494451802127211
12.762152430486097	0.000745498632134467
12.805561112222444	0.0007415568865210831
12.84896979395879	0.0007376200161549606
12.89237847569514	0.0007336880936255064
12.935787157431486	0.0007297611913205659
12.979195839167833	0.0007258393814178199
13.02260452090418	0.0007219227358769842
13.066013202640528	0.0007180113264306232
13.109421884376875	0.000714105224576933
13.152830566113222	0.0007102045015714153
13.196239247849569	0.0007063092284193273
13.239647929585917	0.0007024194758676883
13.283056611322264	0.0006985353143983686
13.326465293058611	0.0006946568142206511
13.369873974794958	0.0006907840452638203
13.413282656531306	0.0006869170771708344
13.456691338267653	0.0006830559792913027
13.500100020004	0.0006792008206747968
13.543508701740347	0.0006753516700636897
13.586917383476695	0.0006715085958878819
13.630326065213042	0.0006676716662581128
13.673734746949389	0.0006638409489600761
13.717143428685736	0.0006600165114482304
13.760552110422084	0.0006561984208408866
13.803960792158431	0.000652386743913852
13.847369473894778	0.0006485815470948231
13.890778155631125	0.0006447828964592228
13.934186837367474	0.0006409908577241219
13.97759551910382	0.000637205496243215
14.021004200840167	0.0006334268770024631
14.064412882576514	0.0006296550646153198
14.107821564312863	0.0006258901233178182
14.15123024604921	0.0006221321169645189
14.194638927785556	0.000618381109024041
14.238047609521903	0.0006146371625742608
14.281456291258252	0.0006109003402997026
14.324864972994598	0.0006071707044868757
14.368273654730945	0.0006034483170204441
14.411682336467292	0.0005997332393796184
14.45509101820364	0.0005960255326351027
14.498499699939988	0.0005923252574442095
14.541908381676334	0.000588632474049805
14.585317063412681	0.0005849472422760071
14.62872574514903	0.000581269621523911
14.672134426885377	0.0005775996707722553
14.715543108621723	0.0005739374485703996
14.75895179035807	0.0005702830130391856
14.802360472094419	0.0005666364218666342
14.845769153830766	0.000562997732305337
14.889177835567112	0.0005593670011712348
14.93258651730346	0.0005557442848405647
14.975995199039808	0.0005521296392482777
15.019403880776155	0.0005485231198858742
15.062812562512502	0.0005449247817989888
15.106221244248848	0.0005413346795870855
15.149629925985197	0.0005377528673995713
15.193038607721544	0.0005341793989372123
15.23644728945789	0.0005306143274472486
15.279855971194237	0.0005270577057251147
15.323264652930586	0.0005235095861113315
15.366673334666933	0.0005199700204902569
15.41008201640328	0.0005164390602912794
15.453490698139627	0.0005129167564844328
15.496899379875975	0.0005094031595831161
15.540308061612322	0.0005058983196395139
15.583716743348669	0.0005024022862476496
15.627125425085016	0.000498915108540221
15.670534106821364	0.000495436835188906
15.713942788557711	0.0004919675144038627
15.757351470294058	0.000488507193933535
15.800760152030405	0.00048505592106412587
15.844168833766753	0.000481613742619319
15.8875775155031	0.000478180704961112
15.930986197239447	0.0004747568539887337
15.974394878975794	0.00047134223513869977
16.017803560712142	0.00046793689338633926
16.061212242448487	0.00046454087324332427
16.104620924184836	0.000461154218761195
16.148029605921185	0.00045777697352838986
16.19143828765753	0.0004544091806741868
16.234846969393878	0.0004510508828655113
16.278255651130227	0.00044770212231054485
16.321664332866572	0.00044436294075714255
16.36507301460292	0.0004410333794952481
16.408481696339265	0.00043771347935664395
16.451890378075614	0.0004344032807155618
16.495299059811963	0.00043110282349126394
16.538707741548308	0.00042781214714576743
16.582116423284656	0.0004245312906884513
16.625525105021005	0.0004212602926731146
16.66893378675735	0.00041799919120416584
16.7123424684937	0.0004147480239324042
16.755751150230044	0.0004115068280614864
16.799159831966392	0.0004082756403426535
16.84256851370274	0.00040505449708394536
16.885977195439086	0.0004018434341438448
16.929385877175434	0.00039864248693760596
16.972794558911783	0.0003954516904394467
17.016203240648128	0.00039227107917627624
17.059611922384477	0.00038910068724251623
17.10302060412082	0.0003859405482865008
17.14642928585717	0.00038279069552538125
17.18983796759352	0.00037965116173799274
17.233246649329864	0.0003765219792689345
17.276655331066213	0.0003734031800340931
17.32006401280256	0.0003702947955153413
17.363472694538906	0.00036719685676919744
17.406881376275255	0.00036410939442427237
17.4502900580116	0.00036103243868435
17.49369873974795	0.0003579660193318013
17.537107421484297	0.00035491016572661294
17.580516103220642	0.0003518649068107449
17.62392478495699	0.0003488302711097402
17.66733346669334	0.0003458062867321421
17.710742148429684	0.00034279298137571135
17.754150830166033	0.0003397903823267878
17.797559511902378	0.00033679851646142844
17.840968193638727	0.00033381741025176326
17.884376875375075	0.00033084708976402477
17.92778555711142	0.00032788758066173984
17.97119423884777	0.0003249389082092824
18.014602920584117	0.0003220010972715681
18.058011602320462	0.00031907417231885615
18.10142028405681	0.00031615815742799813
18.144828965793156	0.0003132530762826047
18.188237647529505	0.00031035895217890186
18.231646329265853	0.00030747580802747976
18.2750550110022	0.0003046036663509333
18.318463692738547	0.0003017425492916892
18.361872374474896	0.0002988924786129499
18.40528105621124	0.0002960534756975275
18.44868973794759	0.00029322556155486623
18.492098419683934	0.0002904087568218472
18.535507101420283	0.0002876030817633435
18.57891578315663	0.00028480855627757706
18.622324464892976	0.00028202519989403707
18.665733146629325	0.00027925303178089056
18.709141828365674	0.0002764920707455931
18.75255051010202	0.00027374233523291824
18.795959191838367	0.00027100384333481053
18.839367873574712	0.0002682766127896363
18.88277655531106	0.00026556066097993547
18.92618523704741	0.0002628560049428019
18.969593918783755	0.0002601626613678021
19.013002600520103	0.0002574806465972246
19.05641128225645	0.000254809976634518
19.099819963992797	0.00025215066714193157
19.143228645729145	0.0002495027334437905
19.18663732746549	0.00024686619053079784
19.23004600920184	0.00024424105306083965
19.273454690938188	0.00024162733536087222
19.316863372674533	0.00023902505143028052
19.36027205441088	0.0002364342149432097
19.40368073614723	0.00023385483925150718
19.447089417883575	0.00023128693738500017
19.490498099619924	0.0002287305220564917
19.53390678135627	0.00022618560566259327
19.577315463092617	0.0002236522002860286
19.620724144828966	0.0002211303176994639
19.66413282656531	0.00021861996936545225
19.70754150830166	0.00021612116644192936
19.750950190038008	0.0002136339197808257
19.794358871774353	0.0002111582399348111
19.8377675535107	0.00020869413715549068
19.881176235247047	0.00020624162139759594
19.924584916983395	0.000203800702322815
19.967993598719744	0.00020137138929832155
20.01140228045609	0.00019895369140346397
20.054810962192438	0.0001965476174283498
20.098219643928786	0.00019415317587920256
20.14162832566513	0.0001917703749771682
20.18503700740148	0.00018939922266478226
20.228445689137825	0.00018703972660588652
20.271854370874173	0.00018469189418712784
20.315263052610522	0.00018235573252220472
20.358671734346867	0.0001800312484525335
20.402080416083216	0.0001777184485513561
20.445489097819564	0.00017541733912304625
20.48889777955591	0.0001731279262093266
20.532306461292258	0.0001708502155871039
20.575715143028603	0.00016858421277357594
20.61912382476495	0.00016632992302814675
20.6625325065013	0.00016408735135514663
20.705941188237645	0.0001618565025038321
20.749349869973994	0.0001596373809714391
20.792758551710342	0.00015742999100695765
20.836167233446687	0.00015523433661107644
20.879575915183036	0.00015305042153992976
20.92298459691938	0.00015087824930615223
20.96639327865573	0.0001487178231837638
21.00980196039208	0.00014656914620561623
21.053210642128423	0.00014443222116863885
21.096619323864772	0.00014230705063444926
21.14002800560112	0.00014019363693437703
21.183436687337466	0.00013809198216777063
21.226845369073814	0.00013600208820654935
21.27025405081016	0.00013392395669539758
21.313662732546508	0.00013185758905592815
21.357071414282856	0.00012980298648718192
21.4004800960192	0.00012776014996856988
21.44388877775555	0.00012572908026106666
21.4872974594919	0.0001237097779104579
21.530706141228244	0.00012170224324689616
21.574114822964592	0.00011970647638906429
21.617523504700937	0.00011772247724611828
21.660932186437286	0.00011575024551985225
21.704340868173635	0.00011378978070428203
21.74774954990998	0.00011184108208950327
21.791158231646328	0.00010990414876349552
21.834566913382677	0.00010797897961409286
21.877975595119022	0.00010606557333014965
21.92138427685537	0.00010416392840462141
21.964792958591715	0.00010227404313495336
22.008201640328064	0.00010039591562635564
22.051610322064413	9.852954379352408e-05
22.095019003800758	9.667492536022393e-05
22.138427685537106	9.483205786425808e-05
22.181836367273455	9.300093865777237e-05
22.2252450490098	9.118156490978135e-05
22.26865373074615	8.937393360564094e-05
22.312062412482497	8.757804155287707e-05
22.355471094218842	8.57938853791318e-05
22.39887977595519	8.402146153624335e-05
22.442288457691536	8.22607663010233e-05
22.485697139427884	8.051179577628353e-05
22.529105821164233	7.877454589547139e-05
22.572514502900578	7.704901242056028e-05
22.615923184636927	7.53351909464628e-05
22.659331866373275	7.363307690178011e-05
22.70274054810962	7.194266555096696e-05
22.74614922984597	7.026395199488666e-05
22.789557911582314	6.859693117405863e-05
22.832966593318663	6.694159786874154e-05
22.87637527505501	6.529794670104283e-05
22.919783956791356	6.366597213822156e-05
22.963192638527705	6.204566849049575e-05
23.006601320264053	6.04370299168433e-05
23.0500100020004	5.884005042433582e-05
23.093418683736747	5.725472386938768e-05
23.136827365473092	5.568104396116991e-05
23.18023604720944	5.411900426099958e-05
23.22364472894579	5.256859818522641e-05
23.267053410682134	5.102981900653725e-05
23.310462092418483	4.9502659855593656e-05
23.35387077415483	4.798711372203113e-05
23.397279455891177	4.648317345595787e-05
23.440688137627525	4.499083177050833e-05
23.48409681936387	4.351008124270361e-05
23.52750550110022	4.204091431353474e-05
23.570914182836567	4.0583323291487616e-05
23.614322864572912	3.913730035171037e-05
23.65773154630926	3.770283754195303e-05
23.70114022804561	3.627992677840419e-05
23.744548909781955	3.48685598499654e-05
23.787957591518303	3.346872841908377e-05
23.83136627325465	3.2080424024055754e-05
23.874774954990997	3.070363807933241e-05
23.918183636727345	2.9338361876851682e-05
23.96159231846369	2.798458658759273e-05
24.00500100020004	2.6642303264018397e-05
24.048409681936388	2.531150283943684e-05
24.091818363672733	2.3992176131304443e-05
24.13522704540908	2.268431384055969e-05
24.178635727145426	2.1387906554592995e-05
24.222044408881775	2.0102944746969165e-05
24.265453090618124	1.8829418780758056e-05
24.30886177235447	1.7567318907868446e-05
24.352270454090817	1.631663527149052e-05
24.395679135827166	1.5077357906373434e-05
24.43908781756351	1.3849476741156774e-05
24.48249649929986	1.2632981599175475e-05
24.525905181036205	1.1427862199403505e-05
24.569313862772553	1.0234108157231026e-05
24.6127225445089	9.051708986324014e-06
24.656131226245247	7.88065410045613e-06
24.699539907981595	6.720932813203406e-06
24.742948589717944	5.572534340081425e-06
24.78635727145429	4.435447800016368e-06
24.829765953190638	3.309662214734388e-06
24.873174634926983	2.1951665124253505e-06
24.91658331666333	1.09194952724323e-06
24.95999199839968	0.0
