0.0	-0.0042008401680337926
0.043408681736347265	-0.13302660532106425
0.08681736347269453	-0.05181036207241463
0.1302260452090418	-0.03780756151230258
0.17363472694538906	-0.035007001400280124
0.21704340868173633	-0.03640728145629146
0.2604520904180836	-0.04060812162432503
0.30386077215443086	-0.044808961792358604
0.3472694538907781	-0.05181036207241463
0.3906781356271254	-0.05881176235247065
0.43408681736347265	-0.0672134426885378
0.4774954990998199	-0.07561512302460494
0.5209041808361672	-0.0840168033606723
0.5643128625725145	-0.09381876375275056
0.6077215443088617	-0.10222044408881792
0.651130226045209	-0.11062212442488506
0.6945389077815562	-0.1190238047609522
0.7379475895179035	-0.12602520504100823
0.7813562712542508	-0.13302660532106425
0.824764952990598	-0.13862772554510916
0.8681736347269453	-0.14282856571314273
0.9115823164632926	-0.14562912582516518
0.9549909981996398	-0.1470294058811763
0.9983996799359871	-0.14842968593718764
1.0418083616723344	-0.14982996599319875
1.0852170434086816	-0.14982996599319875
1.128625725145029	-0.14842968593718764
1.1720344068813762	-0.14562912582516518
1.2154430886177234	-0.1414282856571316
1.2588517703540707	-0.1358271654330867
1.302260452090418	-0.12882576515303068
1.3456691338267652	-0.12042408481696354
1.3890778155631125	-0.11062212442488506
1.4324864972994598	-0.09941988397679546
1.475895179035807	-0.08681736347269475
1.5193038607721543	-0.0728145629125827
1.5627125425085016	-0.05881176235247065
1.6061212242448488	-0.04340868173634749
1.649529905981196	-0.0280056011202241
1.6929385877175434	-0.011202240448089817
1.7363472694538906	0.005601120224044687
1.7797559511902379	0.023804760952190307
1.8231646329265851	0.04060812162432481
1.8665733146629324	0.05881176235247043
1.9099819963992797	0.07561512302460471
1.953390678135627	0.09381876375275033
1.9967993598719742	0.11062212442488484
2.0402080416083215	0.12742548509701934
2.0836167233446687	0.14422884576915362
2.127025405081016	0.159631926385277
2.1704340868173633	0.17503500700140018
2.2138427685537105	0.18903780756151223
2.257251450290058	0.20304060812162428
2.300660132026405	0.215643128625725
2.3440688137627523	0.22684536907381458
2.3874774954990996	0.23804760952190418
2.430886177235447	0.24644928985797154
2.474294858971794	0.2548509701940387
2.5177035407081414	0.2618523704740947
2.5611122224444887	0.2660532106421283
2.604520904180836	0.27025405081016185
2.647929585917183	0.2730546109221843
2.6913382676535305	0.2744548909781954
2.7347469493898777	0.2744548909781954
2.778155631126225	0.2730546109221843
2.8215643128625723	0.27025405081016185
2.8649729945989195	0.2660532106421283
2.908381676335267	0.2604520904180836
2.951790358071614	0.2548509701940387
2.9951990398079613	0.2506501300260051
3.0386077215443086	0.249249849969994
3.082016403280656	0.25205041008201623
3.125425085017003	0.2548509701940387
3.1688337667533504	0.25345069013802757
3.2122424484896976	0.24784956991398266
3.255651130226045	0.23664732946589306
3.299059811962392	0.2212442488497699
3.3424684936987394	0.20304060812162428
3.3858771754350867	0.18343668733746732
3.429285857171434	0.16243248649729924
3.4726945389077812	0.14002800560112005
3.5161032206441285	0.11622324464892975
3.5595119023804758	0.09241848369673922
3.602920584116823	0.06861372274454869
3.6463292658531703	0.04480896179235838
3.6897379475895176	0.021004200840167853
3.733146629325865	-0.0028005601120224544
3.776555311062212	-0.026605321064212983
3.8199639927985594	-0.049009801960392174
3.8633726745349066	-0.07141428285657136
3.906781356271254	-0.09241848369673944
3.950190038007601	-0.11342268453690751
3.9935987197439484	-0.13302660532106425
4.037007401480296	-0.1526305261052212
4.080416083216643	-0.17643528705741152
4.123824764952991	-0.2156431286257251
4.1672334466893375	-0.3010602120424085
4.210642128425685	-0.4522904580916183
4.254050810162032	-0.5923184636927386
4.29745949189838	-0.6105221044208842
4.3408681736347265	-0.5419083816763353
4.384276855371074	-0.4578915783156632
4.427685537107421	-0.3864772954590918
4.471094218843769	-0.3276655331066213
4.514502900580116	-0.28145629125825167
4.557911582316463	-0.24224844968993797
4.60132026405281	-0.2086417283456692
4.644728945789158	-0.17923584716943386
4.688137627525505	-0.15123024604920987
4.731546309261852	-0.12462492498499711
4.774954990998199	-0.10082016403280658
4.818363672734547	-0.07841568313662739
4.861772354470894	-0.0560112022404482
4.905181036207241	-0.035007001400280124
4.948589717943588	-0.01400280056011205
4.991998399679936	0.005601120224044687
5.035407081416283	0.023804760952190307
5.0788157631526305	0.04200840168033593
5.122224444888977	0.05881176235247043
5.165633126625325	0.07561512302460471
5.209041808361672	0.0910182036407281
5.25245049009802	0.10502100420084015
5.295859171834366	0.11482296459291841
5.339267853570714	0.12042408481696332
5.382676535307061	0.12322464492898577
5.426085217043409	0.12462492498499689
5.4694938987797554	0.12462492498499689
5.512902580516103	0.12462492498499689
5.55631126225245	0.12462492498499689
5.599719943988798	0.12462492498499689
5.6431286257251445	0.12462492498499689
5.686537307461492	0.12462492498499689
5.729945989197839	0.12462492498499689
5.773354670934187	0.12462492498499689
5.816763352670534	0.12462492498499689
5.860172034406881	0.12322464492898577
5.903580716143228	0.12322464492898577
5.946989397879576	0.12182436487297443
5.990398079615923	0.11902380476095198
6.03380676135227	0.11762352470494086
6.077215443088617	0.11482296459291841
6.120624124824965	0.11202240448089618
6.164032806561312	0.10922184436887372
6.207441488297659	0.10502100420084015
6.250850170034006	0.1022204440888177
6.294258851770354	0.09801960392078413
6.337667533506701	0.09381876375275033
6.3810762152430485	0.08961792358471676
6.424484896979395	0.08541708341668319
6.467893578715743	0.08121624324864962
6.51130226045209	0.07701540308061605
6.5547109421884375	0.07281456291258248
6.598119623924784	0.06861372274454869
6.641528305661132	0.06441288257651512
6.684936987397479	0.06021204240848155
6.728345669133827	0.05601120224044798
6.771754350870173	0.051810362072414406
6.815163032606521	0.047609521904380836
6.858571714342868	0.043408681736347265
6.901980396079216	0.03920784156831347
6.9453890778155625	0.0350070014002799
6.98879775955191	0.03220644128825745
7.032206441288257	0.028005601120223877
7.075615123024605	0.023804760952190307
7.1190238047609515	0.019603920784156736
7.162432486497299	0.015403080616123166
7.205841168233646	0.012602520504100712
7.249249849969994	0.008401680336067141
7.292658531706341	0.0042008401680335705
7.336067213442688	0.0
7.379475895179035	-0.0042008401680337926
7.422884576915383	-0.008401680336067363
7.46629325865173	-0.012602520504100934
7.509701940388077	-0.016803360672134504
7.553110622124424	-0.021004200840168075
7.596519303860772	-0.025205041008201645
7.639927985597119	-0.0280056011202241
7.683336667333466	-0.03220644128825767
7.726745349069813	-0.035007001400280124
7.770154030806161	-0.039207841568313695
7.813562712542508	-0.04200840168033615
7.8569713942788555	-0.044808961792358604
7.900380076015202	-0.04760952190438106
7.94378875775155	-0.05041008201640329
7.987197439487897	-0.05461092218443708
8.030606121224244	-0.0560112022404482
8.074014802960592	-0.057411482296459315
8.117423484696939	-0.05881176235247065
8.160832166433286	-0.057411482296459315
8.204240848169633	-0.0560112022404482
8.247649529905981	-0.05181036207241463
8.291058211642328	-0.049009801960392174
8.334466893378675	-0.044808961792358604
8.377875575115022	-0.04060812162432503
8.42128425685137	-0.03640728145629146
8.464692938587717	-0.03220644128825767
8.508101620324064	-0.029405881176235438
8.55151030206041	-0.025205041008201645
8.59491898379676	-0.022404480896179413
8.638327665533106	-0.021004200840168075
8.681736347269453	-0.018203640728145842
8.7251450290058	-0.016803360672134504
8.768553710742149	-0.01400280056011205
8.811962392478495	-0.012602520504100934
8.855371074214842	-0.011202240448089817
8.898779755951189	-0.00980196039207848
8.942188437687538	-0.008401680336067363
8.985597119423884	-0.008401680336067363
9.029005801160231	-0.007001400280056025
9.072414482896578	-0.007001400280056025
9.115823164632927	-0.005601120224044909
9.159231846369273	-0.005601120224044909
9.20264052810562	-0.005601120224044909
9.246049209841967	-0.005601120224044909
9.289457891578316	-0.005601120224044909
9.332866573314663	-0.007001400280056025
9.37627525505101	-0.007001400280056025
9.419683936787356	-0.007001400280056025
9.463092618523705	-0.007001400280056025
9.506501300260052	-0.007001400280056025
9.549909981996398	-0.007001400280056025
9.593318663732745	-0.008401680336067363
9.636727345469094	-0.008401680336067363
9.68013602720544	-0.008401680336067363
9.723544708941787	-0.008401680336067363
9.766953390678134	-0.008401680336067363
9.810362072414483	-0.008401680336067363
9.85377075415083	-0.00980196039207848
9.897179435887177	-0.00980196039207848
9.940588117623523	-0.00980196039207848
9.983996799359872	-0.011202240448089817
10.027405481096219	-0.011202240448089817
10.070814162832566	-0.012602520504100934
10.114222844568912	-0.012602520504100934
10.157631526305261	-0.01400280056011205
10.201040208041608	-0.01400280056011205
10.244448889777955	-0.015403080616123388
10.287857571514301	-0.015403080616123388
10.33126625325065	-0.016803360672134504
10.374674934986997	-0.016803360672134504
10.418083616723344	-0.018203640728145842
10.46149229845969	-0.018203640728145842
10.50490098019604	-0.018203640728145842
10.548309661932386	-0.018203640728145842
10.591718343668733	-0.016803360672134504
10.63512702540508	-0.016803360672134504
10.678535707141428	-0.01400280056011205
10.721944388877775	-0.012602520504100934
10.765353070614122	-0.00980196039207848
10.808761752350469	-0.005601120224044909
10.852170434086817	-0.0014002800560113382
10.895579115823164	0.0042008401680335705
10.938987797559511	0.011202240448089595
10.982396479295858	0.016803360672134282
11.025805161032206	0.023804760952190307
11.069213842768553	0.030806161232246332
11.1126225245049	0.03780756151230236
11.156031206241249	0.043408681736347265
11.199439887977595	0.04900980196039195
11.242848569713942	0.05461092218443686
11.286257251450289	0.05881176235247043
11.329665933186638	0.061612322464492886
11.373074614922984	0.06581316263252646
11.416483296659331	0.06721344268853757
11.459891978395678	0.06861372274454869
11.503300660132027	0.07001400280056003
11.546709341868373	0.07001400280056003
11.59011802360472	0.06861372274454869
11.633526705341067	0.06721344268853757
11.676935387077416	0.06581316263252646
11.720344068813763	0.063012602520504
11.76375275055011	0.06021204240848155
11.807161432286456	0.05601120224044798
11.850570114022805	0.051810362072414406
11.893978795759152	0.047609521904380836
11.937387477495498	0.043408681736347265
11.980796159231845	0.03920784156831347
12.024204840968194	0.0350070014002799
12.06761352270454	0.030806161232246332
12.111022204440888	0.028005601120223877
12.154430886177234	0.025205041008201423
12.197839567913583	0.023804760952190307
12.24124824964993	0.021004200840167853
12.284656931386277	0.021004200840167853
12.328065613122623	0.019603920784156736
12.371474294858972	0.01820364072814562
12.414882976595319	0.01820364072814562
12.458291658331666	0.016803360672134282
12.501700340068012	0.015403080616123166
12.545109021804361	0.014002800560111828
12.588517703540708	0.011202240448089595
12.631926385277055	0.008401680336067141
12.675335067013402	0.005601120224044687
12.71874374874975	0.0028005601120222323
12.762152430486097	-0.0014002800560113382
12.805561112222444	-0.005601120224044909
12.84896979395879	-0.011202240448089817
12.89237847569514	-0.015403080616123388
12.935787157431486	-0.021004200840168075
12.979195839167833	-0.026605321064212983
13.02260452090418	-0.03360672134426901
13.066013202640528	-0.039207841568313695
13.109421884376875	-0.04620924184836972
13.152830566113222	-0.053210642128425745
13.196239247849569	-0.06161232246449311
13.239647929585917	-0.06861372274454891
13.283056611322264	-0.07701540308061627
13.326465293058611	-0.0840168033606723
13.369873974794958	-0.09101820364072832
13.413282656531306	-0.09661932386477301
13.456691338267653	-0.10082016403280658
13.500100020004	-0.10362072414482904
13.543508701740347	-0.10362072414482904
13.586917383476695	-0.10222044408881792
13.630326065213042	-0.09661932386477301
13.673734746949389	-0.09101820364072832
13.717143428685736	-0.08261652330466096
13.760552110422084	-0.0728145629125827
13.803960792158431	-0.06301260252050422
13.847369473894778	-0.053210642128425745
13.890778155631125	-0.04340868173634749
13.934186837367474	-0.03360672134426901
13.97759551910382	-0.02380476095219053
14.021004200840167	-0.015403080616123388
14.064412882576514	-0.007001400280056025
14.107821564312863	0.0014002800560111162
14.15123024604921	0.008401680336067141
14.194638927785556	0.015403080616123166
14.238047609521903	0.02240448089617919
14.281456291258252	0.028005601120223877
14.324864972994598	0.033606721344268786
14.368273654730945	0.03780756151230236
14.411682336467292	0.04200840168033593
14.45509101820364	0.0462092418483695
14.498499699939988	0.04900980196039195
14.541908381676334	0.051810362072414406
14.585317063412681	0.05321064212842552
14.62872574514903	0.05461092218443686
14.672134426885377	0.05461092218443686
14.715543108621723	0.05461092218443686
14.75895179035807	0.05461092218443686
14.802360472094419	0.05461092218443686
14.845769153830766	0.05321064212842552
14.889177835567112	0.051810362072414406
14.93258651730346	0.05041008201640307
14.975995199039808	0.047609521904380836
15.019403880776155	0.0462092418483695
15.062812562512502	0.04480896179235838
15.106221244248848	0.04200840168033593
15.149629925985197	0.03920784156831347
15.193038607721544	0.03780756151230236
15.23644728945789	0.0350070014002799
15.279855971194237	0.03220644128825745
15.323264652930586	0.030806161232246332
15.366673334666933	0.028005601120223877
15.41008201640328	0.025205041008201423
15.453490698139627	0.023804760952190307
15.496899379875975	0.021004200840167853
15.540308061612322	0.019603920784156736
15.583716743348669	0.016803360672134282
15.627125425085016	0.015403080616123166
15.670534106821364	0.012602520504100712
15.713942788557711	0.011202240448089595
15.757351470294058	0.009801960392078257
15.800760152030405	0.008401680336067141
15.844168833766753	0.005601120224044687
15.8875775155031	0.0042008401680335705
15.930986197239447	0.0028005601120222323
15.974394878975794	0.0014002800560111162
16.017803560712142	0.0014002800560111162
16.061212242448487	0.0
16.104620924184836	-0.0014002800560113382
16.148029605921185	-0.0028005601120224544
16.19143828765753	-0.0028005601120224544
16.234846969393878	-0.0042008401680337926
16.278255651130227	-0.0042008401680337926
16.321664332866572	-0.005601120224044909
16.36507301460292	-0.005601120224044909
16.408481696339265	-0.007001400280056025
16.451890378075614	-0.007001400280056025
16.495299059811963	-0.008401680336067363
16.538707741548308	-0.008401680336067363
16.582116423284656	-0.00980196039207848
16.625525105021005	-0.00980196039207848
16.66893378675735	-0.011202240448089817
16.7123424684937	-0.011202240448089817
16.755751150230044	-0.012602520504100934
16.799159831966392	-0.012602520504100934
16.84256851370274	-0.01400280056011205
16.885977195439086	-0.01400280056011205
16.929385877175434	-0.01400280056011205
16.972794558911783	-0.015403080616123388
17.016203240648128	-0.015403080616123388
17.059611922384477	-0.015403080616123388
17.10302060412082	-0.015403080616123388
17.14642928585717	-0.015403080616123388
17.18983796759352	-0.01400280056011205
17.233246649329864	-0.01400280056011205
17.276655331066213	-0.01400280056011205
17.32006401280256	-0.012602520504100934
17.363472694538906	-0.012602520504100934
17.406881376275255	-0.011202240448089817
17.4502900580116	-0.011202240448089817
17.49369873974795	-0.00980196039207848
17.537107421484297	-0.008401680336067363
17.580516103220642	-0.008401680336067363
17.62392478495699	-0.007001400280056025
17.66733346669334	-0.007001400280056025
17.710742148429684	-0.005601120224044909
17.754150830166033	-0.0042008401680337926
17.797559511902378	-0.0042008401680337926
17.840968193638727	-0.0028005601120224544
17.884376875375075	-0.0028005601120224544
17.92778555711142	-0.0028005601120224544
17.97119423884777	-0.0014002800560113382
18.014602920584117	-0.0014002800560113382
18.058011602320462	-0.0014002800560113382
18.10142028405681	0.0
18.144828965793156	0.0
18.188237647529505	0.0
18.231646329265853	0.0
18.2750550110022	0.0
18.318463692738547	0.0014002800560111162
18.361872374474896	0.0014002800560111162
18.40528105621124	0.0014002800560111162
18.44868973794759	0.0014002800560111162
18.492098419683934	0.0014002800560111162
18.535507101420283	0.0014002800560111162
18.57891578315663	0.0014002800560111162
18.622324464892976	0.0014002800560111162
18.665733146629325	0.0028005601120222323
18.709141828365674	0.0028005601120222323
18.75255051010202	0.0028005601120222323
18.795959191838367	0.0028005601120222323
18.839367873574712	0.0028005601120222323
18.88277655531106	0.0028005601120222323
18.92618523704741	0.0042008401680335705
18.969593918783755	0.0042008401680335705
19.013002600520103	0.0042008401680335705
19.05641128225645	0.0042008401680335705
19.099819963992797	0.0042008401680335705
19.143228645729145	0.0042008401680335705
19.18663732746549	0.0042008401680335705
19.23004600920184	0.0028005601120222323
19.273454690938188	0.0028005601120222323
19.316863372674533	0.0028005601120222323
19.36027205441088	0.0014002800560111162
19.40368073614723	0.0014002800560111162
19.447089417883575	0.0014002800560111162
19.490498099619924	0.0
19.53390678135627	0.0
19.577315463092617	0.0
19.620724144828966	-0.0014002800560113382
19.66413282656531	-0.0014002800560113382
19.70754150830166	-0.0014002800560113382
19.750950190038008	-0.0014002800560113382
19.794358871774353	-0.0014002800560113382
19.8377675535107	0.0
19.881176235247047	0.0
19.924584916983395	0.0014002800560111162
19.967993598719744	0.0028005601120222323
20.01140228045609	0.0042008401680335705
20.054810962192438	0.005601120224044687
20.098219643928786	0.007001400280055803
20.14162832566513	0.008401680336067141
20.18503700740148	0.009801960392078257
20.228445689137825	0.011202240448089595
20.271854370874173	0.011202240448089595
20.315263052610522	0.012602520504100712
20.358671734346867	0.014002800560111828
20.402080416083216	0.014002800560111828
20.445489097819564	0.015403080616123166
20.48889777955591	0.015403080616123166
20.532306461292258	0.015403080616123166
20.575715143028603	0.015403080616123166
20.61912382476495	0.015403080616123166
20.6625325065013	0.015403080616123166
20.705941188237645	0.014002800560111828
20.749349869973994	0.014002800560111828
20.792758551710342	0.012602520504100712
20.836167233446687	0.012602520504100712
20.879575915183036	0.011202240448089595
20.92298459691938	0.009801960392078257
20.96639327865573	0.008401680336067141
21.00980196039208	0.008401680336067141
21.053210642128423	0.007001400280055803
21.096619323864772	0.005601120224044687
21.14002800560112	0.0042008401680335705
21.183436687337466	0.0042008401680335705
21.226845369073814	0.0028005601120222323
21.27025405081016	0.0028005601120222323
21.313662732546508	0.0014002800560111162
21.357071414282856	0.0014002800560111162
21.4004800960192	0.0
21.44388877775555	0.0
21.4872974594919	0.0
21.530706141228244	0.0
21.574114822964592	0.0
21.617523504700937	0.0
21.660932186437286	0.0
21.704340868173635	0.0
21.74774954990998	0.0
21.791158231646328	-0.0014002800560113382
21.834566913382677	-0.0014002800560113382
21.877975595119022	-0.0014002800560113382
21.92138427685537	-0.0014002800560113382
21.964792958591715	-0.0028005601120224544
22.008201640328064	-0.0042008401680337926
22.051610322064413	-0.0042008401680337926
22.095019003800758	-0.005601120224044909
22.138427685537106	-0.007001400280056025
22.181836367273455	-0.008401680336067363
22.2252450490098	-0.00980196039207848
22.26865373074615	-0.011202240448089817
22.312062412482497	-0.012602520504100934
22.355471094218842	-0.01400280056011205
22.39887977595519	-0.015403080616123388
22.442288457691536	-0.016803360672134504
22.485697139427884	-0.018203640728145842
22.529105821164233	-0.01960392078415696
22.572514502900578	-0.01960392078415696
22.615923184636927	-0.01960392078415696
22.659331866373275	-0.01960392078415696
22.70274054810962	-0.01960392078415696
22.74614922984597	-0.01960392078415696
22.789557911582314	-0.018203640728145842
22.832966593318663	-0.018203640728145842
22.87637527505501	-0.016803360672134504
22.919783956791356	-0.015403080616123388
22.963192638527705	-0.012602520504100934
23.006601320264053	-0.011202240448089817
23.0500100020004	-0.008401680336067363
23.093418683736747	-0.007001400280056025
23.136827365473092	-0.0042008401680337926
23.18023604720944	-0.0028005601120224544
23.22364472894579	0.0
23.267053410682134	0.0014002800560111162
23.310462092418483	0.0042008401680335705
23.35387077415483	0.005601120224044687
23.397279455891177	0.008401680336067141
23.440688137627525	0.009801960392078257
23.48409681936387	0.011202240448089595
23.52750550110022	0.012602520504100712
23.570914182836567	0.014002800560111828
23.614322864572912	0.015403080616123166
23.65773154630926	0.015403080616123166
23.70114022804561	0.016803360672134282
23.744548909781955	0.016803360672134282
23.787957591518303	0.01820364072814562
23.83136627325465	0.01820364072814562
23.874774954990997	0.01820364072814562
23.918183636727345	0.01820364072814562
23.96159231846369	0.01820364072814562
24.00500100020004	0.016803360672134282
24.048409681936388	0.016803360672134282
24.091818363672733	0.016803360672134282
24.13522704540908	0.015403080616123166
24.178635727145426	0.015403080616123166
24.222044408881775	0.014002800560111828
24.265453090618124	0.014002800560111828
24.30886177235447	0.012602520504100712
24.352270454090817	0.011202240448089595
24.395679135827166	0.011202240448089595
24.43908781756351	0.009801960392078257
24.48249649929986	0.008401680336067141
24.525905181036205	0.008401680336067141
24.569313862772553	0.007001400280055803
24.6127225445089	0.005601120224044687
24.656131226245247	0.005601120224044687
24.699539907981595	0.0042008401680335705
24.742948589717944	0.0028005601120222323
24.78635727145429	0.0028005601120222323
24.829765953190638	0.0014002800560111162
24.873174634926983	0.0014002800560111162
24.91658331666333	0.0
24.95999199839968	0.0
