0.0	0.0028005601120222323
0.043408681736347265	-0.13022604520904202
0.08681736347269453	-0.04620924184836972
0.1302260452090418	-0.02380476095219053
0.17363472694538906	-0.011202240448089817
0.21704340868173633	-0.0014002800560113382
0.2604520904180836	0.007001400280055803
0.30386077215443086	0.016803360672134282
0.3472694538907781	0.025205041008201423
0.3906781356271254	0.0350070014002799
0.43408681736347265	0.04480896179235838
0.4774954990998199	0.05461092218443686
0.5209041808361672	0.06581316263252646
0.5643128625725145	0.07561512302460471
0.6077215443088617	0.08541708341668319
0.651130226045209	0.09521904380876167
0.6945389077815562	0.10502100420084015
0.7379475895179035	0.11482296459291841
0.7813562712542508	0.12322464492898577
0.824764952990598	0.1316263252650529
0.8681736347269453	0.13862772554510894
0.9115823164632926	0.14562912582516496
0.9549909981996398	0.15123024604920965
0.9983996799359871	0.15543108621724344
1.0418083616723344	0.159631926385277
1.0852170434086816	0.16243248649729924
1.128625725145029	0.16243248649729924
1.1720344068813762	0.16243248649729924
1.2154430886177234	0.159631926385277
1.2588517703540707	0.15543108621724344
1.302260452090418	0.14982996599319853
1.3456691338267652	0.1414282856571314
1.3890778155631125	0.1302260452090418
1.4324864972994598	0.11762352470494086
1.475895179035807	0.10082016403280636
1.5193038607721543	0.0798159631926385
1.5627125425085016	0.05741148229645909
1.6061212242448488	0.0350070014002799
1.649529905981196	0.0042008401680335705
1.6929385877175434	-0.030806161232246554
1.7363472694538906	-0.0672134426885378
1.7797559511902379	-0.10362072414482904
1.8231646329265851	-0.14002800560112028
1.8665733146629324	-0.1750350070014003
1.9099819963992797	-0.2100420084016803
1.953390678135627	-0.24224844968993797
1.9967993598719742	-0.2730546109221844
2.0402080416083215	-0.3010602120424085
2.0836167233446687	-0.32626525305061016
2.127025405081016	-0.3472694538907781
2.1704340868173633	-0.36407281456291263
2.2138427685537105	-0.37667533506701345
2.257251450290058	-0.38227645529105825
2.300660132026405	-0.380876175235047
2.3440688137627523	-0.37247449489897977
2.3874774954990996	-0.35427085417083415
2.430886177235447	-0.3290658131626325
2.474294858971794	-0.30246049209841963
2.5177035407081414	-0.2674534906981396
2.5611122224444887	-0.2100420084016803
2.604520904180836	-0.13022604520904202
2.647929585917183	-0.04340868173634749
2.6913382676535305	0.03640728145629124
2.7347469493898777	0.10642128425685127
2.778155631126225	0.16663332666533304
2.8215643128625723	0.21704340868173633
2.8649729945989195	0.2604520904180836
2.908381676335267	0.29685937187437483
2.951790358071614	0.3290658131626325
2.9951990398079613	0.35567113422684526
3.0386077215443086	0.37667533506701334
3.082016403280656	0.39487897579515896
3.125425085017003	0.40748149629925967
3.1688337667533504	0.41728345669133815
3.2122424484896976	0.4242848569713942
3.255651130226045	0.4256851370274053
3.299059811962392	0.4242848569713942
3.3424684936987394	0.4200840168033606
3.3858771754350867	0.41168233646729324
3.429285857171434	0.40048009601920365
3.4726945389077812	0.3850770154030805
3.5161032206441285	0.36687337467493486
3.5595119023804758	0.3458691738347668
3.602920584116823	0.3220644128825765
3.6463292658531703	0.2954590918183635
3.6897379475895176	0.2674534906981396
3.733146629325865	0.23804760952190418
3.776555311062212	0.2058411682336465
3.8199639927985594	0.17363472694538906
3.8633726745349066	0.14002800560112005
3.906781356271254	0.10642128425685127
3.950190038007601	0.0742148429685936
3.9935987197439484	0.043408681736347265
4.037007401480296	0.014002800560111828
4.080416083216643	-0.012602520504100934
4.123824764952991	-0.03780756151230258
4.1672334466893375	-0.06021204240848177
4.210642128425685	-0.07981596319263873
4.254050810162032	-0.09801960392078435
4.29745949189838	-0.1120224044808964
4.3408681736347265	-0.12462492498499711
4.384276855371074	-0.1344268853770756
4.427685537107421	-0.1414282856571316
4.471094218843769	-0.14562912582516518
4.514502900580116	-0.1470294058811763
4.557911582316463	-0.14562912582516518
4.60132026405281	-0.14282856571314273
4.644728945789158	-0.13722744548909782
4.688137627525505	-0.13022604520904202
4.731546309261852	-0.12182436487297466
4.774954990998199	-0.1120224044808964
4.818363672734547	-0.10082016403280658
4.861772354470894	-0.08961792358471699
4.905181036207241	-0.07841568313662739
4.948589717943588	-0.0672134426885378
4.991998399679936	-0.0560112022404482
5.035407081416283	-0.044808961792358604
5.0788157631526305	-0.035007001400280124
5.122224444888977	-0.026605321064212983
5.165633126625325	-0.018203640728145842
5.209041808361672	-0.011202240448089817
5.25245049009802	-0.0042008401680337926
5.295859171834366	0.0
5.339267853570714	0.0042008401680335705
5.382676535307061	0.007001400280055803
5.426085217043409	0.008401680336067141
5.4694938987797554	0.009801960392078257
5.512902580516103	0.009801960392078257
5.55631126225245	0.008401680336067141
5.599719943988798	0.007001400280055803
5.6431286257251445	0.0042008401680335705
5.686537307461492	0.0014002800560111162
5.729945989197839	-0.0014002800560113382
5.773354670934187	-0.0042008401680337926
5.816763352670534	-0.007001400280056025
5.860172034406881	-0.011202240448089817
5.903580716143228	-0.01400280056011205
5.946989397879576	-0.016803360672134504
5.990398079615923	-0.01960392078415696
6.03380676135227	-0.022404480896179413
6.077215443088617	-0.025205041008201645
6.120624124824965	-0.026605321064212983
6.164032806561312	-0.0280056011202241
6.207441488297659	-0.029405881176235438
6.250850170034006	-0.029405881176235438
6.294258851770354	-0.029405881176235438
6.337667533506701	-0.0280056011202241
6.3810762152430485	-0.0280056011202241
6.424484896979395	-0.025205041008201645
6.467893578715743	-0.02380476095219053
6.51130226045209	-0.021004200840168075
6.5547109421884375	-0.018203640728145842
6.598119623924784	-0.01400280056011205
6.641528305661132	-0.00980196039207848
6.684936987397479	-0.005601120224044909
6.728345669133827	0.0
6.771754350870173	0.005601120224044687
6.815163032606521	0.011202240448089595
6.858571714342868	0.016803360672134282
6.901980396079216	0.02240448089617919
6.9453890778155625	0.028005601120223877
6.98879775955191	0.033606721344268786
7.032206441288257	0.03920784156831347
7.075615123024605	0.04480896179235838
7.1190238047609515	0.05041008201640307
7.162432486497299	0.05601120224044798
7.205841168233646	0.06021204240848155
7.249249849969994	0.06441288257651512
7.292658531706341	0.06861372274454869
7.336067213442688	0.07281456291258248
7.379475895179035	0.07561512302460471
7.422884576915383	0.07841568313662717
7.46629325865173	0.0798159631926385
7.509701940388077	0.08121624324864962
7.553110622124424	0.08121624324864962
7.596519303860772	0.08121624324864962
7.639927985597119	0.0798159631926385
7.683336667333466	0.07841568313662717
7.726745349069813	0.07561512302460471
7.770154030806161	0.07141428285657114
7.813562712542508	0.06721344268853757
7.8569713942788555	0.063012602520504
7.900380076015202	0.05741148229645909
7.94378875775155	0.05041008201640307
7.987197439487897	0.043408681736347265
8.030606121224244	0.03640728145629124
8.074014802960592	0.028005601120223877
8.117423484696939	0.019603920784156736
8.160832166433286	0.009801960392078257
8.204240848169633	0.0014002800560111162
8.247649529905981	-0.008401680336067363
8.291058211642328	-0.018203640728145842
8.334466893378675	-0.0280056011202241
8.377875575115022	-0.03640728145629146
8.42128425685137	-0.04620924184836972
8.464692938587717	-0.05461092218443708
8.508101620324064	-0.06161232246449311
8.55151030206041	-0.06861372274454891
8.59491898379676	-0.07561512302460494
8.638327665533106	-0.08121624324864984
8.681736347269453	-0.0840168033606723
8.7251450290058	-0.08821764352870587
8.768553710742149	-0.08961792358471699
8.811962392478495	-0.08961792358471699
8.855371074214842	-0.08821764352870587
8.898779755951189	-0.08541708341668341
8.942188437687538	-0.08121624324864984
8.985597119423884	-0.07561512302460494
9.029005801160231	-0.07001400280056025
9.072414482896578	-0.06301260252050422
9.115823164632927	-0.05461092218443708
9.159231846369273	-0.044808961792358604
9.20264052810562	-0.03640728145629146
9.246049209841967	-0.026605321064212983
9.289457891578316	-0.016803360672134504
9.332866573314663	-0.007001400280056025
9.37627525505101	0.0014002800560111162
9.419683936787356	0.009801960392078257
9.463092618523705	0.01820364072814562
9.506501300260052	0.025205041008201423
9.549909981996398	0.03220644128825745
9.593318663732745	0.03780756151230236
9.636727345469094	0.043408681736347265
9.68013602720544	0.047609521904380836
9.723544708941787	0.05041008201640307
9.766953390678134	0.051810362072414406
9.810362072414483	0.05321064212842552
9.85377075415083	0.05461092218443686
9.897179435887177	0.05461092218443686
9.940588117623523	0.05321064212842552
9.983996799359872	0.051810362072414406
10.027405481096219	0.04900980196039195
10.070814162832566	0.047609521904380836
10.114222844568912	0.043408681736347265
10.157631526305261	0.04060812162432481
10.201040208041608	0.03640728145629124
10.244448889777955	0.033606721344268786
10.287857571514301	0.029405881176235216
10.33126625325065	0.025205041008201423
10.374674934986997	0.021004200840167853
10.418083616723344	0.01820364072814562
10.46149229845969	0.014002800560111828
10.50490098019604	0.011202240448089595
10.548309661932386	0.008401680336067141
10.591718343668733	0.005601120224044687
10.63512702540508	0.0028005601120222323
10.678535707141428	0.0
10.721944388877775	-0.0014002800560113382
10.765353070614122	-0.0028005601120224544
10.808761752350469	-0.0042008401680337926
10.852170434086817	-0.005601120224044909
10.895579115823164	-0.005601120224044909
10.938987797559511	-0.007001400280056025
10.982396479295858	-0.007001400280056025
11.025805161032206	-0.007001400280056025
11.069213842768553	-0.005601120224044909
11.1126225245049	-0.005601120224044909
11.156031206241249	-0.005601120224044909
11.199439887977595	-0.0042008401680337926
11.242848569713942	-0.0028005601120224544
11.286257251450289	-0.0028005601120224544
11.329665933186638	-0.0014002800560113382
11.373074614922984	0.0
11.416483296659331	0.0
11.459891978395678	0.0014002800560111162
11.503300660132027	0.0014002800560111162
11.546709341868373	0.0028005601120222323
11.59011802360472	0.0028005601120222323
11.633526705341067	0.0042008401680335705
11.676935387077416	0.0042008401680335705
11.720344068813763	0.0042008401680335705
11.76375275055011	0.0042008401680335705
11.807161432286456	0.0042008401680335705
11.850570114022805	0.0042008401680335705
11.893978795759152	0.0028005601120222323
11.937387477495498	0.0028005601120222323
11.980796159231845	0.0014002800560111162
12.024204840968194	0.0014002800560111162
12.06761352270454	0.0
12.111022204440888	0.0
12.154430886177234	-0.0014002800560113382
12.197839567913583	-0.0028005601120224544
12.24124824964993	-0.0042008401680337926
12.284656931386277	-0.0042008401680337926
12.328065613122623	-0.005601120224044909
12.371474294858972	-0.007001400280056025
12.414882976595319	-0.008401680336067363
12.458291658331666	-0.00980196039207848
12.501700340068012	-0.00980196039207848
12.545109021804361	-0.011202240448089817
12.588517703540708	-0.011202240448089817
12.631926385277055	-0.012602520504100934
12.675335067013402	-0.012602520504100934
12.71874374874975	-0.012602520504100934
12.762152430486097	-0.01400280056011205
12.805561112222444	-0.01400280056011205
12.84896979395879	-0.01400280056011205
12.89237847569514	-0.01400280056011205
12.935787157431486	-0.012602520504100934
12.979195839167833	-0.012602520504100934
13.02260452090418	-0.011202240448089817
13.066013202640528	-0.011202240448089817
13.109421884376875	-0.00980196039207848
13.152830566113222	-0.008401680336067363
13.196239247849569	-0.007001400280056025
13.239647929585917	-0.005601120224044909
13.283056611322264	-0.0042008401680337926
13.326465293058611	-0.0028005601120224544
13.369873974794958	-0.0014002800560113382
13.413282656531306	0.0
13.456691338267653	0.0028005601120222323
13.500100020004	0.0042008401680335705
13.543508701740347	0.005601120224044687
13.586917383476695	0.008401680336067141
13.630326065213042	0.009801960392078257
13.673734746949389	0.011202240448089595
13.717143428685736	0.012602520504100712
13.760552110422084	0.014002800560111828
13.803960792158431	0.015403080616123166
13.847369473894778	0.016803360672134282
13.890778155631125	0.01820364072814562
13.934186837367474	0.019603920784156736
13.97759551910382	0.019603920784156736
14.021004200840167	0.021004200840167853
14.064412882576514	0.021004200840167853
14.107821564312863	0.021004200840167853
14.15123024604921	0.021004200840167853
14.194638927785556	0.021004200840167853
14.238047609521903	0.021004200840167853
14.281456291258252	0.021004200840167853
14.324864972994598	0.019603920784156736
14.368273654730945	0.01820364072814562
14.411682336467292	0.01820364072814562
14.45509101820364	0.016803360672134282
14.498499699939988	0.014002800560111828
14.541908381676334	0.012602520504100712
14.585317063412681	0.011202240448089595
14.62872574514903	0.009801960392078257
14.672134426885377	0.007001400280055803
14.715543108621723	0.005601120224044687
14.75895179035807	0.0028005601120222323
14.802360472094419	0.0014002800560111162
14.845769153830766	0.0
14.889177835567112	-0.0028005601120224544
14.93258651730346	-0.0042008401680337926
14.975995199039808	-0.005601120224044909
15.019403880776155	-0.007001400280056025
15.062812562512502	-0.008401680336067363
15.106221244248848	-0.00980196039207848
15.149629925985197	-0.011202240448089817
15.193038607721544	-0.012602520504100934
15.23644728945789	-0.012602520504100934
15.279855971194237	-0.012602520504100934
15.323264652930586	-0.012602520504100934
15.366673334666933	-0.012602520504100934
15.41008201640328	-0.012602520504100934
15.453490698139627	-0.012602520504100934
15.496899379875975	-0.011202240448089817
15.540308061612322	-0.011202240448089817
15.583716743348669	-0.00980196039207848
15.627125425085016	-0.00980196039207848
15.670534106821364	-0.008401680336067363
15.713942788557711	-0.007001400280056025
15.757351470294058	-0.005601120224044909
15.800760152030405	-0.0042008401680337926
15.844168833766753	-0.0028005601120224544
15.8875775155031	-0.0014002800560113382
15.930986197239447	-0.0014002800560113382
15.974394878975794	0.0
16.017803560712142	0.0014002800560111162
16.061212242448487	0.0028005601120222323
16.104620924184836	0.0028005601120222323
16.148029605921185	0.0042008401680335705
16.19143828765753	0.0042008401680335705
16.234846969393878	0.005601120224044687
16.278255651130227	0.005601120224044687
16.321664332866572	0.005601120224044687
16.36507301460292	0.005601120224044687
16.408481696339265	0.005601120224044687
16.451890378075614	0.005601120224044687
16.495299059811963	0.005601120224044687
16.538707741548308	0.005601120224044687
16.582116423284656	0.005601120224044687
16.625525105021005	0.005601120224044687
16.66893378675735	0.005601120224044687
16.7123424684937	0.0042008401680335705
16.755751150230044	0.0042008401680335705
16.799159831966392	0.0042008401680335705
16.84256851370274	0.0042008401680335705
16.885977195439086	0.0042008401680335705
16.929385877175434	0.0028005601120222323
16.972794558911783	0.0028005601120222323
17.016203240648128	0.0028005601120222323
17.059611922384477	0.0028005601120222323
17.10302060412082	0.0028005601120222323
17.14642928585717	0.0028005601120222323
17.18983796759352	0.0014002800560111162
17.233246649329864	0.0014002800560111162
17.276655331066213	0.0014002800560111162
17.32006401280256	0.0014002800560111162
17.363472694538906	0.0014002800560111162
17.406881376275255	0.0014002800560111162
17.4502900580116	0.0028005601120222323
17.49369873974795	0.0028005601120222323
17.537107421484297	0.0028005601120222323
17.580516103220642	0.0028005601120222323
17.62392478495699	0.0028005601120222323
17.66733346669334	0.0028005601120222323
17.710742148429684	0.0028005601120222323
17.754150830166033	0.0042008401680335705
17.797559511902378	0.0042008401680335705
17.840968193638727	0.0042008401680335705
17.884376875375075	0.0042008401680335705
17.92778555711142	0.0042008401680335705
17.97119423884777	0.0042008401680335705
18.014602920584117	0.0042008401680335705
18.058011602320462	0.0042008401680335705
18.10142028405681	0.0042008401680335705
18.144828965793156	0.0042008401680335705
18.188237647529505	0.0042008401680335705
18.231646329265853	0.0042008401680335705
18.2750550110022	0.0042008401680335705
18.318463692738547	0.0042008401680335705
18.361872374474896	0.0042008401680335705
18.40528105621124	0.0042008401680335705
18.44868973794759	0.0042008401680335705
18.492098419683934	0.0028005601120222323
18.535507101420283	0.0028005601120222323
18.57891578315663	0.0028005601120222323
18.622324464892976	0.0028005601120222323
18.665733146629325	0.0014002800560111162
18.709141828365674	0.0014002800560111162
18.75255051010202	0.0014002800560111162
18.795959191838367	0.0014002800560111162
18.839367873574712	0.0
18.88277655531106	0.0
18.92618523704741	0.0
18.969593918783755	0.0
19.013002600520103	-0.0014002800560113382
19.05641128225645	-0.0014002800560113382
19.099819963992797	-0.0014002800560113382
19.143228645729145	-0.0014002800560113382
19.18663732746549	-0.0014002800560113382
19.23004600920184	-0.0028005601120224544
19.273454690938188	-0.0028005601120224544
19.316863372674533	-0.0028005601120224544
19.36027205441088	-0.0028005601120224544
19.40368073614723	-0.0028005601120224544
19.447089417883575	-0.0028005601120224544
19.490498099619924	-0.0028005601120224544
19.53390678135627	-0.0028005601120224544
19.577315463092617	-0.0028005601120224544
19.620724144828966	-0.0028005601120224544
19.66413282656531	-0.0014002800560113382
19.70754150830166	-0.0014002800560113382
19.750950190038008	-0.0014002800560113382
19.794358871774353	-0.0014002800560113382
19.8377675535107	-0.0014002800560113382
19.881176235247047	0.0
19.924584916983395	0.0
19.967993598719744	0.0
