0.0	1.1398279655931185
0.04620924184836967	1.0250050010001999
0.09241848369673934	1.0992198439687937
0.13862772554510902	1.1174234846969393
0.18483696739347868	1.128625725145029
0.23104620924184838	1.1384276855371074
0.27725545109021804	1.1468293658731745
0.3234646929385877	1.1552310462092419
0.36967393478695737	1.1650330066013201
0.4158831766353271	1.1748349669933986
0.46209241848369675	1.1832366473294658
0.5083016603320665	1.1930386077215442
0.5545109021804361	1.2042408481696338
0.6007201440288058	1.2140428085617123
0.6469293858771754	1.2224444888977795
0.6931386277255451	1.232246449289858
0.7393478695739147	1.2420484096819364
0.7855571114222845	1.2504500900180036
0.8317663532706542	1.2574514902980596
0.8779755951190238	1.2644528905781156
0.9241848369673935	1.2714542908581716
0.9703940788157631	1.2756551310262052
1.016603320664133	1.2798559711942388
1.0628125625125024	1.2826565313062612
1.1090218043608722	1.2854570914182837
1.1552310462092419	1.2854570914182837
1.2014402880576116	1.2826565313062612
1.247649529905981	1.2798559711942388
1.2938587717543508	1.2742548509701939
1.3400680136027205	1.267253450690138
1.3862772554510903	1.2588517703540707
1.43248649729946	1.247649529905981
1.4786957391478295	1.1790358071614322
1.5249049809961992	1.039007801560312
1.571114222844569	0.8989797959591919
1.6173234646929386	0.7589517903580717
1.6635327065413084	0.6189237847569514
1.7097419483896779	0.47889577915583126
1.7559511902380476	0.338867773554711
1.8021604320864173	0.1988397679535907
1.848369673934787	0.0588117623524705
1.8945789157831567	0.0
1.9407881576315262	0.0
1.986997399479896	0.0
2.033206641328266	0.0
2.0794158831766354	0.0
2.125625125025005	0.0
2.171834366873375	0.0
2.2180436087217443	0.0
2.264252850570114	0.0
2.3104620924184838	0.0
2.3566713342668533	0.0
2.402880576115223	0.0
2.4490898179635927	0.0
2.495299059811962	0.0
2.541508301660332	0.0
2.5877175435087016	0.0
2.6339267853570716	0.0
2.680136027205441	0.0
2.7263452690538106	0.0
2.7725545109021805	0.0
2.81876375275055	0.0
2.86497299459892	0.0
2.9111822364472895	0.0
2.957391478295659	0.0
3.003600720144029	0.0
3.0498099619923984	0.0
3.0960192038407683	0.0
3.142228445689138	0.0
3.1884376875375073	0.0
3.2346469293858773	0.0
3.2808561712342468	0.0
3.3270654130826167	0.0
3.373274654930986	0.0
3.4194838967793557	0.0
3.4656931386277257	0.0
3.511902380476095	0.0
3.558111622324465	0.0
3.6043208641728346	0.0
3.650530106021204	0.0
3.696739347869574	0.0
3.7429485897179435	0.0
3.7891578315663135	0.0
3.835367073414683	0.0
3.8815763152630525	0.0
3.9277855571114224	0.0
3.973994798959792	0.0
4.020204040808162	0.0
4.066413282656532	0.0
4.112622524504901	0.0
4.158831766353271	0.0
4.205041008201641	0.0
4.25125025005001	0.0
4.29745949189838	0.0
4.34366873374675	0.0
4.389877975595119	0.0
4.436087217443489	0.0
4.482296459291859	0.0
4.528505701140228	0.0
4.574714942988598	0.0
4.6209241848369675	0.0
4.6671334266853375	0.0
4.7133426685337065	0.0
4.7595519103820765	0.0
4.805761152230446	0.0
4.8519703940788155	0.0
4.898179635927185	0.0
4.944388877775555	0.0
4.990598119623924	0.0
5.036807361472294	0.0
5.083016603320664	0.0
5.129225845169034	0.0
5.175435087017403	0.0
5.221644328865773	0.0
5.267853570714143	0.0
5.314062812562512	0.0
5.360272054410882	0.0
5.406481296259252	0.0
5.452690538107621	0.0
5.498899779955991	0.0
5.545109021804361	0.0
5.591318263652731	0.0
5.6375275055011	0.0
5.68373674734947	0.0
5.72994598919784	0.0
5.776155231046209	0.0
5.822364472894579	0.0
5.868573714742949	0.0
5.914782956591318	0.0
5.960992198439688	0.0
6.007201440288058	0.0
6.053410682136428	0.0
6.099619923984797	0.0
6.145829165833167	0.0
6.192038407681537	0.0
6.238247649529906	0.0
6.284456891378276	0.0
6.330666133226646	0.0
6.376875375075015	0.0
6.423084616923385	0.0
6.469293858771755	0.0
6.5155031006201245	0.0
6.5617123424684936	0.0
6.6079215843168635	0.0
6.654130826165233	0.0
6.7003400680136025	0.0
6.746549309861972	0.0
6.792758551710342	0.0
6.838967793558711	0.0
6.885177035407081	0.0
6.931386277255451	0.0
6.977595519103821	0.0
7.02380476095219	0.0
7.07001400280056	0.0
7.11622324464893	0.0
7.162432486497299	0.0
7.208641728345669	0.0
7.254850970194039	0.0
7.301060212042408	0.0
7.347269453890778	0.0
7.393478695739148	0.0
7.439687937587518	0.0
7.485897179435887	0.0
7.532106421284257	0.0
7.578315663132627	0.0
7.624524904980996	0.0
7.670734146829366	0.0
7.716943388677736	0.0
7.763152630526105	0.0
7.809361872374475	0.0
7.855571114222845	0.0
7.901780356071215	0.0
7.947989597919584	0.0
7.994198839767954	0.0
8.040408081616324	0.0
8.086617323464694	0.0
8.132826565313064	0.0
8.179035807161432	0.0
8.225245049009802	0.0
8.271454290858172	0.0
8.317663532706542	0.0
8.363872774554912	0.0
8.410082016403281	0.0
8.45629125825165	0.0
8.50250050010002	0.0
8.54870974194839	0.0
8.59491898379676	0.0
8.64112822564513	0.0
8.6873374674935	0.0
8.73354670934187	0.0
8.779755951190237	0.0
8.825965193038607	0.0
8.872174434886977	0.0
8.918383676735347	0.0
8.964592918583717	0.0
9.010802160432087	0.0
9.057011402280455	0.0
9.103220644128825	0.0
9.149429885977195	0.0
9.195639127825565	0.0
9.241848369673935	0.0
9.288057611522305	0.0
9.334266853370675	0.0
9.380476095219043	0.0
9.426685337067413	0.0
9.472894578915783	0.0
9.519103820764153	0.0
9.565313062612523	0.0
9.611522304460893	0.0
9.657731546309263	0.0
9.703940788157631	0.0
9.750150030006001	0.0
9.79635927185437	0.0
9.84256851370274	0.0
9.88877775555111	0.0
9.93498699739948	0.0
9.981196239247849	0.0
10.027405481096219	0.0
10.073614722944589	0.0
10.119823964792959	0.0
10.166033206641329	0.0
10.212242448489699	0.0
10.258451690338068	0.0
10.304660932186437	0.0
10.350870174034807	0.0
10.397079415883177	0.0
10.443288657731546	0.0
10.489497899579916	0.0
10.535707141428286	0.0
10.581916383276656	0.0
10.628125625125024	0.0
10.674334866973394	0.0
10.720544108821764	0.0
10.766753350670134	0.0
10.812962592518504	0.0
10.859171834366874	0.0
10.905381076215242	0.0
10.951590318063612	0.0
10.997799559911982	0.0
11.044008801760352	0.0
11.090218043608722	0.0
11.136427285457092	0.0
11.182636527305462	0.0
11.22884576915383	0.0
11.2750550110022	0.0
11.32126425285057	0.0
11.36747349469894	0.0
11.41368273654731	0.0
11.45989197839568	0.0
11.50610122024405	0.0
11.552310462092418	0.0
11.598519703940788	0.0
11.644728945789158	0.0
11.690938187637528	0.0
11.737147429485898	0.0
11.783356671334268	0.0
11.829565913182636	0.0
11.875775155031006	0.0
11.921984396879376	0.0
11.968193638727746	0.0
12.014402880576116	0.0
12.060612122424486	0.0
12.106821364272855	0.0
12.153030606121224	0.0
12.199239847969594	0.0
12.245449089817964	0.0
12.291658331666333	0.0
12.337867573514703	0.0
12.384076815363073	0.0
12.430286057211443	0.0
12.476495299059811	0.0
12.522704540908181	0.0
12.568913782756551	0.0
12.615123024604921	0.0
12.661332266453291	0.0
12.707541508301661	0.0
12.75375075015003	0.0
12.7999599919984	0.0
12.84616923384677	0.0
12.89237847569514	0.0
12.93858771754351	0.0
12.984796959391879	0.0
13.031006201240249	0.0
13.077215443088617	0.0
13.123424684936987	0.0
13.169633926785357	0.0
13.215843168633727	0.0
13.262052410482097	0.0
13.308261652330467	0.0
13.354470894178837	0.0
13.400680136027205	0.0
13.446889377875575	0.0
13.493098619723945	0.0
13.539307861572315	0.0
13.585517103420685	0.0
13.631726345269055	0.0
13.677935587117423	0.0
13.724144828965793	0.0
13.770354070814163	0.0
13.816563312662533	0.0
13.862772554510903	0.0
13.908981796359273	0.0
13.955191038207643	0.0
14.00140028005601	0.0
14.04760952190438	0.0
14.09381876375275	0.0
14.14002800560112	0.0
14.18623724744949	0.0
14.23244648929786	0.0
14.278655731146229	0.0
14.324864972994598	0.0
14.371074214842968	0.0
14.417283456691338	0.0
14.463492698539708	0.0
14.509701940388078	0.0
14.555911182236448	0.0
14.602120424084816	0.0
14.648329665933186	0.0
14.694538907781556	0.0
14.740748149629926	0.0
14.786957391478296	0.0
14.833166633326666	0.0
14.879375875175036	0.0
14.925585117023404	0.0
14.971794358871774	0.0
15.018003600720144	0.0
15.064212842568514	0.0
15.110422084416884	0.0
15.156631326265254	0.0
15.202840568113622	0.0
15.249049809961992	0.0
15.295259051810362	0.0
15.341468293658732	0.0
15.387677535507102	0.0
15.433886777355472	0.0
15.480096019203842	0.0
15.52630526105221	0.0
15.57251450290058	0.0
15.61872374474895	0.0
15.66493298659732	0.0
15.71114222844569	0.0
15.75735147029406	0.0
15.80356071214243	0.0
15.849769953990798	0.0
15.895979195839168	0.0
15.942188437687538	0.0
15.988397679535908	0.0
16.034606921384277	0.0
16.080816163232647	0.0
16.127025405081017	0.0
16.173234646929387	0.0
16.219443888777757	0.0
16.265653130626127	0.0
16.311862372474494	0.0
16.358071614322863	0.0
16.404280856171233	0.0
16.450490098019603	0.0
16.496699339867973	0.0
16.542908581716343	0.0
16.589117823564713	0.0
16.635327065413083	0.0
16.681536307261453	0.0
16.727745549109823	0.0
16.773954790958193	0.0
16.820164032806563	0.0
16.866373274654933	0.0
16.9125825165033	0.0
16.95879175835167	0.0
17.00500100020004	0.0
17.05121024204841	0.0
17.09741948389678	0.0
17.14362872574515	0.0
17.18983796759352	0.0
17.23604720944189	0.0
17.28225645129026	0.0
17.32846569313863	0.0
17.374674934987	0.0
17.42088417683537	0.0
17.46709341868374	0.0
17.513302660532105	0.0
17.559511902380475	0.0
17.605721144228845	0.0
17.651930386077215	0.0
17.698139627925585	0.0
17.744348869773955	0.0
17.790558111622325	0.0
17.836767353470695	0.0
17.882976595319064	0.0
17.929185837167434	0.0
17.975395079015804	0.0
18.021604320864174	0.0
18.067813562712544	0.0
18.11402280456091	0.0
18.16023204640928	0.0
18.20644128825765	0.0
18.25265053010602	0.0
18.29885977195439	0.0
18.34506901380276	0.0
18.39127825565113	0.0
18.4374874974995	0.0
18.48369673934787	0.0
18.52990598119624	0.0
18.57611522304461	0.0
18.62232446489298	0.0
18.66853370674135	0.0
18.71474294858972	0.0
18.760952190438086	0.0
18.807161432286456	0.0
18.853370674134826	0.0
18.899579915983196	0.0
18.945789157831566	0.0
18.991998399679936	0.0
19.038207641528306	0.0
19.084416883376676	0.0
19.130626125225046	0.0
19.176835367073416	0.0
19.223044608921786	0.0
19.269253850770156	0.0
19.315463092618526	0.0
19.361672334466892	0.0
19.407881576315262	0.0
19.454090818163632	0.0
19.500300060012002	0.0
19.54650930186037	0.0
19.59271854370874	0.0
19.63892778555711	0.0
19.68513702740548	0.0
19.73134626925385	0.0
19.77755551110222	0.0
19.82376475295059	0.0
19.86997399479896	0.0
19.91618323664733	0.0
19.962392478495698	0.0
