0.0	0.0042008401680335705
0.04480896179235847	-0.1190238047609522
0.08961792358471694	-0.04060812162432481
0.13442688537707542	-0.019603920784156736
0.1792358471694339	-0.008401680336067141
0.22404480896179238	0.0014002800560113382
0.26885377075415084	0.00980196039207848
0.31366273254650934	0.01820364072814562
0.3584716943388678	0.0280056011202241
0.40328065613122627	0.03780756151230258
0.44808961792358476	0.04620924184836972
0.4928985797159432	0.0560112022404482
0.5377075415083017	0.0672134426885378
0.5825165033006602	0.07701540308061605
0.6273254650930187	0.08681736347269453
0.6721344268853771	0.09521904380876167
0.7169433886777355	0.10502100420084015
0.761752350470094	0.11342268453690751
0.8065613122624525	0.12182436487297466
0.851370274054811	0.1302260452090418
0.8961792358471695	0.1358271654330867
0.9409881976395279	0.14282856571314273
0.9857971594318864	0.1470294058811763
1.030606121224245	0.15123024604920987
1.0754150830166034	0.15403080616123233
1.1202240448089618	0.15543108621724344
1.1650330066013204	0.15403080616123233
1.2098419683936787	0.152630526105221
1.2546509301860373	0.14842968593718742
1.2994598919783957	0.14282856571314273
1.3442688537707541	0.1358271654330867
1.3890778155631127	0.12602520504100823
1.433886777355471	0.11342268453690751
1.4786957391478297	0.09941988397679546
1.523504700940188	0.08121624324864984
1.5683136627325465	0.06021204240848177
1.613122624524905	0.03640728145629124
1.6579315863172635	0.01400280056011205
1.702740548109622	-0.011202240448089595
1.7475495099019804	-0.04060812162432481
1.792358471694339	-0.0742148429685936
1.8371674334866974	-0.10922184436887372
1.8819763952790558	-0.1428285657131425
1.9267853570714144	-0.1764352870574113
1.9715943188637728	-0.20724144828965785
2.016403280656131	-0.23664732946589306
2.06121224244849	-0.26465293058611705
2.1060212042408484	-0.2898579715943187
2.1508301660332068	-0.31086217243448677
2.195639127825565	-0.3290658131626324
2.2404480896179235	-0.34306861372274444
2.2852570514102823	-0.3514702940588116
2.3300660132026407	-0.35567113422684526
2.374874974994999	-0.3514702940588116
2.4196839367873575	-0.3416683336667332
2.464492898579716	-0.3234646929385876
2.5093018603720747	-0.2996599319863972
2.554110822164433	-0.27585517103420676
2.5989197839567915	-0.25205041008201623
2.64372874574915	-0.2100420084016802
2.6885377075415082	-0.14002800560112028
2.733346669333867	-0.05601120224044798
2.7781556311262254	0.025205041008201645
2.822964592918584	0.09661932386477301
2.867773554710942	0.15683136627325478
2.9125825165033006	0.20724144828965785
2.9573914782956594	0.249249849969994
3.002200440088018	0.2842568513702741
3.047009401880376	0.31366273254650934
3.0918183636727345	0.338867773554711
3.136627325465093	0.3584716943388677
3.1814362872574518	0.3738747749549911
3.22624524904981	0.3850770154030807
3.2710542108421685	0.39347869573914784
3.315863172634527	0.3976795359071814
3.3606721344268857	0.3976795359071814
3.405481096219244	0.39487897579515896
3.4502900580116025	0.38787757551510316
3.495099019803961	0.3780756151230247
3.5399079815963193	0.36547309461892374
3.584716943388678	0.34866973394678946
3.6295259051810365	0.3290658131626325
3.674334866973395	0.30806161232246443
3.7191438287657532	0.2842568513702741
3.7639527905581116	0.25765153030606114
3.8087617523504704	0.22964592918583726
3.853570714142829	0.20024004800960205
3.898379675935187	0.1694338867773555
3.9431886377275456	0.13722744548909782
3.987997599519904	0.10502100420084015
4.032806561312262	0.07421484296859382
4.077615523104621	0.044808961792358604
4.12242448489698	0.016803360672134504
4.167233446689338	-0.00980196039207848
4.212042408481697	-0.033606721344268786
4.256851370274055	-0.05461092218443686
4.3016603320664135	-0.0742148429685936
4.346469293858772	-0.0910182036407281
4.39127825565113	-0.10502100420084015
4.436087217443489	-0.11622324464892975
4.480896179235847	-0.12602520504100823
4.525705141028205	-0.1316263252650529
4.570514102820565	-0.13582716543308648
4.615323064612923	-0.13862772554510894
4.6601320264052815	-0.13862772554510894
4.70494098819764	-0.13582716543308648
4.749749949989998	-0.1316263252650529
4.794558911782357	-0.12462492498499689
4.839367873574715	-0.11762352470494086
4.884176835367073	-0.10922184436887372
4.928985797159432	-0.09941988397679524
4.97379475895179	-0.08961792358471699
5.018603720744149	-0.07841568313662739
5.063412682536508	-0.06721344268853757
5.108221644328866	-0.057411482296459315
5.1530306061212245	-0.047609521904380836
5.197839567913583	-0.03780756151230236
5.242648529705941	-0.0280056011202241
5.2874574914983	-0.021004200840168075
5.332266453290658	-0.01400280056011205
5.3770754150830165	-0.007001400280056025
5.421884376875376	-0.0028005601120224544
5.466693338667734	0.0014002800560113382
5.5115023004600925	0.0042008401680335705
5.556311262252451	0.007001400280056025
5.601120224044809	0.008401680336067141
5.645929185837168	0.008401680336067141
5.690738147629526	0.008401680336067141
5.735547109421884	0.007001400280056025
5.780356071214243	0.005601120224044909
5.825165033006601	0.0042008401680335705
5.86997399479896	0.0014002800560113382
5.914782956591319	-0.0014002800560111162
5.959591918383677	-0.0042008401680335705
6.004400880176036	-0.007001400280056025
6.049209841968394	-0.00980196039207848
6.094018803760752	-0.012602520504100712
6.138827765553111	-0.01400280056011205
6.183636727345469	-0.016803360672134504
6.2284456891378275	-0.01820364072814562
6.273254650930186	-0.019603920784156736
6.318063612722545	-0.021004200840168075
6.3628725745149035	-0.02240448089617919
6.407681536307262	-0.023804760952190307
6.45249049809962	-0.023804760952190307
6.497299459891979	-0.023804760952190307
6.542108421684337	-0.02240448089617919
6.586917383476695	-0.021004200840168075
6.631726345269054	-0.019603920784156736
6.676535307061412	-0.01820364072814562
6.7213442688537715	-0.015403080616123166
6.76615323064613	-0.012602520504100712
6.810962192438488	-0.00980196039207848
6.855771154230847	-0.005601120224044687
6.900580116023205	-0.0014002800560111162
6.945389077815563	0.0028005601120224544
6.990198039607922	0.007001400280056025
7.03500700140028	0.011202240448089595
7.0798159631926385	0.016803360672134504
7.124624924984997	0.021004200840168075
7.169433886777356	0.02660532106421276
7.2142428485697145	0.030806161232246554
7.259051810362073	0.03640728145629124
7.303860772154431	0.04060812162432481
7.34866973394679	0.044808961792358604
7.393478695739148	0.049009801960392174
7.4382876575315064	0.053210642128425745
7.483096619323865	0.0560112022404482
7.527905581116223	0.05881176235247043
7.572714542908582	0.061612322464492886
7.617523504700941	0.06441288257651534
7.662332466493299	0.06581316263252646
7.707141428285658	0.06581316263252646
7.751950390078016	0.0672134426885378
7.796759351870374	0.06581316263252646
7.841568313662733	0.06581316263252646
7.886377275455091	0.06441288257651534
7.9311862372474495	0.061612322464492886
7.975995199039808	0.05881176235247043
8.020804160832167	0.05461092218443686
8.065613122624525	0.05041008201640329
8.110422084416884	0.04620924184836972
8.155231046209241	0.04060812162432481
8.2000400080016	0.035007001400280124
8.24484896979396	0.0280056011202241
8.289657931586317	0.021004200840168075
8.334466893378677	0.01400280056011205
8.379275855171034	0.007001400280056025
8.424084816963394	-0.0014002800560111162
8.468893778755751	-0.008401680336067141
8.51370274054811	-0.016803360672134504
8.558511702340468	-0.025205041008201645
8.603320664132827	-0.03220644128825767
8.648129625925185	-0.04060812162432481
8.692938587717544	-0.047609521904380836
8.737747549509903	-0.05461092218443686
8.78255651130226	-0.06021204240848177
8.82736547309462	-0.06581316263252646
8.872174434886977	-0.07001400280056003
8.916983396679337	-0.0742148429685936
8.961792358471694	-0.07701540308061605
9.006601320264053	-0.07841568313662739
9.05141028205641	-0.0798159631926385
9.09621924384877	-0.0798159631926385
9.14102820564113	-0.07701540308061605
9.185837167433487	-0.0742148429685936
9.230646129225846	-0.07141428285657136
9.275455091018204	-0.06581316263252646
9.320264052810563	-0.06021204240848177
9.36507301460292	-0.053210642128425745
9.40988197639528	-0.04480896179235838
9.454690938187637	-0.03780756151230236
9.499499899979996	-0.0280056011202241
9.544308861772356	-0.019603920784156736
9.589117823564713	-0.011202240448089595
9.633926785357072	-0.0028005601120224544
9.67873574714943	0.005601120224044909
9.72354470894179	0.01400280056011205
9.768353670734147	0.021004200840168075
9.813162632526506	0.0280056011202241
9.857971594318863	0.033606721344268786
9.902780556111223	0.039207841568313695
9.94758951790358	0.043408681736347265
9.99239847969594	0.04620924184836972
10.037207441488299	0.049009801960392174
10.082016403280656	0.05041008201640329
10.126825365073016	0.05041008201640329
10.171634326865373	0.05041008201640329
10.216443288657732	0.049009801960392174
10.26125225045009	0.047609521904380836
10.306061212242449	0.04620924184836972
10.350870174034807	0.043408681736347265
10.395679135827166	0.04060812162432481
10.440488097619525	0.03780756151230258
10.485297059411883	0.033606721344268786
10.530106021204242	0.030806161232246554
10.5749149829966	0.02660532106421276
10.619723944788959	0.02240448089617919
10.664532906581316	0.01960392078415696
10.709341868373675	0.015403080616123166
10.754150830166033	0.011202240448089595
10.798959791958392	0.008401680336067141
10.843768753750751	0.005601120224044909
10.888577715543109	0.0028005601120224544
10.933386677335468	0.0
10.978195639127826	-0.0028005601120224544
11.023004600920185	-0.0042008401680335705
11.067813562712542	-0.005601120224044687
11.112622524504902	-0.007001400280056025
11.15743148629726	-0.008401680336067141
11.202240448089618	-0.008401680336067141
11.247049409881976	-0.00980196039207848
11.291858371674335	-0.00980196039207848
11.336667333466695	-0.00980196039207848
11.381476295259052	-0.00980196039207848
11.426285257051411	-0.008401680336067141
11.471094218843769	-0.008401680336067141
11.515903180636128	-0.007001400280056025
11.560712142428486	-0.007001400280056025
11.605521104220845	-0.005601120224044687
11.650330066013202	-0.005601120224044687
11.695139027805562	-0.0042008401680335705
11.73994798959792	-0.0028005601120224544
11.784756951390278	-0.0028005601120224544
11.829565913182638	-0.0014002800560111162
11.874374874974995	-0.0014002800560111162
11.919183836767354	0.0
11.963992798559712	0.0
12.008801760352071	0.0
12.053610722144429	0.0014002800560113382
12.098419683936788	0.0014002800560113382
12.143228645729147	0.0014002800560113382
12.188037607521505	0.0014002800560113382
12.232846569313864	0.0
12.277655531106221	0.0
12.32246449289858	0.0
12.367273454690938	-0.0014002800560111162
12.412082416483297	-0.0014002800560111162
12.456891378275655	-0.0014002800560111162
12.501700340068014	-0.0028005601120224544
12.546509301860372	-0.0042008401680335705
12.591318263652731	-0.0042008401680335705
12.63612722544509	-0.005601120224044687
12.680936187237448	-0.005601120224044687
12.725745149029807	-0.007001400280056025
12.770554110822165	-0.008401680336067141
12.815363072614524	-0.008401680336067141
12.860172034406881	-0.00980196039207848
12.90498099619924	-0.00980196039207848
12.949789957991598	-0.00980196039207848
12.994598919783957	-0.011202240448089595
13.039407881576317	-0.011202240448089595
13.084216843368674	-0.011202240448089595
13.129025805161033	-0.011202240448089595
13.17383476695339	-0.011202240448089595
13.21864372874575	-0.011202240448089595
13.263452690538108	-0.011202240448089595
13.308261652330467	-0.011202240448089595
13.353070614122824	-0.011202240448089595
13.397879575915184	-0.00980196039207848
13.442688537707543	-0.00980196039207848
13.4874974994999	-0.008401680336067141
13.53230646129226	-0.007001400280056025
13.577115423084617	-0.007001400280056025
13.621924384876976	-0.005601120224044687
13.666733346669334	-0.0042008401680335705
13.711542308461693	-0.0028005601120224544
13.75635127025405	-0.0014002800560111162
13.80116023204641	0.0
13.845969193838767	0.0014002800560113382
13.890778155631127	0.0028005601120224544
13.935587117423486	0.0042008401680335705
13.980396079215843	0.005601120224044909
14.025205041008203	0.007001400280056025
14.07001400280056	0.008401680336067141
14.11482296459292	0.00980196039207848
14.159631926385277	0.011202240448089595
14.204440888177636	0.012602520504100934
14.249249849969994	0.012602520504100934
14.294058811762353	0.01400280056011205
14.338867773554712	0.01400280056011205
14.38367673534707	0.015403080616123166
14.428485697139429	0.015403080616123166
14.473294658931787	0.015403080616123166
14.518103620724146	0.015403080616123166
14.562912582516503	0.015403080616123166
14.607721544308863	0.015403080616123166
14.65253050610122	0.015403080616123166
14.69733946789358	0.015403080616123166
14.742148429685939	0.01400280056011205
14.786957391478296	0.01400280056011205
14.831766353270655	0.012602520504100934
14.876575315063013	0.011202240448089595
14.921384276855372	0.00980196039207848
14.96619323864773	0.008401680336067141
15.011002200440089	0.007001400280056025
15.055811162232446	0.005601120224044909
15.100620124024806	0.0042008401680335705
15.145429085817163	0.0028005601120224544
15.190238047609522	0.0014002800560113382
15.235047009401882	-0.0014002800560111162
15.27985597119424	-0.0028005601120224544
15.324664932986598	-0.0042008401680335705
15.369473894778956	-0.005601120224044687
15.414282856571315	-0.007001400280056025
15.459091818363673	-0.008401680336067141
15.503900780156032	-0.00980196039207848
15.54870974194839	-0.011202240448089595
15.593518703740749	-0.011202240448089595
15.638327665533108	-0.012602520504100712
15.683136627325466	-0.012602520504100712
15.727945589117825	-0.012602520504100712
15.772754550910182	-0.012602520504100712
15.817563512702542	-0.012602520504100712
15.862372474494899	-0.012602520504100712
15.907181436287258	-0.012602520504100712
15.951990398079616	-0.012602520504100712
15.996799359871975	-0.011202240448089595
16.041608321664334	-0.011202240448089595
16.086417283456694	-0.00980196039207848
16.13122624524905	-0.008401680336067141
16.17603520704141	-0.008401680336067141
16.220844168833768	-0.007001400280056025
16.265653130626127	-0.005601120224044687
16.310462092418483	-0.0042008401680335705
16.355271054210842	-0.0028005601120224544
16.4000800160032	-0.0014002800560111162
16.44488897779556	-0.0014002800560111162
16.48969793958792	0.0
16.534506901380276	0.0014002800560113382
16.579315863172635	0.0014002800560113382
16.624124824964994	0.0028005601120224544
16.668933786757353	0.0028005601120224544
16.71374274854971	0.0042008401680335705
16.75855171034207	0.0042008401680335705
16.803360672134428	0.0042008401680335705
16.848169633926787	0.0042008401680335705
16.892978595719146	0.005601120224044909
16.937787557511502	0.005601120224044909
16.98259651930386	0.0042008401680335705
17.02740548109622	0.0042008401680335705
17.07221444288858	0.0042008401680335705
17.117023404680936	0.0042008401680335705
17.161832366473295	0.0042008401680335705
17.206641328265654	0.0042008401680335705
17.251450290058013	0.0028005601120224544
17.29625925185037	0.0028005601120224544
17.34106821364273	0.0028005601120224544
17.385877175435088	0.0028005601120224544
17.430686137227447	0.0014002800560113382
17.475495099019806	0.0014002800560113382
17.520304060812162	0.0014002800560113382
17.56511302260452	0.0014002800560113382
17.60992198439688	0.0
17.65473094618924	0.0
17.699539907981595	0.0
17.744348869773955	0.0
17.789157831566314	0.0
17.833966793358673	0.0
17.878775755151032	0.0
17.923584716943388	0.0
17.968393678735747	0.0
18.013202640528107	0.0
18.058011602320466	0.0
18.10282056411282	0.0
18.14762952590518	0.0
18.19243848769754	0.0014002800560113382
18.2372474494899	0.0014002800560113382
18.28205641128226	0.0014002800560113382
18.326865373074614	0.0014002800560113382
18.371674334866974	0.0014002800560113382
18.416483296659333	0.0014002800560113382
18.461292258451692	0.0014002800560113382
18.506101220244048	0.0014002800560113382
18.550910182036407	0.0014002800560113382
18.595719143828767	0.0014002800560113382
18.640528105621126	0.0014002800560113382
18.685337067413485	0.0014002800560113382
18.73014602920584	0.0014002800560113382
18.7749549909982	0.0014002800560113382
18.81976395279056	0.0014002800560113382
18.86457291458292	0.0014002800560113382
18.909381876375274	0.0014002800560113382
18.954190838167634	0.0014002800560113382
18.998999799959993	0.0014002800560113382
19.043808761752352	0.0014002800560113382
19.08861772354471	0.0
19.133426685337067	0.0
19.178235647129426	0.0
19.223044608921786	0.0
19.267853570714145	0.0
19.3126625325065	0.0
19.35747149429886	-0.0014002800560111162
19.40228045609122	-0.0014002800560111162
19.44708941788358	-0.0014002800560111162
19.491898379675938	-0.0014002800560111162
19.536707341468293	-0.0014002800560111162
19.581516303260653	-0.0028005601120224544
19.626325265053012	-0.0028005601120224544
19.67113422684537	-0.0028005601120224544
19.715943188637727	-0.0028005601120224544
19.760752150430086	-0.0028005601120224544
19.805561112222446	-0.0028005601120224544
19.850370074014805	-0.0028005601120224544
19.89517903580716	-0.0028005601120224544
19.93998799759952	-0.0028005601120224544
19.98479695939188	-0.0028005601120224544
20.02960592118424	-0.0028005601120224544
20.074414882976598	-0.0028005601120224544
20.119223844768953	-0.0028005601120224544
20.164032806561313	-0.0028005601120224544
20.208841768353672	-0.0028005601120224544
20.25365073014603	-0.0028005601120224544
20.298459691938387	-0.0028005601120224544
20.343268653730746	-0.0028005601120224544
20.388077615523105	-0.0014002800560111162
20.432886577315465	-0.0014002800560111162
20.477695539107824	-0.0014002800560111162
20.52250450090018	-0.0014002800560111162
20.56731346269254	-0.0014002800560111162
20.612122424484898	0.0
20.656931386277257	0.0
20.701740348069613	0.0
20.746549309861972	0.0
20.79135827165433	0.0014002800560113382
20.83616723344669	0.0014002800560113382
20.88097619523905	0.0014002800560113382
20.925785157031406	0.0014002800560113382
20.970594118823765	0.0014002800560113382
21.015403080616124	0.0028005601120224544
21.060212042408484	0.0028005601120224544
21.10502100420084	0.0028005601120224544
21.1498299659932	0.0028005601120224544
21.194638927785558	0.0028005601120224544
21.239447889577917	0.0028005601120224544
21.284256851370277	0.0028005601120224544
21.329065813162632	0.0028005601120224544
21.37387477495499	0.0028005601120224544
21.41868373674735	0.0028005601120224544
21.46349269853971	0.0028005601120224544
21.508301660332066	0.0028005601120224544
21.553110622124425	0.0028005601120224544
21.597919583916784	0.0028005601120224544
21.642728545709144	0.0028005601120224544
21.687537507501503	0.0014002800560113382
21.73234646929386	0.0014002800560113382
21.777155431086218	0.0014002800560113382
21.821964392878577	0.0014002800560113382
21.866773354670936	0.0014002800560113382
21.911582316463292	0.0014002800560113382
21.95639127825565	0.0
22.00120024004801	0.0
22.04600920184037	0.0
22.09081816363273	0.0
22.135627125425085	0.0
22.180436087217444	-0.0014002800560111162
22.225245049009803	-0.0014002800560111162
22.270054010802163	-0.0014002800560111162
22.31486297259452	-0.0014002800560111162
22.359671934386878	-0.0014002800560111162
22.404480896179237	-0.0014002800560111162
22.449289857971596	-0.0014002800560111162
22.494098819763952	-0.0014002800560111162
22.53890778155631	-0.0014002800560111162
22.58371674334867	-0.0014002800560111162
22.62852570514103	-0.0014002800560111162
22.67333466693339	-0.0014002800560111162
22.718143628725745	-0.0014002800560111162
22.762952590518104	-0.0014002800560111162
22.807761552310463	-0.0014002800560111162
22.852570514102823	-0.0014002800560111162
22.89737947589518	-0.0014002800560111162
22.942188437687538	-0.0014002800560111162
22.986997399479897	-0.0014002800560111162
23.031806361272256	-0.0014002800560111162
23.076615323064615	0.0
23.12142428485697	0.0
23.16623324664933	0.0
23.21104220844169	0.0
23.25585117023405	0.0
23.300660132026405	0.0
23.345469093818764	0.0
23.390278055611123	0.0
23.435087017403482	0.0
23.47989597919584	0.0
23.524704940988197	0.0
23.569513902780557	0.0
23.614322864572916	0.0
23.659131826365275	0.0
23.70394078815763	0.0
23.74874974994999	0.0
23.79355871174235	0.0
23.83836767353471	0.0
23.883176635327068	0.0
23.927985597119424	0.0
23.972794558911783	0.0
24.017603520704142	0.0
24.0624124824965	0.0
24.107221444288857	0.0
24.152030406081217	0.0
24.196839367873576	0.0
24.241648329665935	0.0
24.286457291458294	0.0
24.33126625325065	0.0
24.37607521504301	0.0
24.42088417683537	0.0
24.465693138627728	0.0
24.510502100420084	0.0
24.555311062212443	0.0
24.600120024004802	0.0
24.64492898579716	0.0
24.68973794758952	0.0
24.734546909381876	0.0
24.779355871174236	0.0
24.824164832966595	0.0
24.868973794758954	0.0
24.91378275655131	0.0
24.95859171834367	0.0
25.00340068013603	0.0
25.048209641928388	0.0
25.093018603720743	0.0
25.137827565513103	0.0
25.182636527305462	0.0
25.22744548909782	0.0
25.27225445089018	0.0
25.317063412682536	0.0
25.361872374474896	0.0
25.406681336267255	0.0
25.451490298059614	0.0
25.49629925985197	0.0
25.54110822164433	0.0
25.58591718343669	0.0
25.630726145229048	0.0
25.675535107021407	0.0
25.720344068813763	0.0
25.765153030606122	0.0
25.80996199239848	0.0
25.85477095419084	0.0
25.899579915983196	0.0
25.944388877775555	0.0
25.989197839567915	0.0
26.034006801360274	0.0
26.078815763152633	0.0
26.12362472494499	0.0
26.168433686737348	0.0
26.213242648529707	0.0
26.258051610322067	0.0
26.302860572114422	0.0
26.34766953390678	0.0
26.39247849569914	0.0
26.4372874574915	0.0
26.48209641928386	0.0
26.526905381076215	0.0
26.571714342868574	0.0
26.616523304660934	0.0
26.661332266453293	0.0
26.70614122824565	0.0
26.750950190038008	0.0
26.795759151830367	0.0
26.840568113622727	0.0
26.885377075415086	0.0
26.93018603720744	0.0
26.9749949989998	0.0
27.01980396079216	0.0
27.06461292258452	0.0
27.109421884376875	0.0
27.154230846169234	0.0
27.199039807961594	0.0
27.243848769753953	0.0
27.288657731546312	0.0
27.333466693338668	0.0
27.378275655131027	0.0
27.423084616923386	0.0
27.467893578715746	0.0
27.5127025405081	0.0
27.55751150230046	0.0
27.60232046409282	0.0
27.64712942588518	0.0
27.691938387677535	0.0
27.736747349469894	0.0
27.781556311262253	0.0
27.826365273054613	0.0
27.871174234846972	0.0
27.915983196639328	0.0
27.960792158431687	0.0
28.005601120224046	0.0
28.050410082016406	0.0
28.09521904380876	0.0
28.14002800560112	0.0
28.18483696739348	0.0
28.22964592918584	0.0
28.2744548909782	0.0
28.319263852770554	0.0
28.364072814562913	0.0
28.408881776355273	0.0
28.453690738147632	0.0
28.498499699939988	0.0
28.543308661732347	0.0
28.588117623524706	0.0
28.632926585317065	0.0
28.677735547109425	0.0
28.72254450890178	0.0
28.76735347069414	0.0
28.8121624324865	0.0
28.856971394278858	0.0
28.901780356071214	0.0
28.946589317863573	0.0
28.991398279655932	0.0
29.03620724144829	0.0
29.08101620324065	0.0
29.125825165033007	0.0
29.170634126825366	0.0
29.215443088617725	0.0
29.260252050410084	0.0
29.30506101220244	0.0
29.3498699739948	0.0
29.39467893578716	0.0
29.439487897579518	0.0
29.484296859371877	0.0
29.529105821164233	0.0
29.573914782956592	0.0
29.61872374474895	0.0
29.66353270654131	0.0
29.708341668333667	0.0
29.753150630126026	0.0
29.797959591918385	0.0
29.842768553710744	0.0
29.887577515503104	0.0
29.93238647729546	0.0
29.97719543908782	0.0
