0.0	0.19490981816158298
0.043408681736347265	0.1939959655073577
0.08681736347269453	0.1914604335865201
0.1302260452090418	0.18734046798315795
0.17363472694538906	0.1816877649379356
0.21704340868173633	0.17457680573537548
0.2604520904180836	0.16611282360176077
0.30386077215443086	0.1564368956312246
0.3472694538907781	0.1457262619594747
0.3906781356271254	0.13418912475433337
0.43408681736347265	0.12205456388664943
0.4774954990998199	0.10955938950772603
0.5209041808361672	0.09693436900413241
0.5643128625725145	0.0843922079483857
0.6077215443088617	0.07211916817318548
0.651130226045209	0.06027212210216207
0.6945389077815562	0.04898892950954048
0.7379475895179035	0.03842102479719453
0.7813562712542508	0.028544496184746693
0.824764952990598	0.018994122103202976
0.8681736347269453	0.00983850482783763
0.9115823164632926	0.0014021426689600214
0.9549909981996398	-0.006255977868175999
0.9983996799359871	-0.01320822576912914
1.0418083616723344	-0.019523522734473053
1.0852170434086816	-0.025255249881515618
1.128625725145029	-0.030449476835679806
1.1720344068813762	-0.03514842203145821
1.2154430886177234	-0.03939128985556242
1.2588517703540707	-0.04321441959284886
1.302260452090418	-0.04665130778033964
1.3456691338267652	-0.04973264252251028
1.3890778155631125	-0.05248637768632053
1.4324864972994598	-0.05493784424420087
1.475895179035807	-0.05710988828590324
1.5193038607721543	-0.0590230247757795
1.5627125425085016	-0.06069559793079633
1.6061212242448488	-0.062143941338296774
1.649529905981196	-0.0633825329874818
1.6929385877175434	-0.06442414206784369
1.7363472694538906	-0.06527996567744368
1.7797559511902379	-0.06595975453231943
1.8231646329265851	-0.06647192744019059
1.8665733146629324	-0.06682367475984187
1.9099819963992797	-0.06702105136657277
1.953390678135627	-0.06706905982855432
1.9967993598719742	-0.06697172460434611
2.0402080416083215	-0.06673215812584592
2.0836167233446687	-0.06635261965483912
2.127025405081016	-0.06583456781123476
2.1704340868173633	-0.06517870767924419
2.2138427685537105	-0.06438503341338458
2.257251450290058	-0.06345286729628291
2.300660132026405	-0.06238089625026186
2.3440688137627523	-0.06116720687898704
2.3874774954990996	-0.05980932021770925
2.430886177235447	-0.05830422750402238
2.474294858971794	-0.05664842844828685
2.5177035407081414	-0.054837973686062955
2.5611122224444887	-0.052868513335212544
2.604520904180836	-0.050735353857348994
2.647929585917183	-0.0484335257341242
2.6913382676535305	-0.045957864806732834
2.7347469493898777	-0.04330311047981314
2.778155631126225	-0.04046402433882401
2.8215643128625723	-0.037435533043002484
2.8649729945989195	-0.03421289959098718
2.908381676335267	-0.03079192715355218
2.951790358071614	-0.02716919954802685
2.9951990398079613	-0.023342361987438595
3.0386077215443086	-0.01931044483478994
3.082016403280656	-0.015074231526758186
3.125425085017003	-0.01063666926019291
3.1688337667533504	-0.0060033168065240505
3.2122424484896976	-0.0011828166753420077
3.255651130226045	0.0038126333502545295
3.299059811962392	0.008966854629440496
3.3424684936987394	0.014259395573484851
3.3858771754350867	0.019665767964876374
3.429285857171434	0.02516247167236005
3.4726945389077812	0.03077574516773718
3.5161032206441285	0.036891631485028276
3.5595119023804758	0.045281265683569494
3.602920584116823	0.05837474429836792
3.6463292658531703	0.07170602651213862
3.6897379475895176	0.08035863534576548
3.733146629325865	0.08565782172148456
3.776555311062212	0.0891190973448811
3.8199639927985594	0.09138245794848096
3.8633726745349066	0.09273277661197304
3.906781356271254	0.0933291401238478
3.950190038007601	0.0932757009737169
3.9935987197439484	0.09264748790231447
4.037007401480296	0.09150250043552269
4.080416083216643	0.08988817202096339
4.123824764952991	0.0878450394908068
4.1672334466893375	0.08540890461610942
4.210642128425685	0.08261221219158993
4.254050810162032	0.07948508184311207
4.29745949189838	0.07605617311363055
4.3408681736347265	0.07235340923963199
4.384276855371074	0.06840454521850203
4.427685537107421	0.06423757445282102
4.471094218843769	0.059880985777486434
4.514502900580116	0.05536389211472298
4.557911582316463	0.05071604397380758
4.60132026405281	0.04596773883518798
4.644728945789158	0.04114963834332086
4.688137627525505	0.03629250536157558
4.731546309261852	0.03142688202266239
4.774954990998199	0.026582741762695955
4.818363672734547	0.021789160947137287
4.861772354470894	0.017074073167451437
4.905181036207241	0.012464204960181052
4.948589717943588	0.007985385573168524
4.991998399679936	0.0036637071097695983
5.035407081416283	-0.0004710466613375708
5.0788157631526305	-0.004375427878067106
5.122224444888977	-0.007992416900837102
5.165633126625325	-0.011530716555565201
5.209041808361672	-0.01575733123847803
5.25245049009802	-0.0207162225502584
5.295859171834366	-0.025625758303271642
5.339267853570714	-0.029977165833205907
5.382676535307061	-0.03364855202625766
5.426085217043409	-0.036683412364507825
5.4694938987797554	-0.03916771569840166
5.512902580516103	-0.04118669924735094
5.55631126225245	-0.042813112263374406
5.599719943988798	-0.0441058450702307
5.6431286257251445	-0.04511158730274205
5.686537307461492	-0.0458671049541448
5.729945989197839	-0.04640138231261649
5.773354670934187	-0.0467374217576806
5.816763352670534	-0.046893677907314774
5.860172034406881	-0.0468851655745033
5.903580716143228	-0.046724300141921415
5.946989397879576	-0.046421529560094474
5.990398079615923	-0.045985809331619276
6.03380676135227	-0.04542496078258562
6.077215443088617	-0.044745941706578224
6.120624124824965	-0.043955048954327766
6.164032806561312	-0.04305806575948315
6.207441488297659	-0.04206036279344702
6.250850170034006	-0.04096696070890793
6.294258851770354	-0.03978256244561207
6.337667533506701	-0.03851156486670394
6.3810762152430485	-0.03715806035152007
6.424484896979395	-0.035725838887907355
6.467893578715743	-0.03421839952403083
6.51130226045209	-0.03263897695453734
6.5547109421884375	-0.03099058526266263
6.598119623924784	-0.029276077321321536
6.641528305661132	-0.027498215768479203
6.684936987397479	-0.025659750136367954
6.728345669133827	-0.023763494668525273
6.771754350870173	-0.021812402460830216
6.815163032606521	-0.019809633394825388
6.858571714342868	-0.01775861515855176
6.901980396079216	-0.01566309777019556
6.9453890778155625	-0.013527202272596545
6.98879775955191	-0.011355464076186955
7.032206441288257	-0.00915287125021988
7.075615123024605	-0.006924897913642952
7.1190238047609515	-0.004677532547733981
7.162432486497299	-0.0024173005635554357
7.205841168233646	-0.0001512799601875725
7.249249849969994	0.002112891661188415
7.292658531706341	0.004367021116048947
7.336067213442688	0.006602377322911135
7.379475895179035	0.008809724696307641
7.422884576915383	0.010979373495295375
7.46629325865173	0.013101248908943652
7.509701940388077	0.015164983381630914
7.553110622124424	0.017160040559891565
7.596519303860772	0.019075881171711523
7.639927985597119	0.020902176455409788
7.683336667333466	0.022629058656911394
7.726745349069813	0.024247369687425663
7.770154030806161	0.025748837516079426
7.813562712542508	0.02712609736975713
7.8569713942788555	0.02837250776389924
7.900380076015202	0.029481801673472863
7.94378875775155	0.03044773787907562
7.987197439487897	0.03126400902215681
8.030606121224244	0.03192463069723478
8.074014802960592	0.03242483916875477
8.117423484696939	0.03276224934179778
8.160832166433286	0.03293785239113725
8.204240848169633	0.032956491231922846
8.247649529905981	0.03282668964079566
8.291058211642328	0.032559944156761944
8.334466893378675	0.03216966128293622
8.377875575115022	0.031669815178439725
8.42128425685137	0.031073227886898785
8.464692938587717	0.030389334726387718
8.508101620324064	0.02962159403864384
8.55151030206041	0.028765355282329486
8.59491898379676	0.027807595606151786
8.638327665533106	0.026729674409601556
8.681736347269453	0.025512757529163044
8.7251450290058	0.02414375167773103
8.768553710742149	0.02261911403613351
8.811962392478495	0.020945269828163582
8.855371074214842	0.01913632410903146
8.898779755951189	0.017210780440973655
8.942188437687538	0.015188744760036982
8.985597119423884	0.013090247024961088
9.029005801160231	0.010934571342549798
9.072414482896578	0.008740152930448802
9.115823164632927	0.00652462603402118
9.159231846369273	0.0043047970867435
9.20264052810562	0.0020965016684467708
9.246049209841967	-8.559639731162139e-05
9.289457891578316	-0.0022281878739644767
9.332866573314663	-0.004319433667858363
9.37627525505101	-0.006348999354236884
9.419683936787356	-0.008308020353527151
9.463092618523705	-0.010189020673714522
9.506501300260052	-0.011985808093086942
9.549909981996398	-0.013693361856599445
9.593318663732745	-0.015307719343306742
9.636727345469094	-0.016825859035849655
9.68013602720544	-0.018245571560886298
9.723544708941787	-0.01956531125190278
9.766953390678134	-0.02078402884218386
9.810362072414483	-0.02190099978061663
9.85377075415083	-0.02291567672717436
9.897179435887177	-0.02382760105897129
9.940588117623523	-0.024636400435420744
9.983996799359872	-0.02534187786301985
10.027405481096219	-0.025944170424084576
10.070814162832566	-0.026443934775921912
10.114222844568912	-0.02684251005406736
10.157631526305261	-0.027142016937097307
10.201040208041608	-0.02734536682906767
10.244448889777955	-0.027456167587969774
10.287857571514301	-0.02747851633999733
10.33126625325065	-0.02741666935393469
10.374674934986997	-0.027274587969987427
10.418083616723344	-0.027055395455571923
10.46149229845969	-0.02676084357893424
10.50490098019604	-0.02639094683091814
10.548309661932386	-0.02594394143066034
10.591718343668733	-0.025416636880333368
10.63512702540508	-0.02480508774411999
10.678535707141428	-0.024105403896944017
10.721944388877775	-0.023314495794686085
10.765353070614122	-0.02243061067136004
10.808761752350469	-0.02145360675409455
10.852170434086817	-0.020384989076495774
10.895579115823164	-0.019227772676937926
10.938987797559511	-0.017986250155204803
10.982396479295858	-0.0166657323512632
11.025805161032206	-0.015272313452455444
11.069213842768553	-0.01381269148138975
11.1126225245049	-0.012294055779912716
11.156031206241249	-0.010724037422568028
11.199439887977595	-0.009110707733561124
11.242848569713942	-0.007462604087130009
11.286257251450289	-0.005788760256873998
11.329665933186638	-0.004098720357284424
11.373074614922984	-0.002402520480651038
11.416483296659331	-0.0007106293392644958
11.459891978395678	0.0009661531046714633
11.503300660132027	0.0026168334251305547
11.546709341868373	0.004230389107052285
11.59011802360472	0.0057959489980516365
11.633526705341067	0.007302982162550403
11.676935387077416	0.00874149243816566
11.720344068813763	0.01010222246915174
11.76375275055011	0.011376878724150413
11.807161432286456	0.012558392535442692
11.850570114022805	0.013641218319329212
11.893978795759152	0.014621626609589877
11.937387477495498	0.015497879588668995
11.980796159231845	0.01627010793807465
12.024204840968194	0.01693969036755036
12.06761352270454	0.017508033034932147
12.111022204440888	0.01797489911604927
12.154430886177234	0.01833680946574004
12.197839567913583	0.01858632582089953
12.24124824964993	0.01871292597033561
12.284656931386277	0.018705532487968857
12.328065613122623	0.018555871792082762
12.371474294858972	0.018261359201973137
12.414882976595319	0.017826502466658456
12.458291658331666	0.017262618956442877
12.501700340068012	0.016586372705606423
12.545109021804361	0.01581790175412981
12.588517703540708	0.014979178734230297
12.631926385277055	0.014092961666381937
12.675335067013402	0.013182410082272555
12.71874374874975	0.012271179532307996
12.762152430486097	0.011383485326556642
12.805561112222444	0.010543196353086426
12.84896979395879	0.009770690280891114
12.89237847569514	0.009076664352041075
12.935787157431486	0.008454234409781991
12.979195839167833	0.007874017613897305
13.02260452090418	0.0072880596627405425
13.066013202640528	0.006643620701004049
13.109421884376875	0.00589973653437173
13.152830566113222	0.005037027808193567
13.196239247849569	0.004057318377137881
13.239647929585917	0.002976809659942209
13.283056611322264	0.0018183334605747226
13.326465293058611	0.000605788780765365
13.369873974794958	-0.0006387987118335603
13.413282656531306	-0.001896364345492535
13.456691338267653	-0.0031509056938854585
13.500100020004	-0.004389176067087552
13.543508701740347	-0.005600270182131967
13.586917383476695	-0.006775230487383571
13.630326065213042	-0.007906718369924931
13.673734746949389	-0.008988759038777633
13.717143428685736	-0.010016555191566412
13.760552110422084	-0.010986357868074725
13.803960792158431	-0.01189537598340576
13.847369473894778	-0.012741696416412596
13.890778155631125	-0.013524175923455312
13.934186837367474	-0.014242261039053628
13.97759551910382	-0.01489570304835891
14.021004200840167	-0.01548417150931472
14.064412882576514	-0.016006829153869
14.107821564312863	-0.016461989053014964
14.15123024604921	-0.016846991968990532
14.194638927785556	-0.01715839125476401
14.238047609521903	-0.017392430235981943
14.281456291258252	-0.01754569654074617
14.324864972994598	-0.017615791493031857
14.368273654730945	-0.017601874345142626
14.411682336467292	-0.017505005658686568
14.45509101820364	-0.017328284338074956
14.498499699939988	-0.017076824114343664
14.541908381676334	-0.016757641593505457
14.585317063412681	-0.01637953211912785
14.62872574514903	-0.015952987683033937
14.672134426885377	-0.01549013814190861
14.715543108621723	-0.015004532925089742
14.75895179035807	-0.01451034072512708
14.802360472094419	-0.014020450028518205
14.845769153830766	-0.013543424668277765
14.889177835567112	-0.013080365979430741
14.93258651730346	-0.012623517953110147
14.975995199039808	-0.012157777002706982
15.019403880776155	-0.0116645033847049
15.062812562512502	-0.011125829268303189
15.106221244248848	-0.010527874187599706
15.149629925985197	-0.009862279252099815
15.193038607721544	-0.009126306601849266
15.23644728945789	-0.008322068977579339
15.279855971194237	-0.0074554037948997565
15.323264652930586	-0.00653472843088751
15.366673334666933	-0.005570049493529627
15.41008201640328	-0.004572189030176921
15.453490698139627	-0.003552227445211581
15.496899379875975	-0.0025211297276938605
15.540308061612322	-0.001489508150873592
15.583716743348669	-0.00046747568830640684
15.627125425085016	0.0005354457745406771
15.670534106821364	0.0015103864318228855
15.713942788557711	0.002449173057567755
15.757351470294058	0.0033443649012584453
15.800760152030405	0.004189284940425725
15.844168833766753	0.004978047799527263
15.8875775155031	0.0057055835305807046
15.930986197239447	0.0063676549681201955
15.974394878975794	0.0069608658971093695
16.017803560712142	0.00748265780516702
16.061212242448487	0.007931294057614918
16.104620924184836	0.008305831371004213
16.148029605921185	0.008606079294875502
16.19143828765753	0.008832549270030743
16.234846969393878	0.00898639568271703
16.278255651130227	0.009069351615058924
16.321664332866572	0.009083661446998237
16.36507301460292	0.00903201175980034
16.408481696339265	0.008917461883221345
16.451890378075614	0.008743375776681966
16.495299059811963	0.008513357120261522
16.538707741548308	0.008231189363438612
16.582116423284656	0.007900782272887874
16.625525105021005	0.007526126191080423
16.66893378675735	0.007111254482721707
16.7123424684937	0.00666021352636556
16.755751150230044	0.006177038445842192
16.799159831966392	0.005665731796647144
16.84256851370274	0.005130241676663622
16.885977195439086	0.004574435490835249
16.929385877175434	0.004002066461521847
16.972794558911783	0.0034167322972491476
17.016203240648128	0.002821828745106697
17.059611922384477	0.0022205039591393083
17.10302060412082	0.001615621738632167
17.14642928585717	0.001009742228593291
17.18983796759352	0.00040512739861292557
17.233246649329864	-0.00019622457379506186
17.276655331066213	-0.0007925167364609409
17.32006401280256	-0.0013820690456351759
17.363472694538906	-0.0019632240645894306
17.406881376275255	-0.0025342579103612706
17.4502900580116	-0.0030933119490736127
17.49369873974795	-0.0036383573124732504
17.537107421484297	-0.004167198082940166
17.580516103220642	-0.0046775120084949495
17.62392478495699	-0.005166921957775322
17.66733346669334	-0.005633088110999024
17.710742148429684	-0.006073809991972767
17.754150830166033	-0.006487128055272101
17.797559511902378	-0.006871415776476819
17.840968193638727	-0.0072254545995713015
17.884376875375075	-0.007548485827959195
17.92778555711142	-0.007840235944811341
17.97119423884777	-0.008100914548323207
18.014602920584117	-0.008331185942486441
18.058011602320462	-0.008532115972167048
18.10142028405681	-0.008705096164380588
18.144828965793156	-0.008851749097291556
18.188237647529505	-0.008973821829494799
18.231646329265853	-0.009073076529569762
18.2750550110022	-0.009151188139996325
18.318463692738547	-0.009209658074351312
18.361872374474896	-0.009249750820020164
18.40528105621124	-0.009272457035305076
18.44868973794759	-0.009278482872866117
18.492098419683934	-0.009268261925594962
18.535507101420283	-0.009241984309393103
18.57891578315663	-0.009199637130829025
18.622324464892976	-0.009141051354439572
18.665733146629325	-0.009065951105582254
18.709141828365674	-0.008974002246575602
18.75255051010202	-0.008864857559428924
18.795959191838367	-0.008738196179011004
18.839367873574712	-0.008593755236716821
18.88277655531106	-0.008431352177455914
18.92618523704741	-0.008250897002170826
18.969593918783755	-0.00805239478248268
19.013002600520103	-0.007835940155878907
19.05641128225645	-0.007601706976055861
19.099819963992797	-0.007349937498659753
19.143228645729145	-0.007080935965759982
19.18663732746549	-0.006795070900213779
19.23004600920184	-0.006492788859762705
19.273454690938188	-0.0061746401892310565
19.316863372674533	-0.005841314908754308
19.36027205441088	-0.00549368460390065
19.40368073614723	-0.005132844297520978
19.447089417883575	-0.0047601472459899985
19.490498099619924	-0.004377225889142883
19.53390678135627	-0.003985993687399575
19.577315463092617	-0.0035886246774029518
19.620724144828966	-0.003187510109283004
19.66413282656531	-0.00278519501687563
19.70754150830166	-0.0023843015285664737
19.750950190038008	-0.001987447616911525
19.794358871774353	-0.0015971680456468573
19.8377675535107	-0.0012158409673418968
19.881176235247047	-0.0008456231960958793
19.924584916983395	-0.0004883996259486545
19.967993598719744	-0.0001457533301960079
20.01140228045609	0.00018103970975735795
20.054810962192438	0.0004909913674238375
20.098219643928786	0.0007833608292925898
20.14162832566513	0.0010575981479880037
20.18503700740148	0.0013132792800180926
20.228445689137825	0.0015500410755079352
20.271854370874173	0.0017675239437859591
20.315263052610522	0.001965327733567751
20.358671734346867	0.002142983831335321
20.402080416083216	0.002299944128794862
20.445489097819564	0.002435585259894818
20.48889777955591	0.002549224505845743
20.532306461292258	0.002640142655662453
20.575715143028603	0.002707609382351678
20.61912382476495	0.00275090814222001
20.6625325065013	0.002769359563903756
20.705941188237645	0.002762344222526303
20.749349869973994	0.0027293273462989376
20.792758551710342	0.002669889070019582
20.836167233446687	0.00258376362914689
20.879575915183036	0.0024708887155399373
20.92298459691938	0.0023314623996481265
20.96639327865573	0.002166000950225233
21.00980196039208	0.001975388007730422
21.053210642128423	0.001760904638985733
21.096619323864772	0.0015242309837630863
21.14002800560112	0.0012674132682992667
21.183436687337466	0.0009927941527689277
21.226845369073814	0.0007029087265537082
21.27025405081016	0.0004003525543677111
21.313662732546508	8.763231438488339e-05
21.357071414282856	-0.00023298602993970796
21.4004800960192	-0.00055961248336453
21.44388877775555	-0.0008908299785597984
21.4872974594919	-0.0012257313475362297
21.530706141228244	-0.0015638790574069306
21.574114822964592	-0.0019051814190408911
21.617523504700937	-0.002249696672113749
21.660932186437286	-0.002597396091237214
21.704340868173635	-0.0029479302052825285
21.74774954990998	-0.003300441483218064
21.791158231646328	-0.0036534531211067645
21.834566913382677	-0.0040048442130963535
21.877975595119022	-0.004351904621405972
21.92138427685537	-0.00469145241457139
21.964792958591715	-0.005019992899485376
22.008201640328064	-0.005333899151986066
22.051610322064413	-0.0056295973931088095
22.095019003800758	-0.0059037447388735065
22.138427685537106	-0.006153390436616946
22.181836367273455	-0.0063761139937525135
22.2252450490098	-0.00657013457529293
22.26865373074615	-0.006734386095871153
22.312062412482497	-0.006868552222761282
22.355471094218842	-0.006973056053993315
22.39887977595519	-0.0070490016795221044
22.442288457691536	-0.007098069577155447
22.485697139427884	-0.00712237393252238
22.529105821164233	-0.0071242957741083635
22.572514502900578	-0.007106309634829444
22.615923184636927	-0.007070822214909039
22.659331866373275	-0.007020038939775847
22.70274054810962	-0.00695586910915999
22.74614922984597	-0.006879874076072878
22.789557911582314	-0.0067932571396062125
22.832966593318663	-0.006696889420140184
22.87637527505501	-0.006591363092486896
22.919783956791356	-0.0064770619822364095
22.963192638527705	-0.006354239550181134
23.006601320264053	-0.006223095193055139
23.0500100020004	-0.006083840919928585
23.093418683736747	-0.005936751627909104
23.136827365473092	-0.0057821937707753235
23.18023604720944	-0.00562062949586814
23.22364472894579	-0.005452596083490663
23.267053410682134	-0.005278663348308649
23.310462092418483	-0.005099374557068215
23.35387077415483	-0.004915179616748422
23.397279455891177	-0.0047263724587629785
23.440688137627525	-0.0045330464798744585
23.48409681936387	-0.0043350811756726615
23.52750550110022	-0.004132169000916092
23.570914182836567	-0.003923884444420461
23.614322864572912	-0.0037097888617879937
23.65773154630926	-0.003489557082203526
23.70114022804561	-0.003263107446521113
23.744548909781955	-0.0030307167390368206
23.787957591518303	-0.0027931046110666047
23.83136627325465	-0.002551476851459872
23.874774954990997	-0.002307522284855451
23.918183636727345	-0.0020633640599637404
23.96159231846369	-0.0018214717439277994
24.00500100020004	-0.0015845440386814125
24.048409681936388	-0.0013553723651053284
24.091818363672733	-0.0011366947654359028
24.13522704540908	-0.0009310496517333233
24.178635727145426	-0.0007406400083769249
24.222044408881775	-0.0005672194779894058
24.265453090618124	-0.0004120113690046223
24.30886177235447	-0.0002756696232380784
24.352270454090817	-0.00015828686603069908
24.395679135827166	-5.944891671424979e-05
24.43908781756351	2.1671406459145004e-05
24.48249649929986	8.619396425543768e-05
24.525905181036205	0.00013540031968925503
24.569313862772553	0.00017060781633959632
24.6127225445089	0.00019306149606482248
24.656131226245247	0.00020385220828023076
24.699539907981595	0.00020386455936616255
24.742948589717944	0.00019375410977742757
24.78635727145429	0.00017394991305286212
24.829765953190638	0.00014467651925020864
24.873174634926983	0.00010598902399322485
24.91658331666333	5.781523065023775e-05
24.95999199839968	0.0
