0.0	0.09646764013652268
0.043408681736347265	0.0962388284487515
0.08681736347269453	0.09572666949097339
0.1302260452090418	0.09493376270441481
0.17363472694538906	0.09386197724384357
0.21704340868173633	0.09251288872349453
0.2604520904180836	0.09088832250936921
0.30386077215443086	0.08899096038573326
0.3472694538907781	0.08682496168726458
0.3906781356271254	0.08439654730753995
0.43408681736347265	0.08171449671673539
0.4774954990998199	0.07879051558463121
0.5209041808361672	0.07563944592920421
0.5643128625725145	0.07227931292121423
0.6077215443088617	0.0687312345995276
0.651130226045209	0.0650192697363268
0.6945389077815562	0.06117037079555607
0.7379475895179035	0.05721485664225215
0.7813562712542508	0.05318898386150331
0.824764952990598	0.04914684043622161
0.8681736347269453	0.045180441144132694
0.9115823164632926	0.041322497415082954
0.9549909981996398	0.03731739168586193
0.9983996799359871	0.03288472126914674
1.0418083616723344	0.02816275013927219
1.0852170434086816	0.023443951758299747
1.128625725145029	0.01884993307112373
1.1720344068813762	0.014373468124938421
1.2154430886177234	0.009987763716651193
1.2588517703540707	0.005678461171447796
1.302260452090418	0.00144026035073605
1.3456691338267652	-0.002728187228650536
1.3890778155631125	-0.006826406355421061
1.4324864972994598	-0.010852784460436637
1.475895179035807	-0.01480476439349207
1.5193038607721543	-0.018678876462952382
1.5627125425085016	-0.02247072859872673
1.6061212242448488	-0.02617500354855387
1.649529905981196	-0.029785484335274087
1.6929385877175434	-0.033295115650435636
1.7363472694538906	-0.03669610108683011
1.7797559511902379	-0.039980031251591885
1.8231646329265851	-0.04313803477377204
1.8665733146629324	-0.04616094258761716
1.9099819963992797	-0.04903945541067145
1.953390678135627	-0.05176430486092029
1.9967993598719742	-0.05432639996359895
2.0402080416083215	-0.056716952647836716
2.0836167233446687	-0.05892757797261161
2.127025405081016	-0.06095036700909556
2.1704340868173633	-0.06277793233886636
2.2138427685537105	-0.0644034278568234
2.257251450290058	-0.06582054590885816
2.300660132026405	-0.06702349572162139
2.3440688137627523	-0.06800696761790023
2.3874774954990996	-0.06876608771273315
2.430886177235447	-0.06929636772747924
2.474294858971794	-0.06959365432166825
2.5177035407081414	-0.0696540820004094
2.5611122224444887	-0.06947403327126794
2.604520904180836	-0.06905010934600042
2.647929585917183	-0.06837911433905239
2.6913382676535305	-0.06745805561713819
2.7347469493898777	-0.06628416269163878
2.778155631126225	-0.06485492677803761
2.8215643128625723	-0.06316816279046145
2.8649729945989195	-0.06122209494288841
2.908381676335267	-0.05901546604110944
2.951790358071614	-0.05654766859999877
2.9951990398079613	-0.05381889262808648
3.0386077215443086	-0.05083027952926625
3.082016403280656	-0.04758405924795178
3.125425085017003	-0.04408357561600412
3.1688337667533504	-0.040332499228055846
3.2122424484896976	-0.03632833898030463
3.255651130226045	-0.03202588074755938
3.299059811962392	-0.0272031523090773
3.3424684936987394	-0.021236872694948478
3.3858771754350867	-0.013388640712455546
3.429285857171434	-0.004028775051564126
3.4726945389077812	0.0057193485593000915
3.5161032206441285	0.015027075379763527
3.5595119023804758	0.02299166608370526
3.602920584116823	0.029382626254976257
3.6463292658531703	0.03455221870502126
3.6897379475895176	0.03882848560652999
3.733146629325865	0.042412207808967456
3.776555311062212	0.04543555087389975
3.8199639927985594	0.04799614058702731
3.8633726745349066	0.0501703493339756
3.906781356271254	0.05201968344342131
3.950190038007601	0.05359475274229733
3.9935987197439484	0.05493781187998739
4.037007401480296	0.05608425207479159
4.080416083216643	0.05706346780471441
4.123824764952991	0.05789938728175034
4.1672334466893375	0.058610792416028706
4.210642128425685	0.05921155594955649
4.254050810162032	0.0597108923228494
4.29745949189838	0.06011361772680737
4.3408681736347265	0.06042040122383166
4.384276855371074	0.060628049446176696
4.427685537107421	0.0607298861018907
4.471094218843769	0.06071625377640125
4.514502900580116	0.060575138193433825
4.557911582316463	0.060292915146784726
4.60132026405281	0.059855228933421406
4.644728945789158	0.05924801502339885
4.688137627525505	0.05845868519761746
4.731546309261852	0.05747751864631037
4.774954990998199	0.05629938321174491
4.818363672734547	0.05492613656471071
4.861772354470894	0.053370570490564456
4.905181036207241	0.05166256710439729
4.948589717943588	0.04984223401940627
4.991998399679936	0.04781494521221355
5.035407081416283	0.04491296852983598
5.0788157631526305	0.040175770598163546
5.122224444888977	0.03373696984250482
5.165633126625325	0.026626685065157224
5.209041808361672	0.019673788179709245
5.25245049009802	0.01324739678180939
5.295859171834366	0.007438413788922543
5.339267853570714	0.0022204439959696842
5.382676535307061	-0.0024704746681484258
5.426085217043409	-0.00670238792243244
5.4694938987797554	-0.010534750150729466
5.512902580516103	-0.014015145109348787
5.55631126225245	-0.017180236471334154
5.599719943988798	-0.020058176443908088
5.6431286257251445	-0.02267101339084293
5.686537307461492	-0.025036545250448267
5.729945989197839	-0.027169579917027287
5.773354670934187	-0.029082752211920304
5.816763352670534	-0.030787057355363245
5.860172034406881	-0.03229221387844797
5.903580716143228	-0.03360692301516621
5.946989397879576	-0.034739061881212535
5.990398079615923	-0.03569583165918097
6.03380676135227	-0.03648387383378021
6.077215443088617	-0.03710936319617736
6.120624124824965	-0.037578083864618333
6.164032806561312	-0.037895493068313385
6.207441488297659	-0.03806677634573427
6.250850170034006	-0.03809689668275512
6.294258851770354	-0.037990638912909824
6.337667533506701	-0.03775264986073615
6.3810762152430485	-0.037387474730235765
6.424484896979395	-0.03689959105092669
6.467893578715743	-0.036293442330943476
6.51130226045209	-0.0355734736744735
6.5547109421884375	-0.0347441710589296
6.598119623924784	-0.033810105217217445
6.641528305661132	-0.03277597918262551
6.684936987397479	-0.031646672169669626
6.728345669133827	-0.030427258806206336
6.771754350870173	-0.0291229658118079
6.815163032606521	-0.027739023003916563
6.858571714342868	-0.02628039490770817
6.901980396079216	-0.02475146115392432
6.9453890778155625	-0.02315583810479513
6.98879775955191	-0.021496637485456743
7.032206441288257	-0.019777421951617774
7.075615123024605	-0.01800382832840089
7.1190238047609515	-0.016185313592501666
7.162432486497299	-0.014336037246861666
7.205841168233646	-0.012474005748180417
7.249249849969994	-0.010618467093605921
7.292658531706341	-0.008786639663731277
7.336067213442688	-0.006991277774154564
7.379475895179035	-0.005239962841766033
7.422884576915383	-0.003535955786835132
7.46629325865173	-0.0018797905503887824
7.509701940388077	-0.0002708042817007039
7.553110622124424	0.0012918130985019871
7.596519303860772	0.0028084959180158797
7.639927985597119	0.004279163100982669
7.683336667333466	0.005703284575798634
7.726745349069813	0.0070800170940184814
7.770154030806161	0.008408330743084197
7.813562712542508	0.009687095757873493
7.8569713942788555	0.010915129154307063
7.900380076015202	0.012091213300453846
7.94378875775155	0.013214099791086648
7.987197439487897	0.014282508325968751
8.030606121224244	0.01529512583763884
8.074014802960592	0.016250607943034873
8.117423484696939	0.017147583708689712
8.160832166433286	0.017984664827849967
8.204240848169633	0.018760459765127607
8.247649529905981	0.01947359186329936
8.291058211642328	0.020122719387532767
8.334466893378675	0.020706556215404542
8.377875575115022	0.02122389386957277
8.42128425685137	0.021673627400274315
8.464692938587717	0.02205478769224703
8.508101620324064	0.022366580184076418
8.55151030206041	0.02260842573971375
8.59491898379676	0.022779995277338677
8.638327665533106	0.0228812251722815
8.681736347269453	0.022912294394551752
8.7251450290058	0.02287354281833351
8.768553710742149	0.022765327310959066
8.811962392478495	0.022587857962221264
8.855371074214842	0.022341119795069614
8.898779755951189	0.02202502598199621
8.942188437687538	0.0216399126231214
8.985597119423884	0.021187342052315733
9.029005801160231	0.02067097479993371
9.072414482896578	0.020097126962051765
9.115823164632927	0.019474681499314056
9.159231846369273	0.018814279578638987
9.20264052810562	0.018127033381595076
9.246049209841967	0.01742318179220545
9.289457891578316	0.01671107103850286
9.332866573314663	0.015996650272144558
9.37627525505101	0.015283460732828463
9.419683936787356	0.01457296436142877
9.463092618523705	0.013865025738136944
9.506501300260052	0.013158397131333793
9.549909981996398	0.012451112757562138
9.593318663732745	0.011740744469766001
9.636727345469094	0.011024503637255129
9.68013602720544	0.010299205933918504
9.723544708941787	0.009561156605918192
9.766953390678134	0.008806056764618903
9.810362072414483	0.008029053815882176
9.85377075415083	0.007225034855431495
9.897179435887177	0.0063891805826993
9.940588117623523	0.0055176837345992935
9.983996799359872	0.00460844666635582
10.027405481096219	0.003661561416754583
10.070814162832566	0.0026794515627931725
10.114222844568912	0.001666673437846794
10.157631526305261	0.0006294712635173116
10.201040208041608	-0.00042478033657583625
10.244448889777955	-0.001488127586091792
10.287857571514301	-0.00255250486130984
10.33126625325065	-0.003610083039397999
10.374674934986997	-0.004653495399916191
10.418083616723344	-0.005675955449202047
10.46149229845969	-0.0066712881800815305
10.50490098019604	-0.007633897686903063
10.548309661932386	-0.00855869416898522
10.591718343668733	-0.009441004223186139
10.63512702540508	-0.010276489370470182
10.678535707141428	-0.011061097092741584
10.721944388877775	-0.011791064662182327
10.765353070614122	-0.012462988101279354
10.808761752350469	-0.013073956837725942
10.852170434086817	-0.013621739595906457
10.895579115823164	-0.014104990440569759
10.938987797559511	-0.014523429456259979
10.982396479295858	-0.014877946163386835
11.025805161032206	-0.015170581065504063
11.069213842768553	-0.015404363605944466
11.1126225245049	-0.015583018831801243
11.156031206241249	-0.015710589372198325
11.199439887977595	-0.015791040556960984
11.242848569713942	-0.015827915817347826
11.286257251450289	-0.01582408854584863
11.329665933186638	-0.01578162648488521
11.373074614922984	-0.015701758379335934
11.416483296659331	-0.0155849170002611
11.459891978395678	-0.01543082716651259
11.503300660132027	-0.015238608139502785
11.546709341868373	-0.0150068640358407
11.59011802360472	-0.014733743423157752
11.633526705341067	-0.01441696045753435
11.676935387077416	-0.014053783817738863
11.720344068813763	-0.013641013364741633
11.76375275055011	-0.013174973842286969
11.807161432286456	-0.012651556211792647
11.850570114022805	-0.012066328411591998
11.893978795759152	-0.011414719881693819
11.937387477495498	-0.010692263347278658
11.980796159231845	-0.009894860406562012
12.024204840968194	-0.009019030441683229
12.06761352270454	-0.008062107299183885
12.111022204440888	-0.007022363002870985
12.154430886177234	-0.0058990586519968025
12.197839567913583	-0.0046924467521006485
12.24124824964993	-0.0034037754251408647
12.284656931386277	-0.00203537217066338
12.328065613122623	-0.0005909080740658934
12.371474294858972	0.0009240522295941023
12.414882976595319	0.0025011535580453936
12.458291658331666	0.004128074460845038
12.501700340068012	0.005787363677882101
12.545109021804361	0.007455814524893939
12.588517703540708	0.009104968315180623
12.631926385277055	0.010703061880676296
12.675335067013402	0.012218148279002278
12.71874374874975	0.013621538266049865
12.762152430486097	0.014890533891905616
12.805561112222444	0.01600979018863205
12.84896979395879	0.01697127378816035
12.89237847569514	0.01777326513612351
12.935787157431486	0.018418969542448788
12.979195839167833	0.01891515397123375
13.02260452090418	0.01927100484574204
13.066013202640528	0.01949723354936586
13.109421884376875	0.019605376746457487
13.152830566113222	0.019607230930069025
13.196239247849569	0.01951438604614772
13.239647929585917	0.0193378483099296
13.283056611322264	0.019087755886263186
13.326465293058611	0.018773195427088135
13.369873974794958	0.018402123064103576
13.413282656531306	0.017981379671336478
13.456691338267653	0.01751677407861449
13.500100020004	0.017013200006223222
13.543508701740347	0.01647475579210575
13.586917383476695	0.01590484542268447
13.630326065213042	0.015306249691881185
13.673734746949389	0.014681165653206568
13.717143428685736	0.014031220287402307
13.760552110422084	0.013357469432062535
13.803960792158431	0.012660394831911476
13.847369473894778	0.011939911071073922
13.890778155631125	0.01119539095846453
13.934186837367474	0.010425713332355396
13.97759551910382	0.009629332488706094
14.021004200840167	0.008804366208331998
14.064412882576514	0.007948703062686496
14.107821564312863	0.007060141309527285
14.15123024604921	0.00613658958208127
14.194638927785556	0.005176376341035599
14.238047609521903	0.004178716038687497
14.281456291258252	0.003144345854587588
14.324864972994598	0.0020762667678778657
14.368273654730945	0.0009804158255906914
14.411682336467292	-0.0001339777864559355
14.45509101820364	-0.00125457121462208
14.498499699939988	-0.0023666868502824623
14.541908381676334	-0.003454548193242868
14.585317063412681	-0.004502675926097405
14.62872574514903	-0.00549712524660062
14.672134426885377	-0.006426343634020004
14.715543108621723	-0.007281576045949839
14.75895179035807	-0.008056870127856663
14.802360472094419	-0.00874880176667897
14.845769153830766	-0.009356052990789787
14.889177835567112	-0.009878950586338892
14.93258651730346	-0.01031903703251913
14.975995199039808	-0.010678710335644881
15.019403880776155	-0.010960942743329177
15.062812562512502	-0.011169071415175785
15.106221244248848	-0.011306645813797395
15.149629925985197	-0.011377314978350928
15.193038607721544	-0.011384740689531853
15.23644728945789	-0.011332527502821765
15.279855971194237	-0.011224165845852202
15.323264652930586	-0.01106298855511001
15.366673334666933	-0.01085214344886376
15.41008201640328	-0.010594584606934215
15.453490698139627	-0.010293083948747228
15.496899379875975	-0.009950263490546007
15.540308061612322	-0.009568646619914994
15.583716743348669	-0.009150722624154062
15.627125425085016	-0.008699014027077512
15.670534106821364	-0.008216134912622214
15.713942788557711	-0.007704832161477104
15.757351470294058	-0.007168007638986562
15.800760152030405	-0.006608723404631672
15.844168833766753	-0.006030192359063241
15.8875775155031	-0.00543575552980699
15.930986197239447	-0.004828847141365972
15.974394878975794	-0.0042129501135507175
16.017803560712142	-0.003591546210205243
16.061212242448487	-0.0029680655508076137
16.104620924184836	-0.0023458395212316296
16.148029605921185	-0.0017280596820024308
16.19143828765753	-0.0011177436724606749
16.234846969393878	-0.0005177081130523509
16.278255651130227	6.94516241678822e-05
16.321664332866572	0.0006413748619711612
16.36507301460292	0.001195942844516823
16.408481696339265	0.0017312809687749509
16.451890378075614	0.002245757268016818
16.495299059811963	0.002737977716519485
16.538707741548308	0.003206778303377511
16.582116423284656	0.0036512138908060265
16.625525105021005	0.0040705446003726775
16.66893378675735	0.004464221377175087
16.7123424684937	0.0048318727534917005
16.755751150230044	0.005173293944254448
16.799159831966392	0.005488437466825397
16.84256851370274	0.005777403194279135
16.885977195439086	0.006040426604999399
16.929385877175434	0.006277866344562816
16.972794558911783	0.006490194183345094
17.016203240648128	0.006677990330601263
17.059611922384477	0.0068419437094427715
17.10302060412082	0.006982851194338363
17.14642928585717	0.007101605836275476
17.18983796759352	0.007199164923562401
17.233246649329864	0.007276494129645789
17.276655331066213	0.00733449322561322
17.32006401280256	0.007373920891355329
17.363472694538906	0.007395343789306313
17.406881376275255	0.007399127377512943
17.4502900580116	0.007385464543391257
17.49369873974795	0.007354421402862049
17.537107421484297	0.007305981738978368
17.580516103220642	0.007240085629854648
17.62392478495699	0.007156667347820583
17.66733346669334	0.007055696815382456
17.710742148429684	0.006937224131958214
17.754150830166033	0.006801424139024265
17.797559511902378	0.006648637740097968
17.840968193638727	0.00647940677248296
17.884376875375075	0.006294499496221212
17.92778555711142	0.006094924528485285
17.97119423884777	0.00588193164407233
18.014602920584117	0.005656998331854152
18.058011602320462	0.005421802512132506
18.10142028405681	0.005178184116744727
18.144828965793156	0.004928099156583904
18.188237647529505	0.004673568525096511
18.231646329265853	0.004416621928812953
18.2750550110022	0.004159237136308475
18.318463692738547	0.003903276189991367
18.361872374474896	0.0036504218069394467
18.40528105621124	0.0034021179775516053
18.44868973794759	0.003159519023748114
18.492098419683934	0.0029234513441867838
18.535507101420283	0.0026943912049121332
18.57891578315663	0.0024724599141595083
18.622324464892976	0.0022574355081844133
18.665733146629325	0.002048779012256974
18.709141828365674	0.0018456735722136852
18.75255051010202	0.001647075316920349
18.795959191838367	0.0014517749950630765
18.839367873574712	0.0012584692425622324
18.88277655531106	0.0010658398591366913
18.92618523704741	0.000872638520790614
18.969593918783755	0.0006777727708413006
19.013002600520103	0.0004803868151637969
19.05641128225645	0.0002799281537007037
19.099819963992797	7.61910375227659e-05
19.143228645729145	-0.0001306670827023182
19.18663732746549	-0.0003401320972687416
19.23004600920184	-0.0005513553511085068
19.273454690938188	-0.0007631875169090974
19.316863372674533	-0.0009742251564670568
19.36027205441088	-0.0011828705803820505
19.40368073614723	-0.0013874010244735446
19.447089417883575	-0.0015860392645086763
19.490498099619924	-0.0017770174745329048
19.53390678135627	-0.001958628759938852
19.577315463092617	-0.002129264497351041
19.620724144828966	-0.002287438974529765
19.66413282656531	-0.002431805024842554
19.70754150830166	-0.0025611650069224112
19.750950190038008	-0.002674480708407312
19.794358871774353	-0.0027708841841958265
19.8377675535107	-0.002849690016619749
19.881176235247047	-0.0029104085416447323
19.924584916983395	-0.0029527591355917593
19.967993598719744	-0.002976682278136744
20.01140228045609	-0.0029823486790850617
20.054810962192438	-0.0029701636353994254
20.098219643928786	-0.0029407652127546036
20.14162832566513	-0.0028950154653022697
20.18503700740148	-0.0028339841752272055
20.228445689137825	-0.0027589244629147858
20.271854370874173	-0.002671239513759055
20.315263052610522	-0.002572439956256445
20.358671734346867	-0.0024640921310724317
20.402080416083216	-0.0023477584010128394
20.445489097819564	-0.002224931594265789
20.48889777955591	-0.002096966649883153
20.532306461292258	-0.0019650134774472083
20.575715143028603	-0.0018299555730888761
20.61912382476495	-0.0016923587559709297
20.6625325065013	-0.0015524338162966334
20.705941188237645	-0.0014100164430531636
20.749349869973994	-0.0012645674466026935
20.792758551710342	-0.001115195293689697
20.836167233446687	-0.0009607009510576858
20.879575915183036	-0.0007996427256566629
20.92298459691938	-0.0006304175346615315
20.96639327865573	-0.00045135512282171164
21.00980196039208	-0.0002608216403327257
21.053210642128423	-5.7327236047149954e-05
21.096619323864772	0.0001603701124663348
21.14002800560112	0.00039317280327444415
21.183436687337466	0.0006415695639545305
21.226845369073814	0.000905580895311342
21.27025405081016	0.0011847229563416162
21.313662732546508	0.001477988586907758
21.357071414282856	0.0017838457098739435
21.4004800960192	0.002100254686761477
21.44388877775555	0.002424705850051584
21.4872974594919	0.002754276663088834
21.530706141228244	0.0030857060447123663
21.574114822964592	0.0034154821292174953
21.617523504700937	0.003739939024703459
21.660932186437286	0.004055357751207939
21.704340868173635	0.0043580665651828665
21.74774954990998	0.004644536350586287
21.791158231646328	0.0049114674072082976
21.834566913382677	0.005155864608788058
21.877975595119022	0.005375098704331921
21.92138427685537	0.00556695269508703
21.964792958591715	0.005729653653903016
22.008201640328064	0.005861891514202383
22.051610322064413	0.005962826499350898
22.095019003800758	0.006032086149727861
22.138427685537106	0.006069752563137382
22.181836367273455	0.00607634107927682
22.2252450490098	0.006052772322069938
22.26865373074615	0.006000339243716651
22.312062412482497	0.005920669315046284
22.355471094218842	0.0058156796430751945
22.39887977595519	0.005687521506363952
22.442288457691536	0.0055385135910443195
22.485697139427884	0.00537106937851714
22.529105821164233	0.005187627456682414
22.572514502900578	0.004990589881959967
22.615923184636927	0.004782267470493012
22.659331866373275	0.004564828945216343
22.70274054810962	0.004340253795805743
22.74614922984597	0.0041102919539898475
22.789557911582314	0.0038764340014326715
22.832966593318663	0.00363989437129128
22.87637527505501	0.0034016086365356857
22.919783956791356	0.0031622451106060046
22.963192638527705	0.002922230205398696
23.006601320264053	0.002681785885600335
23.0500100020004	0.00244097642233293
23.093418683736747	0.0021997612243019327
23.136827365473092	0.0019580510077723823
23.18023604720944	0.0017157652067444351
23.22364472894579	0.0014728884815602694
23.267053410682134	0.0012295234697092816
23.310462092418483	0.0009859362354240342
23.35387077415483	0.0007425908455454822
23.397279455891177	0.0005001702716699585
23.440688137627525	0.0002595820383924363
23.48409681936387	2.1948204969313156e-05
23.52750550110022	-0.00021141966425924918
23.570914182836567	-0.00043905851642370153
23.614322864572912	-0.0006594011667929445
23.65773154630926	-0.0008708283570859898
23.70114022804561	-0.0010717211961662199
23.744548909781955	-0.0012605107668605953
23.787957591518303	-0.00143572249763127
23.83136627325465	-0.001596013195746121
23.874774954990997	-0.0017401991490399726
23.918183636727345	-0.0018672748988733945
23.96159231846369	-0.0019764235765546423
24.00500100020004	-0.0020670201700506985
24.048409681936388	-0.0021386289866418273
24.091818363672733	-0.0021909972097855224
24.13522704540908	-0.0022240476270015963
24.178635727145426	-0.0022378724805179884
24.222044408881775	-0.0022327260911101376
24.265453090618124	-0.0022090117217514194
24.30886177235447	-0.002167262905656303
24.352270454090817	-0.0021081260610597286
24.395679135827166	-0.0020323502506468805
24.43908781756351	-0.0019407819455515563
24.48249649929986	-0.0018343576003652662
24.525905181036205	-0.0017140899047627112
24.569313862772553	-0.0015810498312035792
24.6127225445089	-0.001436349781922558
24.656131226245247	-0.0012811320836937645
24.699539907981595	-0.0011165634791504564
24.742948589717944	-0.0009438323807298699
24.78635727145429	-0.0007641443163242112
24.829765953190638	-0.0005787133579911174
24.873174634926983	-0.0003887509085780949
24.91658331666333	-0.0001954547218365188
24.95999199839968	0.0
