0.0	-0.7435487097419484
0.043408681736347265	-0.7393478695739151
0.08681736347269453	-0.7309461892378475
0.1302260452090418	-0.7169433886777359
0.17363472694538906	-0.6973394678935789
0.21704340868173633	-0.6735347069413882
0.2604520904180836	-0.6455291058211645
0.30386077215443086	-0.6119223844768955
0.3472694538907781	-0.5755151030206043
0.3906781356271254	-0.5349069813962792
0.43408681736347265	-0.4928985797159431
0.4774954990998199	-0.4466893378675736
0.5209041808361672	-0.399079815963193
0.5643128625725145	-0.3500700140028008
0.6077215443088617	-0.2996599319863975
0.651130226045209	-0.24924984996999422
0.6945389077815562	-0.1974394878975798
0.7379475895179035	-0.14562912582516496
0.7813562712542508	-0.09381876375275056
0.824764952990598	-0.043408681736347265
0.8681736347269453	0.007001400280056025
0.9115823164632926	0.056011202240447755
0.9549909981996398	0.10502100420083993
0.9983996799359871	0.15123024604920987
1.0418083616723344	0.19603920784156825
1.0852170434086816	0.2380476095219044
1.128625725145029	0.27585517103420676
1.1720344068813762	0.3108621724344869
1.2154430886177234	0.34306861372274433
1.2588517703540707	0.3738747749549911
1.302260452090418	0.40048009601920365
1.3456691338267652	0.4256851370274055
1.3890778155631125	0.4466893378675736
1.4324864972994598	0.464892978595719
1.475895179035807	0.48029605921184215
1.5193038607721543	0.4928985797159431
1.5627125425085016	0.5027005401080213
1.6061212242448488	0.5111022204440885
1.649529905981196	0.5153030606121223
1.6929385877175434	0.5167033406681334
1.7363472694538906	0.5167033406681334
1.7797559511902379	0.5153030606121223
1.8231646329265851	0.5097019403880774
1.8665733146629324	0.5041008201640329
1.9099819963992797	0.4956991398279653
1.953390678135627	0.48449689937987594
1.9967993598719742	0.4732946589317861
2.0402080416083215	0.4592918583716741
2.0836167233446687	0.44528905781156203
2.127025405081016	0.42848569713942775
2.1704340868173633	0.41168233646729346
2.2138427685537105	0.3934786957391476
2.257251450290058	0.3738747749549911
2.300660132026405	0.35427085417083415
2.3440688137627523	0.3332666533306661
2.3874774954990996	0.312262452490498
2.430886177235447	0.2898579715943188
2.474294858971794	0.26885377075415073
2.5177035407081414	0.24644928985797154
2.5611122224444887	0.22404480896179235
2.604520904180836	0.20304060812162428
2.647929585917183	0.1806361272254451
2.6913382676535305	0.159631926385277
2.7347469493898777	0.13862772554510894
2.778155631126225	0.11902380476095198
2.8215643128625723	0.0980196039207839
2.8649729945989195	0.0798159631926385
2.908381676335267	0.061612322464492664
2.951790358071614	0.043408681736347265
2.9951990398079613	0.02660532106421254
3.0386077215443086	0.009801960392078257
3.082016403280656	-0.005601120224044909
3.125425085017003	-0.021004200840168075
3.1688337667533504	-0.035007001400280124
3.2122424484896976	-0.049009801960392174
3.255651130226045	-0.06161232246449311
3.299059811962392	-0.07281456291258248
3.3424684936987394	-0.0840168033606723
3.3858771754350867	-0.09381876375275056
3.429285857171434	-0.10362072414482926
3.4726945389077812	-0.11342268453690751
3.5161032206441285	-0.12042408481696354
3.5595119023804758	-0.12882576515303068
3.602920584116823	-0.1358271654330867
3.6463292658531703	-0.14282856571314273
3.6897379475895176	-0.14842968593718764
3.733146629325865	-0.15403080616123255
3.776555311062212	-0.1582316463292659
3.8199639927985594	-0.1624324864972997
3.8633726745349066	-0.16663332666533304
3.906781356271254	-0.1694338867773557
3.950190038007601	-0.17363472694538906
3.9935987197439484	-0.17643528705741174
4.037007401480296	-0.17783556711342285
4.080416083216643	-0.1806361272254451
4.123824764952991	-0.1820364072814562
4.1672334466893375	-0.18343668733746776
4.210642128425685	-0.18483696739347888
4.254050810162032	-0.18483696739347888
4.29745949189838	-0.18623724744949
4.3408681736347265	-0.18623724744949
4.384276855371074	-0.18623724744949
4.427685537107421	-0.18623724744949
4.471094218843769	-0.18483696739347888
4.514502900580116	-0.18343668733746776
4.557911582316463	-0.18343668733746776
4.60132026405281	-0.1820364072814562
4.644728945789158	-0.1806361272254451
4.688137627525505	-0.17783556711342285
4.731546309261852	-0.17643528705741174
4.774954990998199	-0.17363472694538906
4.818363672734547	-0.17083416683336683
4.861772354470894	-0.1680336067213446
4.905181036207241	-0.1638327665533108
4.948589717943588	-0.16103220644128857
4.991998399679936	-0.15683136627325478
5.035407081416283	-0.15123024604920987
5.0788157631526305	-0.14702940588117652
5.122224444888977	-0.1414282856571316
5.165633126625325	-0.1358271654330867
5.209041808361672	-0.1302260452090418
5.25245049009802	-0.12462492498499733
5.295859171834366	-0.1176235247049413
5.339267853570714	-0.11062212442488528
5.382676535307061	-0.10362072414482926
5.426085217043409	-0.09521904380876167
5.4694938987797554	-0.08681736347269453
5.512902580516103	-0.07841568313662739
5.55631126225245	-0.06861372274454913
5.599719943988798	-0.05881176235247043
5.6431286257251445	-0.049009801960392174
5.686537307461492	-0.03780756151230236
5.729945989197839	-0.0280056011202241
5.773354670934187	-0.015403080616123166
5.816763352670534	-0.0042008401680337926
5.860172034406881	0.008401680336067141
5.903580716143228	0.019603920784156514
5.946989397879576	0.03220644128825745
5.990398079615923	0.04480896179235838
6.03380676135227	0.057411482296459315
6.077215443088617	0.07141428285657136
6.120624124824965	0.08401680336067185
6.164032806561312	0.09661932386477279
6.207441488297659	0.10922184436887372
6.250850170034006	0.1204240848169631
6.294258851770354	0.13302660532106403
6.337667533506701	0.14422884576915385
6.3810762152430485	0.15543108621724322
6.424484896979395	0.16663332666533304
6.467893578715743	0.1778355671134224
6.51130226045209	0.1876375275055011
6.5547109421884375	0.19603920784156825
6.598119623924784	0.2044408881776354
6.641528305661132	0.21284256851370253
6.684936987397479	0.21984396879375856
6.728345669133827	0.22544508901780347
6.771754350870173	0.23104620924184838
6.815163032606521	0.23524704940988173
6.858571714342868	0.23944788957791552
6.901980396079216	0.24084816963392663
6.9453890778155625	0.24224844968993775
6.98879775955191	0.24224844968993775
7.032206441288257	0.23944788957791552
7.075615123024605	0.23664732946589329
7.1190238047609515	0.2324464892978595
7.162432486497299	0.22684536907381458
7.205841168233646	0.22124424884976968
7.249249849969994	0.21284256851370253
7.292658531706341	0.20304060812162428
7.336067213442688	0.19323864772954558
7.379475895179035	0.1820364072814562
7.422884576915383	0.17083416683336639
7.46629325865173	0.15683136627325434
7.509701940388077	0.14282856571314273
7.553110622124424	0.12882576515303068
7.596519303860772	0.11342268453690707
7.639927985597119	0.0980196039207839
7.683336667333466	0.08121624324864962
7.726745349069813	0.06581316263252646
7.770154030806161	0.049009801960392174
7.813562712542508	0.030806161232246332
7.8569713942788555	0.01400280056011205
7.900380076015202	-0.0028005601120226764
7.94378875775155	-0.01960392078415696
7.987197439487897	-0.03640728145629124
8.030606121224244	-0.05321064212842597
8.074014802960592	-0.06861372274454913
8.117423484696939	-0.08541708341668341
8.160832166433286	-0.09941988397679546
8.204240848169633	-0.11482296459291863
8.247649529905981	-0.12882576515303068
8.291058211642328	-0.1414282856571316
8.334466893378675	-0.15403080616123255
8.377875575115022	-0.16523304660932192
8.42128425685137	-0.17503500700140018
8.464692938587717	-0.18483696739347888
8.508101620324064	-0.19323864772954602
8.55151030206041	-0.20024004800960205
8.59491898379676	-0.20724144828965807
8.638327665533106	-0.21144228845769186
8.681736347269453	-0.2156431286257252
8.7251450290058	-0.21844368873774744
8.768553710742149	-0.219843968793759
8.811962392478495	-0.219843968793759
8.855371074214842	-0.219843968793759
8.898779755951189	-0.21704340868173633
8.942188437687538	-0.2142428485697141
8.985597119423884	-0.2100420084016803
9.029005801160231	-0.20584116823364695
9.072414482896578	-0.20024004800960205
9.115823164632927	-0.19323864772954602
9.159231846369273	-0.18623724744949
9.20264052810562	-0.17783556711342285
9.246049209841967	-0.1694338867773557
9.289457891578316	-0.16103220644128857
9.332866573314663	-0.15123024604920987
9.37627525505101	-0.1400280056011205
9.419683936787356	-0.1302260452090418
9.463092618523705	-0.11902380476095242
9.506501300260052	-0.10642128425685149
9.549909981996398	-0.09521904380876167
9.593318663732745	-0.08261652330466118
9.636727345469094	-0.07141428285657136
9.68013602720544	-0.05881176235247043
9.723544708941787	-0.04620924184836994
9.766953390678134	-0.03360672134426901
9.810362072414483	-0.021004200840168075
9.85377075415083	-0.008401680336067141
9.897179435887177	0.0042008401680333485
9.940588117623523	0.016803360672134282
9.983996799359872	0.0280056011202241
10.027405481096219	0.03920784156831347
10.070814162832566	0.05041008201640329
10.114222844568912	0.061612322464492664
10.157631526305261	0.07141428285657136
10.201040208041608	0.08121624324864962
10.244448889777955	0.09101820364072788
10.287857571514301	0.09941988397679546
10.33126625325065	0.10642128425685105
10.374674934986997	0.11482296459291863
10.418083616723344	0.1204240848169631
10.46149229845969	0.126025205041008
10.50490098019604	0.1302260452090418
10.548309661932386	0.13442688537707514
10.591718343668733	0.13722744548909782
10.63512702540508	0.14002800560112005
10.678535707141428	0.14142828565713117
10.721944388877775	0.14142828565713117
10.765353070614122	0.14142828565713117
10.808761752350469	0.14002800560112005
10.852170434086817	0.13862772554510894
10.895579115823164	0.1358271654330867
10.938987797559511	0.1316263252650529
10.982396479295858	0.12742548509701912
11.025805161032206	0.12322464492898577
11.069213842768553	0.11762352470494086
11.1126225245049	0.11202240448089595
11.156031206241249	0.10642128425685105
11.199439887977595	0.09941988397679546
11.242848569713942	0.09381876375275056
11.286257251450289	0.08681736347269453
11.329665933186638	0.07841568313662739
11.373074614922984	0.07141428285657136
11.416483296659331	0.06441288257651534
11.459891978395678	0.056011202240447755
11.503300660132027	0.049009801960392174
11.546709341868373	0.04200840168033615
11.59011802360472	0.033606721344268564
11.633526705341067	0.02660532106421254
11.676935387077416	0.019603920784156514
11.720344068813763	0.01260252050410049
11.76375275055011	0.005601120224044909
11.807161432286456	0.0
11.850570114022805	-0.007001400280056025
11.893978795759152	-0.012602520504100934
11.937387477495498	-0.018203640728145842
11.980796159231845	-0.02380476095219075
12.024204840968194	-0.0280056011202241
12.06761352270454	-0.03360672134426901
12.111022204440888	-0.03780756151230236
12.154430886177234	-0.04200840168033615
12.197839567913583	-0.04480896179235838
12.24124824964993	-0.049009801960392174
12.284656931386277	-0.051810362072414406
12.328065613122623	-0.05461092218443708
12.371474294858972	-0.057411482296459315
12.414882976595319	-0.05881176235247043
12.458291658331666	-0.06161232246449311
12.501700340068012	-0.06301260252050422
12.545109021804361	-0.06441288257651534
12.588517703540708	-0.06581316263252646
12.631926385277055	-0.06581316263252646
12.675335067013402	-0.06721344268853802
12.71874374874975	-0.06721344268853802
12.762152430486097	-0.06721344268853802
12.805561112222444	-0.06721344268853802
12.84896979395879	-0.06721344268853802
12.89237847569514	-0.06721344268853802
12.935787157431486	-0.06721344268853802
12.979195839167833	-0.06581316263252646
13.02260452090418	-0.06581316263252646
13.066013202640528	-0.06441288257651534
13.109421884376875	-0.06441288257651534
13.152830566113222	-0.06301260252050422
13.196239247849569	-0.06161232246449311
13.239647929585917	-0.06021204240848199
13.283056611322264	-0.05881176235247043
13.326465293058611	-0.057411482296459315
13.369873974794958	-0.0560112022404482
13.413282656531306	-0.05461092218443708
13.456691338267653	-0.05321064212842597
13.500100020004	-0.051810362072414406
13.543508701740347	-0.05041008201640329
13.586917383476695	-0.049009801960392174
13.630326065213042	-0.04760952190438106
13.673734746949389	-0.04620924184836994
13.717143428685736	-0.04480896179235838
13.760552110422084	-0.043408681736347265
13.803960792158431	-0.04200840168033615
13.847369473894778	-0.03920784156831392
13.890778155631125	-0.03780756151230236
13.934186837367474	-0.03640728145629124
13.97759551910382	-0.035007001400280124
14.021004200840167	-0.03360672134426901
14.064412882576514	-0.03220644128825789
14.107821564312863	-0.029405881176235216
14.15123024604921	-0.0280056011202241
14.194638927785556	-0.026605321064212983
14.238047609521903	-0.02380476095219075
14.281456291258252	-0.02240448089617919
14.324864972994598	-0.021004200840168075
14.368273654730945	-0.018203640728145842
14.411682336467292	-0.016803360672134726
14.45509101820364	-0.01400280056011205
14.498499699939988	-0.012602520504100934
14.541908381676334	-0.009801960392078701
14.585317063412681	-0.007001400280056025
14.62872574514903	-0.005601120224044909
14.672134426885377	-0.0028005601120226764
14.715543108621723	0.0
14.75895179035807	0.0014002800560111162
14.802360472094419	0.0042008401680333485
14.845769153830766	0.007001400280056025
14.889177835567112	0.009801960392078257
14.93258651730346	0.011202240448089373
14.975995199039808	0.01400280056011205
15.019403880776155	0.015403080616123166
15.062812562512502	0.018203640728145398
15.106221244248848	0.021004200840168075
15.149629925985197	0.02240448089617919
15.193038607721544	0.023804760952190307
15.23644728945789	0.02660532106421254
15.279855971194237	0.0280056011202241
15.323264652930586	0.029405881176235216
15.366673334666933	0.03220644128825745
15.41008201640328	0.033606721344268564
15.453490698139627	0.035007001400280124
15.496899379875975	0.03640728145629124
15.540308061612322	0.03780756151230236
15.583716743348669	0.03780756151230236
15.627125425085016	0.03920784156831347
15.670534106821364	0.04060812162432459
15.713942788557711	0.04060812162432459
15.757351470294058	0.04060812162432459
15.800760152030405	0.04200840168033615
15.844168833766753	0.04200840168033615
15.8875775155031	0.04200840168033615
15.930986197239447	0.04200840168033615
15.974394878975794	0.04060812162432459
16.017803560712142	0.04060812162432459
16.061212242448487	0.03920784156831347
16.104620924184836	0.03920784156831347
16.148029605921185	0.03780756151230236
16.19143828765753	0.03640728145629124
16.234846969393878	0.033606721344268564
16.278255651130227	0.03220644128825745
16.321664332866572	0.030806161232246332
16.36507301460292	0.0280056011202241
16.408481696339265	0.025205041008201423
16.451890378075614	0.02240448089617919
16.495299059811963	0.019603920784156514
16.538707741548308	0.016803360672134282
16.582116423284656	0.01260252050410049
16.625525105021005	0.009801960392078257
16.66893378675735	0.005601120224044909
16.7123424684937	0.0014002800560111162
16.755751150230044	-0.0014002800560111162
16.799159831966392	-0.005601120224044909
16.84256851370274	-0.009801960392078701
16.885977195439086	-0.01400280056011205
16.929385877175434	-0.018203640728145842
16.972794558911783	-0.02240448089617919
17.016203240648128	-0.026605321064212983
17.059611922384477	-0.030806161232246776
17.10302060412082	-0.03360672134426901
17.14642928585717	-0.03780756151230236
17.18983796759352	-0.04060812162432503
17.233246649329864	-0.04480896179235838
17.276655331066213	-0.04760952190438106
17.32006401280256	-0.05041008201640329
17.363472694538906	-0.05321064212842597
17.406881376275255	-0.0560112022404482
17.4502900580116	-0.057411482296459315
17.49369873974795	-0.06021204240848199
17.537107421484297	-0.06161232246449311
17.580516103220642	-0.06301260252050422
17.62392478495699	-0.06301260252050422
17.66733346669334	-0.06441288257651534
17.710742148429684	-0.06441288257651534
17.754150830166033	-0.06441288257651534
17.797559511902378	-0.06441288257651534
17.840968193638727	-0.06441288257651534
17.884376875375075	-0.06301260252050422
17.92778555711142	-0.06161232246449311
17.97119423884777	-0.06161232246449311
18.014602920584117	-0.05881176235247043
18.058011602320462	-0.057411482296459315
18.10142028405681	-0.0560112022404482
18.144828965793156	-0.05321064212842597
18.188237647529505	-0.051810362072414406
18.231646329265853	-0.049009801960392174
18.2750550110022	-0.04620924184836994
18.318463692738547	-0.043408681736347265
18.361872374474896	-0.04060812162432503
18.40528105621124	-0.03780756151230236
18.44868973794759	-0.035007001400280124
18.492098419683934	-0.030806161232246776
18.535507101420283	-0.0280056011202241
18.57891578315663	-0.025205041008201867
18.622324464892976	-0.02240448089617919
18.665733146629325	-0.018203640728145842
18.709141828365674	-0.015403080616123166
18.75255051010202	-0.012602520504100934
18.795959191838367	-0.008401680336067141
18.839367873574712	-0.005601120224044909
18.88277655531106	-0.0028005601120226764
18.92618523704741	0.0
18.969593918783755	0.0028005601120222323
19.013002600520103	0.005601120224044909
19.05641128225645	0.008401680336067141
19.099819963992797	0.011202240448089373
19.143228645729145	0.01400280056011205
19.18663732746549	0.016803360672134282
19.23004600920184	0.018203640728145398
19.273454690938188	0.021004200840168075
19.316863372674533	0.02240448089617919
19.36027205441088	0.023804760952190307
19.40368073614723	0.025205041008201423
19.447089417883575	0.02660532106421254
19.490498099619924	0.0280056011202241
19.53390678135627	0.029405881176235216
19.577315463092617	0.030806161232246332
19.620724144828966	0.030806161232246332
19.66413282656531	0.030806161232246332
19.70754150830166	0.030806161232246332
19.750950190038008	0.030806161232246332
19.794358871774353	0.030806161232246332
19.8377675535107	0.030806161232246332
19.881176235247047	0.029405881176235216
19.924584916983395	0.029405881176235216
19.967993598719744	0.0280056011202241
20.01140228045609	0.02660532106421254
20.054810962192438	0.025205041008201423
20.098219643928786	0.023804760952190307
20.14162832566513	0.021004200840168075
20.18503700740148	0.019603920784156514
20.228445689137825	0.018203640728145398
20.271854370874173	0.015403080616123166
20.315263052610522	0.01400280056011205
20.358671734346867	0.011202240448089373
20.402080416083216	0.008401680336067141
20.445489097819564	0.007001400280056025
20.48889777955591	0.0042008401680333485
20.532306461292258	0.0014002800560111162
20.575715143028603	0.0
20.61912382476495	-0.0028005601120226764
20.6625325065013	-0.0042008401680337926
20.705941188237645	-0.007001400280056025
20.749349869973994	-0.009801960392078701
20.792758551710342	-0.011202240448089817
20.836167233446687	-0.012602520504100934
20.879575915183036	-0.015403080616123166
20.92298459691938	-0.016803360672134726
20.96639327865573	-0.018203640728145842
21.00980196039208	-0.01960392078415696
21.053210642128423	-0.021004200840168075
21.096619323864772	-0.02240448089617919
21.14002800560112	-0.02380476095219075
21.183436687337466	-0.025205041008201867
21.226845369073814	-0.026605321064212983
21.27025405081016	-0.026605321064212983
21.313662732546508	-0.0280056011202241
21.357071414282856	-0.0280056011202241
21.4004800960192	-0.029405881176235216
21.44388877775555	-0.029405881176235216
21.4872974594919	-0.029405881176235216
21.530706141228244	-0.029405881176235216
21.574114822964592	-0.029405881176235216
21.617523504700937	-0.029405881176235216
21.660932186437286	-0.029405881176235216
21.704340868173635	-0.029405881176235216
21.74774954990998	-0.029405881176235216
21.791158231646328	-0.029405881176235216
21.834566913382677	-0.029405881176235216
21.877975595119022	-0.0280056011202241
21.92138427685537	-0.0280056011202241
21.964792958591715	-0.0280056011202241
22.008201640328064	-0.026605321064212983
22.051610322064413	-0.026605321064212983
22.095019003800758	-0.026605321064212983
22.138427685537106	-0.025205041008201867
22.181836367273455	-0.025205041008201867
22.2252450490098	-0.02380476095219075
22.26865373074615	-0.02380476095219075
22.312062412482497	-0.02240448089617919
22.355471094218842	-0.021004200840168075
22.39887977595519	-0.021004200840168075
22.442288457691536	-0.01960392078415696
22.485697139427884	-0.01960392078415696
22.529105821164233	-0.018203640728145842
22.572514502900578	-0.018203640728145842
22.615923184636927	-0.016803360672134726
22.659331866373275	-0.016803360672134726
22.70274054810962	-0.015403080616123166
22.74614922984597	-0.015403080616123166
22.789557911582314	-0.01400280056011205
22.832966593318663	-0.01400280056011205
22.87637527505501	-0.01400280056011205
22.919783956791356	-0.012602520504100934
22.963192638527705	-0.012602520504100934
23.006601320264053	-0.011202240448089817
23.0500100020004	-0.011202240448089817
23.093418683736747	-0.011202240448089817
23.136827365473092	-0.009801960392078701
23.18023604720944	-0.009801960392078701
23.22364472894579	-0.008401680336067141
23.267053410682134	-0.008401680336067141
23.310462092418483	-0.008401680336067141
23.35387077415483	-0.007001400280056025
23.397279455891177	-0.007001400280056025
23.440688137627525	-0.007001400280056025
23.48409681936387	-0.005601120224044909
23.52750550110022	-0.005601120224044909
23.570914182836567	-0.005601120224044909
23.614322864572912	-0.005601120224044909
23.65773154630926	-0.0042008401680337926
23.70114022804561	-0.0042008401680337926
23.744548909781955	-0.0042008401680337926
23.787957591518303	-0.0028005601120226764
23.83136627325465	-0.0028005601120226764
23.874774954990997	-0.0028005601120226764
23.918183636727345	-0.0028005601120226764
23.96159231846369	-0.0014002800560111162
24.00500100020004	-0.0014002800560111162
24.048409681936388	-0.0014002800560111162
24.091818363672733	-0.0014002800560111162
24.13522704540908	0.0
24.178635727145426	0.0
24.222044408881775	0.0
24.265453090618124	0.0
24.30886177235447	0.0
24.352270454090817	0.0
24.395679135827166	0.0
24.43908781756351	0.0
24.48249649929986	0.0014002800560111162
24.525905181036205	0.0014002800560111162
24.569313862772553	0.0014002800560111162
24.6127225445089	0.0014002800560111162
24.656131226245247	0.0014002800560111162
24.699539907981595	0.0
24.742948589717944	0.0
24.78635727145429	0.0
24.829765953190638	0.0
24.873174634926983	0.0
24.91658331666333	0.0
24.95999199839968	0.0
