0.0	0.17923584716943375
0.043408681736347265	0.023804760952190307
0.08681736347269453	0.12322464492898577
0.1302260452090418	0.14002800560112005
0.17363472694538906	0.14422884576915362
0.21704340868173633	0.14422884576915362
0.2604520904180836	0.14002800560112005
0.30386077215443086	0.13442688537707537
0.3472694538907781	0.12742548509701934
0.3906781356271254	0.12042408481696332
0.43408681736347265	0.11062212442488484
0.4774954990998199	0.10082016403280636
0.5209041808361672	0.0910182036407281
0.5643128625725145	0.0798159631926385
0.6077215443088617	0.06861372274454869
0.651130226045209	0.05741148229645909
0.6945389077815562	0.04480896179235838
0.7379475895179035	0.033606721344268786
0.7813562712542508	0.02240448089617919
0.824764952990598	0.011202240448089595
0.8681736347269453	0.0014002800560111162
0.9115823164632926	-0.008401680336067363
0.9549909981996398	-0.018203640728145842
0.9983996799359871	-0.0280056011202241
1.0418083616723344	-0.035007001400280124
1.0852170434086816	-0.04200840168033615
1.128625725145029	-0.049009801960392174
1.1720344068813762	-0.053210642128425745
1.2154430886177234	-0.05881176235247065
1.2588517703540707	-0.06441288257651534
1.302260452090418	-0.07001400280056025
1.3456691338267652	-0.0728145629125827
1.3890778155631125	-0.07561512302460494
1.4324864972994598	-0.07841568313662739
1.475895179035807	-0.07981596319263873
1.5193038607721543	-0.07981596319263873
1.5627125425085016	-0.07981596319263873
1.6061212242448488	-0.07841568313662739
1.649529905981196	-0.07841568313662739
1.6929385877175434	-0.07561512302460494
1.7363472694538906	-0.07421484296859382
1.7797559511902379	-0.07141428285657136
1.8231646329265851	-0.06861372274454891
1.8665733146629324	-0.06581316263252668
1.9099819963992797	-0.06301260252050422
1.953390678135627	-0.06021204240848177
1.9967993598719742	-0.0560112022404482
2.0402080416083215	-0.053210642128425745
2.0836167233446687	-0.049009801960392174
2.127025405081016	-0.04620924184836972
2.1704340868173633	-0.04200840168033615
2.2138427685537105	-0.039207841568313695
2.257251450290058	-0.035007001400280124
2.300660132026405	-0.03220644128825767
2.3440688137627523	-0.029405881176235438
2.3874774954990996	-0.026605321064212983
2.430886177235447	-0.02380476095219053
2.474294858971794	-0.021004200840168075
2.5177035407081414	-0.018203640728145842
2.5611122224444887	-0.015403080616123388
2.604520904180836	-0.012602520504100934
2.647929585917183	-0.00980196039207848
2.6913382676535305	-0.005601120224044909
2.7347469493898777	0.0
2.778155631126225	0.007001400280055803
2.8215643128625723	0.012602520504100712
2.8649729945989195	0.015403080616123166
2.908381676335267	0.016803360672134282
2.951790358071614	0.016803360672134282
2.9951990398079613	0.015403080616123166
3.0386077215443086	0.014002800560111828
3.082016403280656	0.012602520504100712
3.125425085017003	0.011202240448089595
3.1688337667533504	0.011202240448089595
3.2122424484896976	0.009801960392078257
3.255651130226045	0.008401680336067141
3.299059811962392	0.008401680336067141
3.3424684936987394	0.008401680336067141
3.3858771754350867	0.008401680336067141
3.429285857171434	0.008401680336067141
3.4726945389077812	0.008401680336067141
3.5161032206441285	0.008401680336067141
3.5595119023804758	0.008401680336067141
3.602920584116823	0.009801960392078257
3.6463292658531703	0.009801960392078257
3.6897379475895176	0.008401680336067141
3.733146629325865	0.0028005601120222323
3.776555311062212	-0.00980196039207848
3.8199639927985594	-0.03640728145629146
3.8633726745349066	-0.0728145629125827
3.906781356271254	-0.10502100420084037
3.950190038007601	-0.1120224044808964
3.9935987197439484	-0.08681736347269475
4.037007401480296	-0.04340868173634749
4.080416083216643	0.0
4.123824764952991	0.03640728145629124
4.1672334466893375	0.061612322464492886
4.210642128425685	0.07841568313662717
4.254050810162032	0.08681736347269453
4.29745949189838	0.0910182036407281
4.3408681736347265	0.09241848369673922
4.384276855371074	0.08961792358471676
4.427685537107421	0.08681736347269453
4.471094218843769	0.08121624324864962
4.514502900580116	0.07561512302460471
4.557911582316463	0.07001400280056003
4.60132026405281	0.06441288257651512
4.644728945789158	0.05741148229645909
4.688137627525505	0.051810362072414406
4.731546309261852	0.0462092418483695
4.774954990998199	0.04060812162432481
4.818363672734547	0.0350070014002799
4.861772354470894	0.029405881176235216
4.905181036207241	0.025205041008201423
4.948589717943588	0.021004200840167853
4.991998399679936	0.015403080616123166
5.035407081416283	0.011202240448089595
5.0788157631526305	0.007001400280055803
5.122224444888977	0.0014002800560111162
5.165633126625325	-0.0028005601120224544
5.209041808361672	-0.005601120224044909
5.25245049009802	-0.008401680336067363
5.295859171834366	-0.00980196039207848
5.339267853570714	-0.011202240448089817
5.382676535307061	-0.011202240448089817
5.426085217043409	-0.011202240448089817
5.4694938987797554	-0.011202240448089817
5.512902580516103	-0.00980196039207848
5.55631126225245	-0.00980196039207848
5.599719943988798	-0.008401680336067363
5.6431286257251445	-0.007001400280056025
5.686537307461492	-0.007001400280056025
5.729945989197839	-0.005601120224044909
5.773354670934187	-0.005601120224044909
5.816763352670534	-0.0042008401680337926
5.860172034406881	-0.0042008401680337926
5.903580716143228	-0.0042008401680337926
5.946989397879576	-0.0042008401680337926
5.990398079615923	-0.0042008401680337926
6.03380676135227	-0.0042008401680337926
6.077215443088617	-0.0042008401680337926
6.120624124824965	-0.0042008401680337926
6.164032806561312	-0.005601120224044909
6.207441488297659	-0.005601120224044909
6.250850170034006	-0.007001400280056025
6.294258851770354	-0.007001400280056025
6.337667533506701	-0.008401680336067363
6.3810762152430485	-0.008401680336067363
6.424484896979395	-0.00980196039207848
6.467893578715743	-0.00980196039207848
6.51130226045209	-0.011202240448089817
6.5547109421884375	-0.011202240448089817
6.598119623924784	-0.012602520504100934
6.641528305661132	-0.012602520504100934
6.684936987397479	-0.01400280056011205
6.728345669133827	-0.01400280056011205
6.771754350870173	-0.01400280056011205
6.815163032606521	-0.015403080616123388
6.858571714342868	-0.015403080616123388
6.901980396079216	-0.015403080616123388
6.9453890778155625	-0.015403080616123388
6.98879775955191	-0.015403080616123388
7.032206441288257	-0.015403080616123388
7.075615123024605	-0.016803360672134504
7.1190238047609515	-0.016803360672134504
7.162432486497299	-0.016803360672134504
7.205841168233646	-0.018203640728145842
7.249249849969994	-0.018203640728145842
7.292658531706341	-0.018203640728145842
7.336067213442688	-0.01960392078415696
7.379475895179035	-0.01960392078415696
7.422884576915383	-0.01960392078415696
7.46629325865173	-0.021004200840168075
7.509701940388077	-0.021004200840168075
7.553110622124424	-0.021004200840168075
7.596519303860772	-0.021004200840168075
7.639927985597119	-0.021004200840168075
7.683336667333466	-0.021004200840168075
7.726745349069813	-0.021004200840168075
7.770154030806161	-0.021004200840168075
7.813562712542508	-0.021004200840168075
7.8569713942788555	-0.022404480896179413
7.900380076015202	-0.022404480896179413
7.94378875775155	-0.022404480896179413
7.987197439487897	-0.022404480896179413
8.030606121224244	-0.022404480896179413
8.074014802960592	-0.01960392078415696
8.117423484696939	-0.016803360672134504
8.160832166433286	-0.012602520504100934
8.204240848169633	-0.007001400280056025
8.247649529905981	-0.0028005601120224544
8.291058211642328	0.0028005601120222323
8.334466893378675	0.008401680336067141
8.377875575115022	0.014002800560111828
8.42128425685137	0.01820364072814562
8.464692938587717	0.02240448089617919
8.508101620324064	0.02660532106421276
8.55151030206041	0.029405881176235216
8.59491898379676	0.03220644128825745
8.638327665533106	0.0350070014002799
8.681736347269453	0.03780756151230236
8.7251450290058	0.03920784156831347
8.768553710742149	0.04060812162432481
8.811962392478495	0.04200840168033593
8.855371074214842	0.043408681736347265
8.898779755951189	0.043408681736347265
8.942188437687538	0.043408681736347265
8.985597119423884	0.043408681736347265
9.029005801160231	0.043408681736347265
9.072414482896578	0.043408681736347265
9.115823164632927	0.04200840168033593
9.159231846369273	0.04060812162432481
9.20264052810562	0.03920784156831347
9.246049209841967	0.03780756151230236
9.289457891578316	0.0350070014002799
9.332866573314663	0.033606721344268786
9.37627525505101	0.030806161232246332
9.419683936787356	0.029405881176235216
9.463092618523705	0.02660532106421276
9.506501300260052	0.023804760952190307
9.549909981996398	0.021004200840167853
9.593318663732745	0.01820364072814562
9.636727345469094	0.016803360672134282
9.68013602720544	0.014002800560111828
9.723544708941787	0.011202240448089595
9.766953390678134	0.008401680336067141
9.810362072414483	0.005601120224044687
9.85377075415083	0.0028005601120222323
9.897179435887177	0.0014002800560111162
9.940588117623523	-0.0014002800560113382
9.983996799359872	-0.0042008401680337926
10.027405481096219	-0.005601120224044909
10.070814162832566	-0.008401680336067363
10.114222844568912	-0.011202240448089817
10.157631526305261	-0.012602520504100934
10.201040208041608	-0.01400280056011205
10.244448889777955	-0.016803360672134504
10.287857571514301	-0.018203640728145842
10.33126625325065	-0.01960392078415696
10.374674934986997	-0.021004200840168075
10.418083616723344	-0.021004200840168075
10.46149229845969	-0.022404480896179413
10.50490098019604	-0.02380476095219053
10.548309661932386	-0.02380476095219053
10.591718343668733	-0.02380476095219053
10.63512702540508	-0.02380476095219053
10.678535707141428	-0.02380476095219053
10.721944388877775	-0.02380476095219053
10.765353070614122	-0.02380476095219053
10.808761752350469	-0.022404480896179413
10.852170434086817	-0.022404480896179413
10.895579115823164	-0.021004200840168075
10.938987797559511	-0.021004200840168075
10.982396479295858	-0.01960392078415696
11.025805161032206	-0.018203640728145842
11.069213842768553	-0.018203640728145842
11.1126225245049	-0.016803360672134504
11.156031206241249	-0.015403080616123388
11.199439887977595	-0.015403080616123388
11.242848569713942	-0.01400280056011205
11.286257251450289	-0.012602520504100934
11.329665933186638	-0.011202240448089817
11.373074614922984	-0.00980196039207848
11.416483296659331	-0.008401680336067363
11.459891978395678	-0.007001400280056025
11.503300660132027	-0.005601120224044909
11.546709341868373	-0.0042008401680337926
11.59011802360472	-0.0028005601120224544
11.633526705341067	-0.0014002800560113382
11.676935387077416	0.0
11.720344068813763	0.0
11.76375275055011	0.0014002800560111162
11.807161432286456	0.0014002800560111162
11.850570114022805	0.0028005601120222323
11.893978795759152	0.0042008401680335705
11.937387477495498	0.005601120224044687
11.980796159231845	0.007001400280055803
12.024204840968194	0.009801960392078257
12.06761352270454	0.012602520504100712
12.111022204440888	0.014002800560111828
12.154430886177234	0.016803360672134282
12.197839567913583	0.01820364072814562
12.24124824964993	0.01820364072814562
12.284656931386277	0.01820364072814562
12.328065613122623	0.01820364072814562
12.371474294858972	0.016803360672134282
12.414882976595319	0.014002800560111828
12.458291658331666	0.011202240448089595
12.501700340068012	0.008401680336067141
12.545109021804361	0.005601120224044687
12.588517703540708	0.0028005601120222323
12.631926385277055	0.0
12.675335067013402	-0.0028005601120224544
12.71874374874975	-0.0042008401680337926
12.762152430486097	-0.005601120224044909
12.805561112222444	-0.005601120224044909
12.84896979395879	-0.005601120224044909
12.89237847569514	-0.005601120224044909
12.935787157431486	-0.0042008401680337926
12.979195839167833	-0.0028005601120224544
13.02260452090418	-0.0014002800560113382
13.066013202640528	0.0014002800560111162
13.109421884376875	0.0028005601120222323
13.152830566113222	0.0042008401680335705
13.196239247849569	0.005601120224044687
13.239647929585917	0.007001400280055803
13.283056611322264	0.008401680336067141
13.326465293058611	0.009801960392078257
13.369873974794958	0.011202240448089595
13.413282656531306	0.011202240448089595
13.456691338267653	0.012602520504100712
13.500100020004	0.012602520504100712
13.543508701740347	0.014002800560111828
13.586917383476695	0.014002800560111828
13.630326065213042	0.014002800560111828
13.673734746949389	0.014002800560111828
13.717143428685736	0.014002800560111828
13.760552110422084	0.012602520504100712
13.803960792158431	0.012602520504100712
13.847369473894778	0.011202240448089595
13.890778155631125	0.011202240448089595
13.934186837367474	0.009801960392078257
13.97759551910382	0.008401680336067141
14.021004200840167	0.007001400280055803
14.064412882576514	0.007001400280055803
14.107821564312863	0.005601120224044687
14.15123024604921	0.0042008401680335705
14.194638927785556	0.0028005601120222323
14.238047609521903	0.0028005601120222323
14.281456291258252	0.0014002800560111162
14.324864972994598	0.0014002800560111162
14.368273654730945	0.0
14.411682336467292	0.0
14.45509101820364	-0.0014002800560113382
14.498499699939988	-0.0014002800560113382
14.541908381676334	-0.0028005601120224544
14.585317063412681	-0.0028005601120224544
14.62872574514903	-0.0028005601120224544
14.672134426885377	-0.0028005601120224544
14.715543108621723	-0.0028005601120224544
14.75895179035807	-0.0042008401680337926
14.802360472094419	-0.0042008401680337926
14.845769153830766	-0.0042008401680337926
14.889177835567112	-0.0042008401680337926
14.93258651730346	-0.0042008401680337926
14.975995199039808	-0.0042008401680337926
15.019403880776155	-0.0042008401680337926
15.062812562512502	-0.0042008401680337926
15.106221244248848	-0.0042008401680337926
15.149629925985197	-0.0042008401680337926
15.193038607721544	-0.0042008401680337926
15.23644728945789	-0.0042008401680337926
15.279855971194237	-0.0042008401680337926
15.323264652930586	-0.0042008401680337926
15.366673334666933	-0.0042008401680337926
15.41008201640328	-0.0042008401680337926
15.453490698139627	-0.0042008401680337926
15.496899379875975	-0.0042008401680337926
15.540308061612322	-0.0042008401680337926
15.583716743348669	-0.0042008401680337926
15.627125425085016	-0.0042008401680337926
15.670534106821364	-0.0042008401680337926
15.713942788557711	-0.0042008401680337926
15.757351470294058	-0.0028005601120224544
15.800760152030405	-0.0028005601120224544
15.844168833766753	-0.0028005601120224544
15.8875775155031	-0.0028005601120224544
15.930986197239447	-0.0028005601120224544
15.974394878975794	-0.0028005601120224544
16.017803560712142	-0.0028005601120224544
16.061212242448487	-0.0028005601120224544
16.104620924184836	-0.0014002800560113382
16.148029605921185	-0.0014002800560113382
16.19143828765753	-0.0014002800560113382
16.234846969393878	-0.0014002800560113382
16.278255651130227	-0.0014002800560113382
16.321664332866572	0.0
16.36507301460292	0.0
16.408481696339265	0.0
16.451890378075614	0.0
16.495299059811963	0.0
16.538707741548308	0.0
16.582116423284656	0.0
16.625525105021005	-0.0014002800560113382
16.66893378675735	-0.0014002800560113382
16.7123424684937	-0.0014002800560113382
16.755751150230044	-0.0014002800560113382
16.799159831966392	-0.0014002800560113382
16.84256851370274	-0.0014002800560113382
16.885977195439086	-0.0028005601120224544
16.929385877175434	-0.0028005601120224544
16.972794558911783	-0.0028005601120224544
17.016203240648128	-0.0014002800560113382
17.059611922384477	-0.0014002800560113382
17.10302060412082	-0.0014002800560113382
17.14642928585717	-0.0014002800560113382
17.18983796759352	0.0
17.233246649329864	0.0
17.276655331066213	0.0
17.32006401280256	0.0014002800560111162
17.363472694538906	0.0028005601120222323
17.406881376275255	0.0028005601120222323
17.4502900580116	0.0042008401680335705
17.49369873974795	0.0042008401680335705
17.537107421484297	0.005601120224044687
17.580516103220642	0.005601120224044687
17.62392478495699	0.007001400280055803
17.66733346669334	0.007001400280055803
17.710742148429684	0.008401680336067141
17.754150830166033	0.008401680336067141
17.797559511902378	0.008401680336067141
17.840968193638727	0.009801960392078257
17.884376875375075	0.009801960392078257
17.92778555711142	0.009801960392078257
17.97119423884777	0.009801960392078257
18.014602920584117	0.009801960392078257
18.058011602320462	0.011202240448089595
18.10142028405681	0.009801960392078257
18.144828965793156	0.009801960392078257
18.188237647529505	0.009801960392078257
18.231646329265853	0.009801960392078257
18.2750550110022	0.009801960392078257
18.318463692738547	0.009801960392078257
18.361872374474896	0.008401680336067141
18.40528105621124	0.008401680336067141
18.44868973794759	0.008401680336067141
18.492098419683934	0.007001400280055803
18.535507101420283	0.007001400280055803
18.57891578315663	0.007001400280055803
18.622324464892976	0.005601120224044687
18.665733146629325	0.005601120224044687
18.709141828365674	0.0042008401680335705
18.75255051010202	0.0042008401680335705
18.795959191838367	0.0028005601120222323
18.839367873574712	0.0028005601120222323
18.88277655531106	0.0014002800560111162
18.92618523704741	0.0014002800560111162
18.969593918783755	0.0
19.013002600520103	0.0
19.05641128225645	-0.0014002800560113382
19.099819963992797	-0.0014002800560113382
19.143228645729145	-0.0014002800560113382
19.18663732746549	-0.0028005601120224544
19.23004600920184	-0.0028005601120224544
19.273454690938188	-0.0042008401680337926
19.316863372674533	-0.0042008401680337926
19.36027205441088	-0.0042008401680337926
19.40368073614723	-0.0042008401680337926
19.447089417883575	-0.005601120224044909
19.490498099619924	-0.005601120224044909
19.53390678135627	-0.005601120224044909
19.577315463092617	-0.005601120224044909
19.620724144828966	-0.005601120224044909
19.66413282656531	-0.005601120224044909
19.70754150830166	-0.005601120224044909
19.750950190038008	-0.005601120224044909
19.794358871774353	-0.005601120224044909
19.8377675535107	-0.005601120224044909
19.881176235247047	-0.005601120224044909
19.924584916983395	-0.005601120224044909
19.967993598719744	-0.005601120224044909
20.01140228045609	-0.0042008401680337926
20.054810962192438	-0.0042008401680337926
20.098219643928786	-0.0042008401680337926
20.14162832566513	-0.0042008401680337926
20.18503700740148	-0.0028005601120224544
20.228445689137825	-0.0028005601120224544
20.271854370874173	-0.0028005601120224544
20.315263052610522	-0.0028005601120224544
20.358671734346867	-0.0028005601120224544
20.402080416083216	-0.0028005601120224544
20.445489097819564	-0.0028005601120224544
20.48889777955591	-0.0014002800560113382
20.532306461292258	-0.0014002800560113382
20.575715143028603	-0.0014002800560113382
20.61912382476495	-0.0014002800560113382
20.6625325065013	0.0
20.705941188237645	0.0
20.749349869973994	0.0
20.792758551710342	0.0014002800560111162
20.836167233446687	0.0014002800560111162
20.879575915183036	0.0028005601120222323
20.92298459691938	0.0028005601120222323
20.96639327865573	0.0042008401680335705
21.00980196039208	0.0042008401680335705
21.053210642128423	0.005601120224044687
21.096619323864772	0.005601120224044687
21.14002800560112	0.005601120224044687
21.183436687337466	0.005601120224044687
21.226845369073814	0.007001400280055803
21.27025405081016	0.007001400280055803
21.313662732546508	0.005601120224044687
21.357071414282856	0.005601120224044687
21.4004800960192	0.005601120224044687
21.44388877775555	0.005601120224044687
21.4872974594919	0.005601120224044687
21.530706141228244	0.0042008401680335705
21.574114822964592	0.0042008401680335705
21.617523504700937	0.0042008401680335705
21.660932186437286	0.0028005601120222323
21.704340868173635	0.0028005601120222323
21.74774954990998	0.0028005601120222323
21.791158231646328	0.0028005601120222323
21.834566913382677	0.0014002800560111162
21.877975595119022	0.0014002800560111162
21.92138427685537	0.0014002800560111162
21.964792958591715	0.0014002800560111162
22.008201640328064	0.0014002800560111162
22.051610322064413	0.0014002800560111162
22.095019003800758	0.0014002800560111162
22.138427685537106	0.0014002800560111162
22.181836367273455	0.0014002800560111162
22.2252450490098	0.0014002800560111162
22.26865373074615	0.0014002800560111162
22.312062412482497	0.0014002800560111162
22.355471094218842	0.0014002800560111162
22.39887977595519	0.0014002800560111162
22.442288457691536	0.0014002800560111162
22.485697139427884	0.0028005601120222323
22.529105821164233	0.0028005601120222323
22.572514502900578	0.0028005601120222323
22.615923184636927	0.0028005601120222323
22.659331866373275	0.0028005601120222323
22.70274054810962	0.0028005601120222323
22.74614922984597	0.0028005601120222323
22.789557911582314	0.0028005601120222323
22.832966593318663	0.0028005601120222323
22.87637527505501	0.0028005601120222323
22.919783956791356	0.0028005601120222323
22.963192638527705	0.0028005601120222323
23.006601320264053	0.0028005601120222323
23.0500100020004	0.0028005601120222323
23.093418683736747	0.0028005601120222323
23.136827365473092	0.0028005601120222323
23.18023604720944	0.0014002800560111162
23.22364472894579	0.0014002800560111162
23.267053410682134	0.0014002800560111162
23.310462092418483	0.0014002800560111162
23.35387077415483	0.0014002800560111162
23.397279455891177	0.0014002800560111162
23.440688137627525	0.0014002800560111162
23.48409681936387	0.0014002800560111162
23.52750550110022	0.0
23.570914182836567	0.0
23.614322864572912	0.0
23.65773154630926	0.0
23.70114022804561	0.0
23.744548909781955	0.0
23.787957591518303	0.0
23.83136627325465	0.0
23.874774954990997	0.0
23.918183636727345	0.0
23.96159231846369	0.0
24.00500100020004	0.0
24.048409681936388	0.0
24.091818363672733	0.0
24.13522704540908	0.0
24.178635727145426	0.0
24.222044408881775	0.0
24.265453090618124	0.0
24.30886177235447	0.0
24.352270454090817	0.0
24.395679135827166	0.0
24.43908781756351	0.0
24.48249649929986	0.0
24.525905181036205	0.0
24.569313862772553	0.0
24.6127225445089	0.0
24.656131226245247	0.0
24.699539907981595	0.0
24.742948589717944	0.0
24.78635727145429	0.0
24.829765953190638	0.0
24.873174634926983	0.0
24.91658331666333	0.0
24.95999199839968	0.0
