0.0	0.03836514253460818
0.043408681736347265	0.03821879983776602
0.08681736347269453	0.037821870692948956
0.1302260452090418	0.03718165465158396
0.17363472694538906	0.03630750991546042
0.21704340868173633	0.0352107730387686
0.2604520904180836	0.033904664129028816
0.30386077215443086	0.03240416950269123
0.3472694538907781	0.030725895543024823
0.3906781356271254	0.028887889654017562
0.43408681736347265	0.02690942733374982
0.4774954990998199	0.0248107695886855
0.5209041808361672	0.02261290247063985
0.5643128625725145	0.02033727994492085
0.6077215443088617	0.018005603852035035
0.651130226045209	0.01563969949470767
0.6945389077815562	0.01326161883391494
0.7379475895179035	0.010894432416590771
0.7813562712542508	0.00856621667715321
0.824764952990598	0.006321399422297452
0.8681736347269453	0.004193150516533101
0.9115823164632926	0.002082528450694149
0.9549909981996398	-0.0001582337142106427
0.9983996799359871	-0.002473475391609359
1.0418083616723344	-0.00470522218405664
1.0852170434086816	-0.006777637870736181
1.128625725145029	-0.008688917736225488
1.1720344068813762	-0.010452775458642566
1.2154430886177234	-0.012077678105724993
1.2588517703540707	-0.013567332077799171
1.302260452090418	-0.014923544408302541
1.3456691338267652	-0.016147654076043877
1.3890778155631125	-0.017241072800835006
1.4324864972994598	-0.018205478098065553
1.475895179035807	-0.01904287437512034
1.5193038607721543	-0.01975559990195644
1.5627125425085016	-0.02034631042916435
1.6061212242448488	-0.020817952773084014
1.649529905981196	-0.02117373495713315
1.6929385877175434	-0.021417097236881816
1.7363472694538906	-0.021551686916946894
1.7797559511902379	-0.02158133747820079
1.8231646329265851	-0.021510050048039686
1.8665733146629324	-0.021341974785997753
1.9099819963992797	-0.021081391715374737
1.953390678135627	-0.020732692774219602
1.9967993598719742	-0.02030036719621764
2.0402080416083215	-0.01978899095387132
2.0836167233446687	-0.019203219780157876
2.127025405081016	-0.018547785186616456
2.1704340868173633	-0.017827492913367965
2.2138427685537105	-0.017047222181726107
2.257251450290058	-0.016211922757527114
2.300660132026405	-0.015326607346858478
2.3440688137627523	-0.014396339738918795
2.3874774954990996	-0.013426221947885703
2.430886177235447	-0.012421383777368122
2.474294858971794	-0.011386975964546242
2.5177035407081414	-0.010328165605120787
2.5611122224444887	-0.00925013143673406
2.604520904180836	-0.008158056785537965
2.647929585917183	-0.007057119050152522
2.6913382676535305	-0.005952475871279922
2.7347469493898777	-0.0048492486643007815
2.778155631126225	-0.003752503396895618
2.8215643128625723	-0.0026672273246725886
2.8649729945989195	-0.0015983009051036834
2.908381676335267	-0.0005504672945643718
2.951790358071614	0.0004716926106901609
2.9951990398079613	0.0014637619930459589
3.0386077215443086	0.0024214343304765906
3.082016403280656	0.003340374070916169
3.125425085017003	0.004216049186786364
3.1688337667533504	0.005043801155058786
3.2122424484896976	0.005819553801587274
3.255651130226045	0.006541210107777057
3.299059811962392	0.007209886556338335
3.3424684936987394	0.007829554836268543
3.3858771754350867	0.008404498909884539
3.429285857171434	0.008935966493393899
3.4726945389077812	0.009420558044068134
3.5161032206441285	0.009851706136407234
3.5595119023804758	0.010223024714183404
3.602920584116823	0.010531000841486532
3.6463292658531703	0.010775590153277337
3.6897379475895176	0.010959190274433456
3.733146629325865	0.011085277253127496
3.776555311062212	0.011157523989628493
3.8199639927985594	0.01117947166839664
3.8633726745349066	0.01115448598776847
3.906781356271254	0.011085777139839187
3.950190038007601	0.010976408018977757
3.9935987197439484	0.010829294667368289
4.037007401480296	0.010647213341897388
4.080416083216643	0.010432816315549959
4.123824764952991	0.010188650540153166
4.1672334466893375	0.009917173025102616
4.210642128425685	0.009620759834435055
4.254050810162032	0.009301708594040725
4.29745949189838	0.00896223624405132
4.3408681736347265	0.00860447451892013
4.384276855371074	0.0082304655376578
4.427685537107421	0.007842159232637536
4.471094218843769	0.007441413524163248
4.514502900580116	0.007029997343242417
4.557911582316463	0.006609595710845545
4.60132026405281	0.0061818152485705324
4.644728945789158	0.00574818833094401
4.688137627525505	0.005310174870759465
4.731546309261852	0.004869161872920469
4.774954990998199	0.004426461729887171
4.818363672734547	0.003983310914729837
4.861772354470894	0.0035408718439046694
4.905181036207241	0.003100242018096805
4.948589717943588	0.002662474085086658
4.991998399679936	0.0022286043004203504
5.035407081416283	0.0017996717353243319
5.0788157631526305	0.0013766905451667588
5.122224444888977	0.0009605303535636933
5.165633126625325	0.0005516908872286175
5.209041808361672	0.00015003541747823923
5.25245049009802	-0.00024536229034835544
5.295859171834366	-0.0006360796588858186
5.339267853570714	-0.0010238491535093097
5.382676535307061	-0.0014098571215610811
5.426085217043409	-0.0017941696351540248
5.4694938987797554	-0.002175592702885809
5.512902580516103	-0.0025520340458384805
5.55631126225245	-0.002921153356678141
5.599719943988798	-0.003280968189779049
5.6431286257251445	-0.003630173916632784
5.686537307461492	-0.003968131504001271
5.729945989197839	-0.004294634584412121
5.773354670934187	-0.004609616850804993
5.816763352670534	-0.004912919032592944
5.860172034406881	-0.005204160306882422
5.903580716143228	-0.0054827016398347195
5.946989397879576	-0.005747665884422021
5.990398079615923	-0.0059979831122583815
6.03380676135227	-0.006232442961356943
6.077215443088617	-0.006449746874298168
6.120624124824965	-0.006648558236128782
6.164032806561312	-0.006827549102406044
6.207441488297659	-0.006985441371194612
6.250850170034006	-0.0071210400761878845
6.294258851770354	-0.007233257723392172
6.337667533506701	-0.007321130673275
6.3810762152430485	-0.00738383013464991
6.424484896979395	-0.007420670364482018
6.467893578715743	-0.007431115347389217
6.51130226045209	-0.007414783735429836
6.5547109421884375	-0.007371451184761901
6.598119623924784	-0.007301049466142823
6.641528305661132	-0.007203662193813909
6.684936987397479	-0.007079517267834234
6.728345669133827	-0.006928976311965512
6.771754350870173	-0.006752521781214271
6.815163032606521	-0.006550742833220324
6.858571714342868	-0.006324321061330462
6.901980396079216	-0.0060740167080231555
6.9453890778155625	-0.005800655496599139
6.98879775955191	-0.005505116198604776
7.032206441288257	-0.005188319412054027
7.075615123024605	-0.00485121832152921
7.1190238047609515	-0.004494792194911668
7.162432486497299	-0.004120043150144609
7.205841168233646	-0.0037279964641540597
7.249249849969994	-0.003319704293976461
7.292658531706341	-0.002896251759695212
7.336067213442688	-0.002458762648772289
7.379475895179035	-0.0020084000820727033
7.422884576915383	-0.0015463569958559797
7.46629325865173	-0.0010738343725917587
7.509701940388077	-0.0005920128696278726
7.553110622124424	-0.0001020343759333131
7.596519303860772	0.00039498048618469284
7.639927985597119	0.0008978516506626399
7.683336667333466	0.0014051820706672824
7.726745349069813	0.0019151402161107778
7.770154030806161	0.00242523892754809
7.813562712542508	0.002932196755527444
7.8569713942788555	0.003431966054734087
7.900380076015202	0.0039199673804079516
7.94378875775155	0.004391494176632982
7.987197439487897	0.004842180043165029
8.030606121224244	0.005268391777667941
8.074014802960592	0.005667441435053683
8.117423484696939	0.006037582002446307
8.160832166433286	0.006377825485293115
8.204240848169633	0.006687666603414522
8.247649529905981	0.006966799768039461
8.291058211642328	0.00721489220713728
8.334466893378675	0.007431441266211758
8.377875575115022	0.007615714974216259
8.42128425685137	0.007766758835467458
8.464692938587717	0.0078834474368914
8.508101620324064	0.007964562259800967
8.55151030206041	0.008008882282453528
8.59491898379676	0.008015277803223503
8.638327665533106	0.007982798499995614
8.681736347269453	0.007910744770625283
8.7251450290058	0.007798709550579042
8.768553710742149	0.007646579027023537
8.811962392478495	0.007454487149682776
8.855371074214842	0.0072227315176016105
8.898779755951189	0.006951675157835069
8.942188437687538	0.006641673240764728
8.985597119423884	0.006293066365000655
9.029005801160231	0.005906266615157418
9.072414482896578	0.005481932041212612
9.115823164632927	0.00502119114397695
9.159231846369273	0.004525856308803977
9.20264052810562	0.003998564791327736
9.246049209841967	0.0034428083514159713
9.289457891578316	0.002862846975279637
9.332866573314663	0.0022635324107175003
9.37627525505101	0.0016500826813188318
9.419683936787356	0.0010278488694204224
9.463092618523705	0.0004021070096134338
9.506501300260052	-0.00022210208832329492
9.549909981996398	-0.0008400711266802197
9.593318663732745	-0.0014474577157737034
9.636727345469094	-0.002040255064727381
9.68013602720544	-0.0026147214607806224
9.723544708941787	-0.0031672999102229926
9.766953390678134	-0.0036945640754632303
9.810362072414483	-0.004193219773282353
9.85377075415083	-0.004660173007253243
9.897179435887177	-0.005092651873483123
9.940588117623523	-0.005488349998866188
9.983996799359872	-0.005845551046145703
10.027405481096219	-0.006163199479051862
10.070814162832566	-0.00644089883415519
10.114222844568912	-0.006678838622782651
10.157631526305261	-0.006877667927951275
10.201040208041608	-0.007038343104919742
10.244448889777955	-0.007161977457407209
10.287857571514301	-0.007249714405032304
10.33126625325065	-0.007302636329321044
10.374674934986997	-0.007321712431079014
10.418083616723344	-0.007307782322566764
10.46149229845969	-0.007261568051696671
10.50490098019604	-0.007183705548579056
10.548309661932386	-0.007074786594599508
10.591718343668733	-0.006935403567279397
10.63512702540508	-0.006766190586243226
10.678535707141428	-0.006567855877998796
10.721944388877775	-0.006341201401294072
10.765353070614122	-0.006087127574514045
10.808761752350469	-0.005806623756982154
10.852170434086817	-0.00550074886543539
10.895579115823164	-0.005170610212184651
10.938987797559511	-0.004817350676205451
10.982396479295858	-0.004442153273214261
11.025805161032206	-0.0040462681860054805
11.069213842768553	-0.003631061964864235
11.1126225245049	-0.0031980834586936846
11.156031206241249	-0.0027491364958145137
11.199439887977595	-0.002286345791773975
11.242848569713942	-0.0018122018117459893
11.286257251450289	-0.0013295741732657351
11.329665933186638	-0.0008416905725035506
11.373074614922984	-0.0003520852179186018
11.416483296659331	0.0001354757872368273
11.459891978395678	0.0006170844288422017
11.503300660132027	0.0010887891181819709
11.546709341868373	0.0015466947463234626
11.59011802360472	0.001987058389459284
11.633526705341067	0.002406375814567291
11.676935387077416	0.002801455317503282
11.720344068813763	0.0031694764083620985
11.76375275055011	0.0035080316236775766
11.807161432286456	0.0038151507143383
11.850570114022805	0.004089307528341579
11.893978795759152	0.004329410777323794
11.937387477495498	0.004534780774684055
11.980796159231845	0.004705115642922392
12.024204840968194	0.0048404522160385155
12.06761352270454	0.004941127874795975
12.111022204440888	0.005007748790093414
12.154430886177234	0.005041167329158269
12.197839567913583	0.005042467644426424
12.24124824964993	0.005012955251886775
12.284656931386277	0.004954144933989019
12.328065613122623	0.0048677419124865395
12.371474294858972	0.004755613467420677
12.414882976595319	0.0046197511504082744
12.458291658331666	0.004462226506370903
12.501700340068012	0.004285145017621755
12.545109021804361	0.00409060341194975
12.588517703540708	0.00388065456309844
12.631926385277055	0.003657282409313317
12.675335067013402	0.0034223873025788776
12.71874374874975	0.003177780548584419
12.762152430486097	0.002925185854715656
12.805561112222444	0.0026662449893440354
12.84896979395879	0.00240252513757655
12.89237847569514	0.0021355260955402133
12.935787157431486	0.0018666862276816298
12.979195839167833	0.0015973865888588012
13.02260452090418	0.0013289527472359897
13.066013202640528	0.0010626541620853691
13.109421884376875	0.0007997018442716664
13.152830566113222	0.0005412458155471811
13.196239247849569	0.00028837351956584323
13.239647929585917	4.210891658107396e-05
13.283056611322264	-0.0001965891294876676
13.326465293058611	-0.0004268304000107359
13.369873974794958	-0.0006477988339955165
13.413282656531306	-0.0008587587664780072
13.456691338267653	-0.0010590604454071284
13.500100020004	-0.0012481445051278073
13.543508701740347	-0.0014255458918275843
13.586917383476695	-0.0015908964608717935
13.630326065213042	-0.0017439237507114458
13.673734746949389	-0.0018844449028038168
13.717143428685736	-0.002012358637100836
13.760552110422084	-0.0021276392499319507
13.803960792158431	-0.00223033287395491
13.847369473894778	-0.002320552672272852
13.890778155631125	-0.002398470549809878
13.934186837367474	-0.002464306200580052
13.97759551910382	-0.0025183157404659318
14.021004200840167	-0.002560781559946712
14.064412882576514	-0.0025920045640125122
14.107821564312863	-0.002612300217753799
14.15123024604921	-0.0026219995873411617
14.194638927785556	-0.002621455185687821
14.238047609521903	-0.002611049614895472
14.281456291258252	-0.002591203920323637
14.324864972994598	-0.0025623828029169016
14.368273654730945	-0.0025250950587224485
14.411682336467292	-0.0024798890582586886
14.45509101820364	-0.002427344144466048
14.498499699939988	-0.0023680593766567948
14.541908381676334	-0.0023026412424211606
14.585317063412681	-0.0022316919477762265
14.62872574514903	-0.0021557996689405556
14.672134426885377	-0.002075531658633001
14.715543108621723	-0.0019914304264668503
14.75895179035807	-0.001904012562006674
14.802360472094419	-0.0018137693354892126
14.845769153830766	-0.0017211680885582115
14.889177835567112	-0.0016266535755944944
14.93258651730346	-0.0015306486772607986
14.975995199039808	-0.00143355414826149
15.019403880776155	-0.0013357473137880493
15.062812562512502	-0.001237579964868174
15.106221244248848	-0.0011393760044762224
15.149629925985197	-0.0010414294482115338
15.193038607721544	-0.0009440031517959357
15.23644728945789	-0.000847328294843297
15.279855971194237	-0.0007516043922063675
15.323264652930586	-0.0006569995598860734
15.366673334666933	-0.0005636509471557694
15.41008201640328	-0.00047166550150334885
15.453490698139627	-0.00038112135586135243
15.496899379875975	-0.00029207010540957534
15.540308061612322	-0.00020454019916785193
15.583716743348669	-0.00011854161059324242
15.627125425085016	-3.4071744248631575e-05
15.670534106821364	4.887780981219225e-05
15.713942788557711	0.0001303143365257442
15.757351470294058	0.00021023757775509577
15.800760152030405	0.00028863441177773286
15.844168833766753	0.0003654749812725122
15.8875775155031	0.00044071019508307163
15.930986197239447	0.0005142699066398582
15.974394878975794	0.0005860608630841868
16.017803560712142	0.0006559644199164438
16.061212242448487	0.0007238353418529686
16.104620924184836	0.0007895028658775338
16.148029605921185	0.0008527732228580942
16.19143828765753	0.000913431430472067
16.234846969393878	0.0009712414862597385
16.278255651130227	0.0010259467194154437
16.321664332866572	0.0010772728878972737
16.36507301460292	0.0011249348189766029
16.408481696339265	0.0011686451777767892
16.451890378075614	0.0012081235932428769
16.495299059811963	0.001243105767015168
16.538707741548308	0.0012733533862890611
16.582116423284656	0.0012986652382541986
16.625525105021005	0.0013188883144585883
16.66893378675735	0.0013339263443438165
16.7123424684937	0.0013437430767239689
16.755751150230044	0.001348358705094449
16.799159831966392	0.0013478394759014467
16.84256851370274	0.0013422820393977353
16.885977195439086	0.0013317950704620218
16.929385877175434	0.0013164809911891395
16.972794558911783	0.0012964203793869866
17.016203240648128	0.0012716610661000494
17.059611922384477	0.0012422132190405555
17.10302060412082	0.0012080509527537253
17.14642928585717	0.0011691201615029456
17.18983796759352	0.001125351363991195
17.233246649329864	0.0010766755818791551
17.276655331066213	0.0010230409137157448
17.32006401280256	0.0009644276414102204
17.363472694538906	0.000900860319667518
17.406881376275255	0.0008324161107741423
17.4502900580116	0.0007592293914994164
17.49369873974795	0.0006814931942770164
17.537107421484297	0.0005994582922464742
17.580516103220642	0.0005134307843701891
17.62392478495699	0.0004237689784570564
17.66733346669334	0.0003308801474484757
17.710742148429684	0.000235217252804093
17.754150830166033	0.0001372751215163448
17.797559511902378	3.758514471016716e-05
17.840968193638727	-6.329247267522486e-05
17.884376875375075	-0.00016477950876200853
17.92778555711142	-0.00026629330470068213
17.97119423884777	-0.0003672616305520904
18.014602920584117	-0.00046713660375891086
18.058011602320462	-0.0005654062704267271
18.10142028405681	-0.0006616043903684976
18.144828965793156	-0.0007553196894263536
18.188237647529505	-0.0008462040868870147
18.231646329265853	-0.0009339770327134456
18.2750550110022	-0.0010184228294519149
18.318463692738547	-0.001099379885223517
18.361872374474896	-0.0011767234162815277
18.40528105621124	-0.0012503449450446125
18.44868973794759	-0.0013201327688554532
18.492098419683934	-0.001385957037381036
18.535507101420283	-0.0014476610392122058
18.57891578315663	-0.0015050578323287378
18.622324464892976	-0.0015579300473116953
18.665733146629325	-0.001606031076358344
18.709141828365674	-0.0016490870790031864
18.75255051010202	-0.0016868000988760068
18.795959191838367	-0.0017188525967149482
18.839367873574712	-0.0017449131907940063
18.88277655531106	-0.0017646429971038546
18.92618523704741	-0.001777702072134596
18.969593918783755	-0.0017837559903761957
19.013002600520103	-0.001782483096854387
19.05641128225645	-0.0017735830577813305
19.099819963992797	-0.0017567869661887225
19.143228645729145	-0.0017318687705545066
19.18663732746549	-0.0016986574716612857
19.23004600920184	-0.0016570493502616468
19.273454690938188	-0.0016070192759191082
19.316863372674533	-0.001548629948707747
19.36027205441088	-0.0014820380229655095
19.40368073614723	-0.0014074966098892305
19.447089417883575	-0.0013253544117414195
19.490498099619924	-0.001236052262350379
19.53390678135627	-0.0011401178461581951
19.577315463092617	-0.0010381588477153258
19.620724144828966	-0.0009308541809274762
19.66413282656531	-0.0008189431165704641
19.70754150830166	-0.0007032133883699832
19.750950190038008	-0.0005844903836564608
19.794358871774353	-0.0004636284775701993
19.8377675535107	-0.00034150285927109225
19.881176235247047	-0.00021899860547328065
19.924584916983395	-9.699515036598605e-05
19.967993598719744	2.3652503649246315e-05
20.01140228045609	0.00014213220577657948
20.054810962192438	0.0002576893079196674
20.098219643928786	0.00036963635157694075
20.14162832566513	0.00047735882877500413
20.18503700740148	0.000580318631451554
20.228445689137825	0.000678055667241384
20.271854370874173	0.0007701866720754846
20.315263052610522	0.0008563998707885601
20.358671734346867	0.0009364450688609249
20.402080416083216	0.0010101202546945742
20.445489097819564	0.0010772568969168173
20.48889777955591	0.0011377062906529622
20.532306461292258	0.0011913286463789141
20.575715143028603	0.0012379856757194774
20.61912382476495	0.0012775366897073426
20.6625325065013	0.0013098378131098931
20.705941188237645	0.0013347438017072555
20.749349869973994	0.0013521121024869798
20.792758551710342	0.0013618090346425582
20.836167233446687	0.001363717930828845
20.879575915183036	0.0013577486288027518
20.92298459691938	0.001343847190759917
20.96639327865573	0.0013220046333596858
21.00980196039208	0.001292263860289966
21.053210642128423	0.0012547245296807286
21.096619323864772	0.0012095458884225363
21.14002800560112	0.0011569477078720303
21.183436687337466	0.0010972096796048325
21.226845369073814	0.0010306700094261378
21.27025405081016	0.0009577240496906059
21.313662732546508	0.0008788233525000577
21.357071414282856	0.0007944748307817384
21.4004800960192	0.0007052390714749057
21.44388877775555	0.0006117261246051664
21.4872974594919	0.0005145868771768425
21.530706141228244	0.0004144999544012373
21.574114822964592	0.00031215769984668795
21.617523504700937	0.00020825649167202642
21.660932186437286	0.00010349353434177533
21.704340868173635	-1.4330256427330657e-06
21.74774954990998	-0.00010582577991197217
21.791158231646328	-0.00020899392918455328
21.834566913382677	-0.0003102620722109095
21.877975595119022	-0.0004089794265147162
21.92138427685537	-0.0005045279282474002
21.964792958591715	-0.0005963287781525495
22.008201640328064	-0.0006838474638920233
22.051610322064413	-0.0007665974473817783
22.095019003800758	-0.0008441428861681588
22.138427685537106	-0.0009161008194117082
22.181836367273455	-0.000982143001794611
22.2252450490098	-0.0010419971686655705
22.26865373074615	-0.0010954473341889537
22.312062412482497	-0.0011423329156980966
22.355471094218842	-0.0011825468144893714
22.39887977595519	-0.0012160327559126438
22.442288457691536	-0.0012427821606263434
22.485697139427884	-0.0012628307802245997
22.529105821164233	-0.0012762553865735549
22.572514502900578	-0.0012831708116662899
22.615923184636927	-0.0012837274357997974
22.659331866373275	-0.0012781089274134239
22.70274054810962	-0.0012665299328757373
22.74614922984597	-0.0012492335889285888
22.789557911582314	-0.001226488995081071
22.832966593318663	-0.0011985889430812802
22.87637527505501	-0.001165848059968555
22.919783956791356	-0.0011286008651914814
22.963192638527705	-0.001087198720931437
23.006601320264053	-0.0010420058056587744
23.0500100020004	-0.0009933965222319874
23.093418683736747	-0.0009417563315967381
23.136827365473092	-0.0008874834077685356
23.18023604720944	-0.0008309851277140123
23.22364472894579	-0.0007726668893555666
23.267053410682134	-0.000712918177783961
23.310462092418483	-0.0006521042723731663
23.35387077415483	-0.0005905687457254949
23.397279455891177	-0.0005286455737601725
23.440688137627525	-0.0004666741522180162
23.48409681936387	-0.0004050080280671442
23.52750550110022	-0.00034401083145188527
23.570914182836567	-0.00028404052907043953
23.614322864572912	-0.00022543055112250743
23.65773154630926	-0.00016847756738963549
23.70114022804561	-0.00011344018198353178
23.744548909781955	-6.054536585980985e-05
23.787957591518303	-9.995139098106787e-06
23.83136627325465	3.8032828374418015e-05
23.874774954990997	8.339131999385296e-05
23.918183636727345	0.00012597070228070884
23.96159231846369	0.0001656993747052582
24.00500100020004	0.0002025337821456863
24.048409681936388	0.00023644109442086392
24.091818363672733	0.00026738252729327505
24.13522704540908	0.0002953053813352091
24.178635727145426	0.0003201477719747825
24.222044408881775	0.00034185418757806674
24.265453090618124	0.00036039508549354227
24.30886177235447	0.000375781763989419
24.352270454090817	0.00038806973137023304
24.395679135827166	0.0003973490212865749
24.43908781756351	0.0004037260248746233
24.48249649929986	0.00040730564125823765
24.525905181036205	0.000408182760137904
24.569313862772553	0.0004064474697228204
24.6127225445089	0.00040220054385023407
24.656131226245247	0.0003955691493758018
24.699539907981595	0.00038671202489742873
24.742948589717944	0.0003758095619078028
24.78635727145429	0.0003630434850131481
24.829765953190638	0.0003485775079248854
24.873174634926983	0.0003325502868181396
24.91658331666333	0.0003150847193591766
24.95999199839968	0.00029630725958523785
25.003400680136025	0.0002763643921618042
25.046809361872374	0.00025542553491361697
25.090218043608722	0.00023367090680101454
25.133626725345067	0.00021127259480741012
25.177035407081416	0.0001883805150713902
25.22044408881776	0.00016512035522997515
25.26385277055411	0.0001416018628946636
25.307261452290458	0.00011792952383907207
25.350670134026803	9.420790315894934e-05
25.39407881576315	7.053964885386788e-05
25.4374874974995	4.7020221727062106e-05
25.480896179235845	2.37347412980482e-05
25.524304860972194	7.584703229646106e-07
25.56771354270854	-2.1841857446774915e-05
25.611122224444888	-4.400881343608054e-05
25.654530906181236	-6.56969860338974e-05
25.69793958791758	-8.687545279409403e-05
25.74134826965393	-0.00010752854291348757
25.78475695139028	-0.00012765480039270138
25.828165633126623	-0.00014726466372752545
25.871574314862972	-0.00016637749630468712
25.914982996599317	-0.00018501818443586449
25.958391678335666	-0.00020321263420619573
26.001800360072014	-0.0002209816182541513
26.04520904180836	-0.00023833420732846666
26.088617723544708	-0.0002552634597722536
26.132026405281056	-0.0002717462260574399
26.1754350870174	-0.0002877467345137885
26.21884376875375	-0.00030322200396706855
26.262252450490095	-0.00031812679979592584
26.305661132226444	-0.00033241678929396556
26.349069813962792	-0.00034605047086688767
26.392478495699137	-0.00035899185676285805
26.435887177435486	-0.0003712148872292709
26.479295859171835	-0.00038270767946538276
26.52270454090818	-0.00039347312198048656
26.56611322264453	-0.000403524042910941
26.609521904380873	-0.0004128746647397985
26.652930586117222	-0.00042153241827652677
26.69633926785357	-0.0004294942295252624
26.739747949589916	-0.0004367492762245573
26.783156631326264	-0.0004432862702966611
26.826565313062613	-0.0004490995667416897
26.869973994798958	-0.00045418888952733494
26.913382676535306	-0.0004585531985865643
26.95679135827165	-0.00046218448254442546
27.000200040008	-0.00046506607032198444
27.04360872174435	-0.0004671745989484888
27.087017403480694	-0.0004684820320111638
27.130426085217042	-0.00046895605759583736
27.17383476695339	-0.00046855982525559337
27.217243448689736	-0.000467252339198837
27.260652130426084	-0.0004649898086066806
27.30406081216243	-0.00046172759219939574
27.347469493898778	-0.00045742237709398004
27.390878175635127	-0.0004520344545409227
27.43428685737147	-0.00044553011078365956
27.47769553910782	-0.00043788415342679854
27.52110422084417	-0.0004290824251412806
27.564512902580514	-0.00041912392684290145
27.607921584316863	-0.00040802211316398607
27.651330266053208	-0.0003958051471337487
27.694738947789556	-0.0003825152417632205
27.738147629525905	-0.0003682074368928645
27.78155631126225	-0.0003529481532150991
27.8249649929986	-0.0003368136942366595
27.868373674734947	-0.0003198887581699339
27.911782356471292	-0.0003022649569457969
27.95519103820764	-0.0002840390650151736
27.998599719943986	-0.0002653107822336853
28.042008401680334	-0.000246180779494648
28.085417083416683	-0.0002267499825416297
28.128825765153028	-0.0002071186844589401
28.172234446889377	-0.00018738236639515016
28.215643128625725	-0.0001676247485847826
28.25905181036207	-0.00014791448350803815
28.30246049209842	-0.00012831102029911556
28.345869173834764	-0.0001088760916853615
28.389277855571112	-8.96803400534385e-05
28.43268653730746	-7.07986515082748e-05
28.476095219043806	-5.229843265741607e-05
28.519503900780155	-3.423083641701519e-05
28.562912582516503	-1.663110556121561e-05
28.60632126425285	4.7381115428346554e-07
28.649729945989197	1.7056884688948504e-05
28.693138627725542	3.3087210556892455e-05
28.73654730946189	4.8531588619560306e-05
28.77995599119824	6.335818008490479e-05
28.823364672934584	7.753771249702224e-05
28.866773354670933	9.10397324563883e-05
28.91018203640728	0.00010382534685163258
28.953590718143627	0.00011584092498664877
28.996999399879975	0.00012701666950915014
29.04040808161632	0.00013727018842235594
29.08381676335267	0.000146511873447025
29.127225445089017	0.0001546488953352576
29.170634126825362	0.00016158706392552236
29.21404280856171	0.00016723186298603365
29.25745149029806	0.00017149023077178693
29.300860172034405	0.0001742736445294324
29.344268853770753	0.00017550193790419333
29.3876775355071	0.00017510683544999517
29.431086217243447	0.0001730345443624881
29.474494898979795	0.00016924739504450836
29.51790358071614	0.00016372487237195643
29.56131226245249	0.00015646429968871334
29.604720944188838	0.00014748121568863848
29.648129625925183	0.0001368093551343541
29.69153830766153	0.00012450011285394802
29.734946989397876	0.00011062146544527085
29.778355671134225	9.525663784479277e-05
29.821764352870574	7.850306358597736e-05
29.86517303460692	6.047183722407423e-05
29.908581716343267	4.128694447963488e-05
29.951990398079616	2.1082932954136213e-05
29.99539907981596	0.0
