0.0	-0.16103220644128813
0.043408681736347265	-0.16103220644128813
0.08681736347269453	-0.159631926385277
0.1302260452090418	-0.1582316463292659
0.17363472694538906	-0.15683136627325434
0.21704340868173633	-0.1540308061612321
0.2604520904180836	-0.15123024604920987
0.30386077215443086	-0.1484296859371872
0.3472694538907781	-0.14422884576915385
0.3906781356271254	-0.14002800560112005
0.43408681736347265	-0.13582716543308626
0.4774954990998199	-0.1302260452090418
0.5209041808361672	-0.126025205041008
0.5643128625725145	-0.11902380476095198
0.6077215443088617	-0.11342268453690707
0.651130226045209	-0.1078215643128626
0.6945389077815562	-0.10082016403280658
0.7379475895179035	-0.09381876375275056
0.7813562712542508	-0.08541708341668297
0.824764952990598	-0.07841568313662695
0.8681736347269453	-0.0700140028005598
0.9115823164632926	-0.061612322464492664
0.9549909981996398	-0.05321064212842552
0.9983996799359871	-0.043408681736347265
1.0418083616723344	-0.03500700140027968
1.0852170434086816	-0.025205041008201423
1.128625725145029	-0.015403080616123166
1.1720344068813762	-0.005601120224044465
1.2154430886177234	0.0042008401680337926
1.2588517703540707	0.01400280056011205
1.302260452090418	0.02380476095219075
1.3456691338267652	0.03360672134426901
1.3890778155631125	0.043408681736347265
1.4324864972994598	0.05321064212842597
1.475895179035807	0.06301260252050422
1.5193038607721543	0.07281456291258248
1.5627125425085016	0.08121624324865007
1.6061212242448488	0.09101820364072832
1.649529905981196	0.09941988397679546
1.6929385877175434	0.1078215643128626
1.7363472694538906	0.11622324464892975
1.7797559511902379	0.12462492498499733
1.8231646329265851	0.13162632526505336
1.8665733146629324	0.13862772554510938
1.9099819963992797	0.1456291258251654
1.953390678135627	0.15123024604920987
1.9967993598719742	0.15683136627325478
2.0402080416083215	0.16103220644128857
2.0836167233446687	0.16523304660932192
2.127025405081016	0.1694338867773557
2.1704340868173633	0.17223444688937795
2.2138427685537105	0.17363472694538906
2.257251450290058	0.17503500700140062
2.300660132026405	0.17643528705741174
2.3440688137627523	0.17643528705741174
2.3874774954990996	0.17503500700140062
2.430886177235447	0.17363472694538906
2.474294858971794	0.17083416683336683
2.5177035407081414	0.1680336067213446
2.5611122224444887	0.16523304660932192
2.604520904180836	0.16103220644128857
2.647929585917183	0.15543108621724366
2.6913382676535305	0.14982996599319875
2.7347469493898777	0.14282856571314273
2.778155631126225	0.1358271654330867
2.8215643128625723	0.12882576515303068
2.8649729945989195	0.12042408481696354
2.908381676335267	0.1120224044808964
2.951790358071614	0.10222044408881814
2.9951990398079613	0.09241848369673944
3.0386077215443086	0.08261652330466118
3.082016403280656	0.07141428285657136
3.125425085017003	0.06161232246449311
3.1688337667533504	0.05041008201640329
3.2122424484896976	0.03920784156831392
3.255651130226045	0.0280056011202241
3.299059811962392	0.01540308061612361
3.3424684936987394	0.0042008401680337926
3.3858771754350867	-0.007001400280056025
3.429285857171434	-0.019603920784156514
3.4726945389077812	-0.030806161232246332
3.5161032206441285	-0.042008401680335705
3.5595119023804758	-0.05321064212842552
3.602920584116823	-0.06441288257651534
3.6463292658531703	-0.0742148429685936
3.6897379475895176	-0.08401680336067185
3.733146629325865	-0.09381876375275056
3.776555311062212	-0.10362072414482881
3.8199639927985594	-0.11202240448089595
3.8633726745349066	-0.11902380476095198
3.906781356271254	-0.126025205041008
3.950190038007601	-0.13302660532106403
3.9935987197439484	-0.13862772554510894
4.037007401480296	-0.14282856571314229
4.080416083216643	-0.14702940588117608
4.123824764952991	-0.1498299659931983
4.1672334466893375	-0.152630526105221
4.210642128425685	-0.1540308061612321
4.254050810162032	-0.1540308061612321
4.29745949189838	-0.1540308061612321
4.3408681736347265	-0.152630526105221
4.384276855371074	-0.15123024604920987
4.427685537107421	-0.14702940588117608
4.471094218843769	-0.14422884576915385
4.514502900580116	-0.13862772554510894
4.557911582316463	-0.13442688537707514
4.60132026405281	-0.12742548509701912
4.644728945789158	-0.12182436487297421
4.688137627525505	-0.11342268453690707
4.731546309261852	-0.10642128425685105
4.774954990998199	-0.0980196039207839
4.818363672734547	-0.08821764352870565
4.861772354470894	-0.0798159631926385
4.905181036207241	-0.0700140028005598
4.948589717943588	-0.06021204240848155
4.991998399679936	-0.05041008201640329
5.035407081416283	-0.04060812162432459
5.0788157631526305	-0.029405881176235216
5.122224444888977	-0.019603920784156514
5.165633126625325	-0.009801960392078257
5.209041808361672	0.0014002800560115602
5.25245049009802	0.011202240448089817
5.295859171834366	0.021004200840168075
5.339267853570714	0.030806161232246776
5.382676535307061	0.04060812162432503
5.426085217043409	0.049009801960392174
5.4694938987797554	0.057411482296459315
5.512902580516103	0.0658131626325269
5.55631126225245	0.07421484296859404
5.599719943988798	0.08121624324865007
5.6431286257251445	0.08821764352870609
5.686537307461492	0.09521904380876212
5.729945989197839	0.10082016403280658
5.773354670934187	0.10642128425685149
5.816763352670534	0.11062212442488528
5.860172034406881	0.11482296459291863
5.903580716143228	0.1176235247049413
5.946989397879576	0.12182436487297466
5.990398079615923	0.12322464492898577
6.03380676135227	0.12462492498499733
6.077215443088617	0.12602520504100845
6.120624124824965	0.12602520504100845
6.164032806561312	0.12602520504100845
6.207441488297659	0.12602520504100845
6.250850170034006	0.12462492498499733
6.294258851770354	0.12182436487297466
6.337667533506701	0.11902380476095242
6.3810762152430485	0.11622324464892975
6.424484896979395	0.11342268453690751
6.467893578715743	0.10922184436887417
6.51130226045209	0.10362072414482926
6.5547109421884375	0.09941988397679546
6.598119623924784	0.09381876375275056
6.641528305661132	0.08821764352870609
6.684936987397479	0.08121624324865007
6.728345669133827	0.07561512302460516
6.771754350870173	0.06861372274454913
6.815163032606521	0.06161232246449311
6.858571714342868	0.05461092218443708
6.901980396079216	0.04760952190438106
6.9453890778155625	0.04060812162432503
6.98879775955191	0.03220644128825789
7.032206441288257	0.025205041008201867
7.075615123024605	0.018203640728145842
7.1190238047609515	0.011202240448089817
7.162432486497299	0.0028005601120226764
7.205841168233646	-0.0042008401680333485
7.249249849969994	-0.009801960392078257
7.292658531706341	-0.016803360672134282
7.336067213442688	-0.02240448089617919
7.379475895179035	-0.028005601120223655
7.422884576915383	-0.033606721344268564
7.46629325865173	-0.03920784156831347
7.509701940388077	-0.043408681736347265
7.553110622124424	-0.04900980196039173
7.596519303860772	-0.051810362072414406
7.639927985597119	-0.056011202240447755
7.683336667333466	-0.05881176235247043
7.726745349069813	-0.061612322464492664
7.770154030806161	-0.06441288257651534
7.813562712542508	-0.06581316263252646
7.8569713942788555	-0.06721344268853757
7.900380076015202	-0.06861372274454869
7.94378875775155	-0.0700140028005598
7.987197439487897	-0.0700140028005598
8.030606121224244	-0.0700140028005598
8.074014802960592	-0.0700140028005598
8.117423484696939	-0.06861372274454869
8.160832166433286	-0.06721344268853757
8.204240848169633	-0.06721344268853757
8.247649529905981	-0.06581316263252646
8.291058211642328	-0.06301260252050378
8.334466893378675	-0.061612322464492664
8.377875575115022	-0.05881176235247043
8.42128425685137	-0.056011202240447755
8.464692938587717	-0.05461092218443664
8.508101620324064	-0.051810362072414406
8.55151030206041	-0.047609521904380614
8.59491898379676	-0.04480896179235838
8.638327665533106	-0.042008401680335705
8.681736347269453	-0.03920784156831347
8.7251450290058	-0.03500700140027968
8.768553710742149	-0.03220644128825745
8.811962392478495	-0.028005601120223655
8.855371074214842	-0.025205041008201423
8.898779755951189	-0.021004200840168075
8.942188437687538	-0.018203640728145398
8.985597119423884	-0.01400280056011205
9.029005801160231	-0.011202240448089373
9.072414482896578	-0.008401680336067141
9.115823164632927	-0.0042008401680333485
9.159231846369273	-0.0014002800560111162
9.20264052810562	0.0014002800560115602
9.246049209841967	0.0042008401680337926
9.289457891578316	0.008401680336067585
9.332866573314663	0.011202240448089817
9.37627525505101	0.01400280056011205
9.419683936787356	0.01540308061612361
9.463092618523705	0.018203640728145842
9.506501300260052	0.021004200840168075
9.549909981996398	0.022404480896179635
9.593318663732745	0.025205041008201867
9.636727345469094	0.026605321064212983
9.68013602720544	0.0280056011202241
9.723544708941787	0.030806161232246776
9.766953390678134	0.03220644128825789
9.810362072414483	0.03360672134426901
9.85377075415083	0.035007001400280124
9.897179435887177	0.035007001400280124
9.940588117623523	0.03640728145629124
9.983996799359872	0.0378075615123028
10.027405481096219	0.0378075615123028
10.070814162832566	0.03920784156831392
10.114222844568912	0.03920784156831392
10.157631526305261	0.03920784156831392
10.201040208041608	0.04060812162432503
10.244448889777955	0.04060812162432503
10.287857571514301	0.04060812162432503
10.33126625325065	0.04060812162432503
10.374674934986997	0.04060812162432503
10.418083616723344	0.03920784156831392
10.46149229845969	0.03920784156831392
10.50490098019604	0.03920784156831392
10.548309661932386	0.03920784156831392
10.591718343668733	0.0378075615123028
10.63512702540508	0.0378075615123028
10.678535707141428	0.03640728145629124
10.721944388877775	0.035007001400280124
10.765353070614122	0.035007001400280124
10.808761752350469	0.03360672134426901
10.852170434086817	0.03220644128825789
10.895579115823164	0.030806161232246776
10.938987797559511	0.029405881176235216
10.982396479295858	0.0280056011202241
11.025805161032206	0.026605321064212983
11.069213842768553	0.025205041008201867
11.1126225245049	0.02380476095219075
11.156031206241249	0.021004200840168075
11.199439887977595	0.01960392078415696
11.242848569713942	0.018203640728145842
11.286257251450289	0.016803360672134726
11.329665933186638	0.01400280056011205
11.373074614922984	0.012602520504100934
11.416483296659331	0.009801960392078701
11.459891978395678	0.008401680336067585
11.503300660132027	0.005601120224044909
11.546709341868373	0.0042008401680337926
11.59011802360472	0.0014002800560115602
11.633526705341067	0.0
11.676935387077416	-0.0014002800560111162
11.720344068813763	-0.0042008401680333485
11.76375275055011	-0.005601120224044465
11.807161432286456	-0.008401680336067141
11.850570114022805	-0.009801960392078257
11.893978795759152	-0.01260252050410049
11.937387477495498	-0.01400280056011205
11.980796159231845	-0.015403080616123166
12.024204840968194	-0.016803360672134282
12.06761352270454	-0.019603920784156514
12.111022204440888	-0.021004200840168075
12.154430886177234	-0.02240448089617919
12.197839567913583	-0.023804760952190307
12.24124824964993	-0.025205041008201423
12.284656931386277	-0.02660532106421254
12.328065613122623	-0.02660532106421254
12.371474294858972	-0.028005601120223655
12.414882976595319	-0.029405881176235216
12.458291658331666	-0.029405881176235216
12.501700340068012	-0.030806161232246332
12.545109021804361	-0.030806161232246332
12.588517703540708	-0.030806161232246332
12.631926385277055	-0.030806161232246332
12.675335067013402	-0.030806161232246332
12.71874374874975	-0.030806161232246332
12.762152430486097	-0.030806161232246332
12.805561112222444	-0.030806161232246332
12.84896979395879	-0.030806161232246332
12.89237847569514	-0.029405881176235216
12.935787157431486	-0.029405881176235216
12.979195839167833	-0.028005601120223655
13.02260452090418	-0.02660532106421254
13.066013202640528	-0.02660532106421254
13.109421884376875	-0.025205041008201423
13.152830566113222	-0.023804760952190307
13.196239247849569	-0.02240448089617919
13.239647929585917	-0.019603920784156514
13.283056611322264	-0.018203640728145398
13.326465293058611	-0.016803360672134282
13.369873974794958	-0.015403080616123166
13.413282656531306	-0.01260252050410049
13.456691338267653	-0.011202240448089373
13.500100020004	-0.008401680336067141
13.543508701740347	-0.007001400280056025
13.586917383476695	-0.0042008401680333485
13.630326065213042	-0.0014002800560111162
13.673734746949389	0.0
13.717143428685736	0.0028005601120226764
13.760552110422084	0.005601120224044909
13.803960792158431	0.008401680336067585
13.847369473894778	0.009801960392078701
13.890778155631125	0.012602520504100934
13.934186837367474	0.01540308061612361
13.97759551910382	0.016803360672134726
14.021004200840167	0.01960392078415696
14.064412882576514	0.021004200840168075
14.107821564312863	0.02380476095219075
14.15123024604921	0.025205041008201867
14.194638927785556	0.026605321064212983
14.238047609521903	0.0280056011202241
14.281456291258252	0.029405881176235216
14.324864972994598	0.030806161232246776
14.368273654730945	0.03220644128825789
14.411682336467292	0.03360672134426901
14.45509101820364	0.035007001400280124
14.498499699939988	0.035007001400280124
14.541908381676334	0.035007001400280124
14.585317063412681	0.03640728145629124
14.62872574514903	0.03640728145629124
14.672134426885377	0.03640728145629124
14.715543108621723	0.03640728145629124
14.75895179035807	0.035007001400280124
14.802360472094419	0.035007001400280124
14.845769153830766	0.03360672134426901
14.889177835567112	0.03360672134426901
14.93258651730346	0.03220644128825789
14.975995199039808	0.030806161232246776
15.019403880776155	0.029405881176235216
15.062812562512502	0.0280056011202241
15.106221244248848	0.026605321064212983
15.149629925985197	0.025205041008201867
15.193038607721544	0.022404480896179635
15.23644728945789	0.021004200840168075
15.279855971194237	0.01960392078415696
15.323264652930586	0.016803360672134726
15.366673334666933	0.01540308061612361
15.41008201640328	0.012602520504100934
15.453490698139627	0.011202240448089817
15.496899379875975	0.008401680336067585
15.540308061612322	0.007001400280056025
15.583716743348669	0.0042008401680337926
15.627125425085016	0.0014002800560115602
15.670534106821364	0.0
15.713942788557711	-0.0028005601120222323
15.757351470294058	-0.0042008401680333485
15.800760152030405	-0.005601120224044465
15.844168833766753	-0.008401680336067141
15.8875775155031	-0.009801960392078257
15.930986197239447	-0.011202240448089373
15.974394878975794	-0.01260252050410049
16.017803560712142	-0.015403080616123166
16.061212242448487	-0.016803360672134282
16.104620924184836	-0.018203640728145398
16.148029605921185	-0.018203640728145398
16.19143828765753	-0.019603920784156514
16.234846969393878	-0.021004200840168075
16.278255651130227	-0.02240448089617919
16.321664332866572	-0.02240448089617919
16.36507301460292	-0.023804760952190307
16.408481696339265	-0.023804760952190307
16.451890378075614	-0.023804760952190307
16.495299059811963	-0.023804760952190307
16.538707741548308	-0.023804760952190307
16.582116423284656	-0.023804760952190307
16.625525105021005	-0.023804760952190307
16.66893378675735	-0.023804760952190307
16.7123424684937	-0.02240448089617919
16.755751150230044	-0.02240448089617919
16.799159831966392	-0.021004200840168075
16.84256851370274	-0.021004200840168075
16.885977195439086	-0.019603920784156514
16.929385877175434	-0.018203640728145398
16.972794558911783	-0.018203640728145398
17.016203240648128	-0.016803360672134282
17.059611922384477	-0.015403080616123166
17.10302060412082	-0.01400280056011205
17.14642928585717	-0.01260252050410049
17.18983796759352	-0.011202240448089373
17.233246649329864	-0.009801960392078257
17.276655331066213	-0.008401680336067141
17.32006401280256	-0.005601120224044465
17.363472694538906	-0.0042008401680333485
17.406881376275255	-0.0028005601120222323
17.4502900580116	-0.0014002800560111162
17.49369873974795	0.0
17.537107421484297	0.0014002800560115602
17.580516103220642	0.0028005601120226764
17.62392478495699	0.0042008401680337926
17.66733346669334	0.005601120224044909
17.710742148429684	0.007001400280056025
17.754150830166033	0.008401680336067585
17.797559511902378	0.009801960392078701
17.840968193638727	0.011202240448089817
17.884376875375075	0.011202240448089817
17.92778555711142	0.012602520504100934
17.97119423884777	0.01400280056011205
18.014602920584117	0.01400280056011205
18.058011602320462	0.01540308061612361
18.10142028405681	0.01540308061612361
18.144828965793156	0.016803360672134726
18.188237647529505	0.016803360672134726
18.231646329265853	0.016803360672134726
18.2750550110022	0.018203640728145842
18.318463692738547	0.018203640728145842
18.361872374474896	0.018203640728145842
18.40528105621124	0.018203640728145842
18.44868973794759	0.018203640728145842
18.492098419683934	0.018203640728145842
18.535507101420283	0.018203640728145842
18.57891578315663	0.016803360672134726
18.622324464892976	0.016803360672134726
18.665733146629325	0.016803360672134726
18.709141828365674	0.016803360672134726
18.75255051010202	0.01540308061612361
18.795959191838367	0.01540308061612361
18.839367873574712	0.01400280056011205
18.88277655531106	0.01400280056011205
18.92618523704741	0.012602520504100934
18.969593918783755	0.012602520504100934
19.013002600520103	0.011202240448089817
19.05641128225645	0.011202240448089817
19.099819963992797	0.009801960392078701
19.143228645729145	0.009801960392078701
19.18663732746549	0.008401680336067585
19.23004600920184	0.007001400280056025
19.273454690938188	0.007001400280056025
19.316863372674533	0.005601120224044909
19.36027205441088	0.005601120224044909
19.40368073614723	0.0042008401680337926
19.447089417883575	0.0042008401680337926
19.490498099619924	0.0028005601120226764
19.53390678135627	0.0014002800560115602
19.577315463092617	0.0014002800560115602
19.620724144828966	0.0
19.66413282656531	0.0
19.70754150830166	-0.0014002800560111162
19.750950190038008	-0.0014002800560111162
19.794358871774353	-0.0014002800560111162
19.8377675535107	-0.0028005601120222323
19.881176235247047	-0.0028005601120222323
19.924584916983395	-0.0042008401680333485
19.967993598719744	-0.0042008401680333485
20.01140228045609	-0.0042008401680333485
20.054810962192438	-0.0042008401680333485
20.098219643928786	-0.005601120224044465
20.14162832566513	-0.005601120224044465
20.18503700740148	-0.005601120224044465
20.228445689137825	-0.005601120224044465
20.271854370874173	-0.005601120224044465
20.315263052610522	-0.007001400280056025
20.358671734346867	-0.007001400280056025
20.402080416083216	-0.007001400280056025
20.445489097819564	-0.007001400280056025
20.48889777955591	-0.007001400280056025
20.532306461292258	-0.007001400280056025
20.575715143028603	-0.007001400280056025
20.61912382476495	-0.007001400280056025
20.6625325065013	-0.007001400280056025
20.705941188237645	-0.007001400280056025
20.749349869973994	-0.007001400280056025
20.792758551710342	-0.007001400280056025
20.836167233446687	-0.007001400280056025
20.879575915183036	-0.007001400280056025
20.92298459691938	-0.005601120224044465
20.96639327865573	-0.005601120224044465
21.00980196039208	-0.005601120224044465
21.053210642128423	-0.005601120224044465
21.096619323864772	-0.005601120224044465
21.14002800560112	-0.005601120224044465
21.183436687337466	-0.005601120224044465
21.226845369073814	-0.0042008401680333485
21.27025405081016	-0.0042008401680333485
21.313662732546508	-0.0042008401680333485
21.357071414282856	-0.0042008401680333485
21.4004800960192	-0.0028005601120222323
21.44388877775555	-0.0028005601120222323
21.4872974594919	-0.0028005601120222323
21.530706141228244	-0.0028005601120222323
21.574114822964592	-0.0014002800560111162
21.617523504700937	-0.0014002800560111162
21.660932186437286	-0.0014002800560111162
21.704340868173635	-0.0014002800560111162
21.74774954990998	0.0
21.791158231646328	0.0
21.834566913382677	0.0
21.877975595119022	0.0014002800560115602
21.92138427685537	0.0014002800560115602
21.964792958591715	0.0014002800560115602
22.008201640328064	0.0014002800560115602
22.051610322064413	0.0028005601120226764
22.095019003800758	0.0028005601120226764
22.138427685537106	0.0028005601120226764
22.181836367273455	0.0042008401680337926
22.2252450490098	0.0042008401680337926
22.26865373074615	0.0042008401680337926
22.312062412482497	0.0042008401680337926
22.355471094218842	0.005601120224044909
22.39887977595519	0.005601120224044909
22.442288457691536	0.005601120224044909
22.485697139427884	0.005601120224044909
22.529105821164233	0.005601120224044909
22.572514502900578	0.007001400280056025
22.615923184636927	0.007001400280056025
22.659331866373275	0.007001400280056025
22.70274054810962	0.007001400280056025
22.74614922984597	0.007001400280056025
22.789557911582314	0.007001400280056025
22.832966593318663	0.007001400280056025
22.87637527505501	0.008401680336067585
22.919783956791356	0.008401680336067585
22.963192638527705	0.008401680336067585
23.006601320264053	0.008401680336067585
23.0500100020004	0.008401680336067585
23.093418683736747	0.008401680336067585
23.136827365473092	0.008401680336067585
23.18023604720944	0.007001400280056025
23.22364472894579	0.007001400280056025
23.267053410682134	0.007001400280056025
23.310462092418483	0.007001400280056025
23.35387077415483	0.007001400280056025
23.397279455891177	0.007001400280056025
23.440688137627525	0.007001400280056025
23.48409681936387	0.007001400280056025
23.52750550110022	0.005601120224044909
23.570914182836567	0.005601120224044909
23.614322864572912	0.005601120224044909
23.65773154630926	0.005601120224044909
23.70114022804561	0.0042008401680337926
23.744548909781955	0.0042008401680337926
23.787957591518303	0.0042008401680337926
23.83136627325465	0.0042008401680337926
23.874774954990997	0.0028005601120226764
23.918183636727345	0.0028005601120226764
23.96159231846369	0.0028005601120226764
24.00500100020004	0.0014002800560115602
24.048409681936388	0.0014002800560115602
24.091818363672733	0.0014002800560115602
24.13522704540908	0.0
24.178635727145426	0.0
24.222044408881775	-0.0014002800560111162
24.265453090618124	-0.0014002800560111162
24.30886177235447	-0.0014002800560111162
24.352270454090817	-0.0028005601120222323
24.395679135827166	-0.0028005601120222323
24.43908781756351	-0.0028005601120222323
24.48249649929986	-0.0028005601120222323
24.525905181036205	-0.0042008401680333485
24.569313862772553	-0.0042008401680333485
24.6127225445089	-0.0042008401680333485
24.656131226245247	-0.0042008401680333485
24.699539907981595	-0.005601120224044465
24.742948589717944	-0.005601120224044465
24.78635727145429	-0.005601120224044465
24.829765953190638	-0.005601120224044465
24.873174634926983	-0.005601120224044465
24.91658331666333	-0.005601120224044465
24.95999199839968	-0.005601120224044465
25.003400680136025	-0.005601120224044465
25.046809361872374	-0.005601120224044465
25.090218043608722	-0.005601120224044465
25.133626725345067	-0.005601120224044465
25.177035407081416	-0.005601120224044465
25.22044408881776	-0.005601120224044465
25.26385277055411	-0.005601120224044465
25.307261452290458	-0.005601120224044465
25.350670134026803	-0.005601120224044465
25.39407881576315	-0.005601120224044465
25.4374874974995	-0.0042008401680333485
25.480896179235845	-0.0042008401680333485
25.524304860972194	-0.0042008401680333485
25.56771354270854	-0.0042008401680333485
25.611122224444888	-0.0028005601120222323
25.654530906181236	-0.0028005601120222323
25.69793958791758	-0.0028005601120222323
25.74134826965393	-0.0028005601120222323
25.78475695139028	-0.0014002800560111162
25.828165633126623	-0.0014002800560111162
25.871574314862972	-0.0014002800560111162
25.914982996599317	0.0
25.958391678335666	0.0
26.001800360072014	0.0
26.04520904180836	0.0014002800560115602
26.088617723544708	0.0014002800560115602
26.132026405281056	0.0014002800560115602
26.1754350870174	0.0028005601120226764
26.21884376875375	0.0028005601120226764
26.262252450490095	0.0028005601120226764
26.305661132226444	0.0028005601120226764
26.349069813962792	0.0042008401680337926
26.392478495699137	0.0042008401680337926
26.435887177435486	0.0042008401680337926
26.479295859171835	0.0042008401680337926
26.52270454090818	0.0042008401680337926
26.56611322264453	0.005601120224044909
26.609521904380873	0.005601120224044909
26.652930586117222	0.005601120224044909
26.69633926785357	0.005601120224044909
26.739747949589916	0.005601120224044909
26.783156631326264	0.005601120224044909
26.826565313062613	0.005601120224044909
26.869973994798958	0.005601120224044909
26.913382676535306	0.005601120224044909
26.95679135827165	0.005601120224044909
27.000200040008	0.005601120224044909
27.04360872174435	0.005601120224044909
27.087017403480694	0.005601120224044909
27.130426085217042	0.005601120224044909
27.17383476695339	0.005601120224044909
27.217243448689736	0.005601120224044909
27.260652130426084	0.005601120224044909
27.30406081216243	0.005601120224044909
27.347469493898778	0.0042008401680337926
27.390878175635127	0.0042008401680337926
27.43428685737147	0.0042008401680337926
27.47769553910782	0.0042008401680337926
27.52110422084417	0.0042008401680337926
27.564512902580514	0.0028005601120226764
27.607921584316863	0.0028005601120226764
27.651330266053208	0.0028005601120226764
27.694738947789556	0.0028005601120226764
27.738147629525905	0.0014002800560115602
27.78155631126225	0.0014002800560115602
27.8249649929986	0.0014002800560115602
27.868373674734947	0.0014002800560115602
27.911782356471292	0.0
27.95519103820764	0.0
27.998599719943986	0.0
28.042008401680334	0.0
28.085417083416683	-0.0014002800560111162
28.128825765153028	-0.0014002800560111162
28.172234446889377	-0.0014002800560111162
28.215643128625725	-0.0014002800560111162
28.25905181036207	-0.0014002800560111162
28.30246049209842	-0.0028005601120222323
28.345869173834764	-0.0028005601120222323
28.389277855571112	-0.0028005601120222323
28.43268653730746	-0.0028005601120222323
28.476095219043806	-0.0028005601120222323
28.519503900780155	-0.0028005601120222323
28.562912582516503	-0.0028005601120222323
28.60632126425285	-0.0028005601120222323
28.649729945989197	-0.0028005601120222323
28.693138627725542	-0.0028005601120222323
28.73654730946189	-0.0028005601120222323
28.77995599119824	-0.0028005601120222323
28.823364672934584	-0.0028005601120222323
28.866773354670933	-0.0028005601120222323
28.91018203640728	-0.0028005601120222323
28.953590718143627	-0.0028005601120222323
28.996999399879975	-0.0028005601120222323
29.04040808161632	-0.0028005601120222323
29.08381676335267	-0.0028005601120222323
29.127225445089017	-0.0028005601120222323
29.170634126825362	-0.0028005601120222323
29.21404280856171	-0.0028005601120222323
29.25745149029806	-0.0028005601120222323
29.300860172034405	-0.0028005601120222323
29.344268853770753	-0.0028005601120222323
29.3876775355071	-0.0028005601120222323
29.431086217243447	-0.0014002800560111162
29.474494898979795	-0.0014002800560111162
29.51790358071614	-0.0014002800560111162
29.56131226245249	-0.0014002800560111162
29.604720944188838	-0.0014002800560111162
29.648129625925183	-0.0014002800560111162
29.69153830766153	-0.0014002800560111162
29.734946989397876	-0.0014002800560111162
29.778355671134225	0.0
29.821764352870574	0.0
29.86517303460692	0.0
29.908581716343267	0.0
29.951990398079616	0.0
29.99539907981596	0.0
