0.0	0.054690115770670455
0.021004200840168033	0.054810425369514845
0.042008401680336066	0.055000033705133344
0.0630126025205041	0.055259833149201645
0.08401680336067213	0.0555910741212846
0.10502100420084017	0.055995410233423214
0.1260252050410082	0.05647496399795154
0.14702940588117624	0.057032428864058876
0.16803360672134426	0.05767124298695735
0.1890378075615123	0.05839594436275255
0.21004200840168033	0.059213150619283485
0.23104620924184838	0.06013417272961589
0.2520504100820164	0.06117801973700502
0.2730546109221844	0.06236592637411044
0.2940588117623525	0.06370063640512778
0.3150630126025205	0.06514788984675435
0.33606721344268853	0.06664784093064861
0.35707141428285655	0.06815118178676775
0.3780756151230246	0.06964555994823984
0.39907981596319264	0.07115428816122335
0.42008401680336066	0.07271862509921312
0.4410882176435287	0.07438089034774467
0.46209241848369675	0.07617571002964293
0.4830966193238648	0.07812830401641341
0.5041008201640328	0.08025637750844564
0.5251050210042009	0.08257298696905258
0.5461092218443688	0.08508907632128125
0.5671134226845369	0.08781528769976649
0.588117623524705	0.09076309099741509
0.6091218243648729	0.09394542039968541
0.630126025205041	0.09737700822718341
0.651130226045209	0.10107455947987506
0.6721344268853771	0.10505685897980428
0.6931386277255451	0.10934486298655603
0.7141428285657131	0.11396180090022133
0.7351470294058812	0.11893329733852566
0.7561512302460492	0.12428751673650133
0.7771554310862172	0.13005532861904615
0.7981596319263853	0.13627048980561365
0.8191638327665532	0.14296983883611356
0.8401680336067213	0.1501934972365786
0.8611722344468894	0.15798507156693745
0.8821764352870574	0.16639184934891096
0.9031806361272254	0.1754649808463698
0.9241848369673935	0.18525963717279012
0.9451890378075615	0.19583513327856136
0.9661932386477295	0.2072550020344706
0.9871974394878975	0.219587002945694
1.0082016403280656	0.23290304609121054
1.0292058411682337	0.24727900873460543
1.0502100420084017	0.2627944186647892
1.0712142428485696	0.2795319746232214
1.0922184436887377	0.2975768701544517
1.1132226445289057	0.31701588314803303
1.1342268453690738	0.3379361899931305
1.1552310462092419	0.360423862092353
1.17623524704941	0.3845620056377629
1.1972394478895778	0.41042851571557815
1.2182436487297459	0.43809343568739745
1.239247849569914	0.4676159443049141
1.260252050410082	0.49904103608317935
1.2812562512502501	0.5323960117702696
1.302260452090418	0.567686947968513
1.323264652930586	0.6048953571211343
1.3442688537707541	0.6439752686329686
1.3652730546109222	0.684850948306409
1.3862772554510903	0.7274154223014573
1.4072814562912581	0.7715298888299293
1.4282856571314262	0.8170240010584525
1.4492898579715943	0.8636969098341983
1.4702940588117623	0.9113188863871833
1.4912982596519304	0.9596333181573552
1.5123024604920985	1.0083588902887362
1.5333066613322663	1.0571918260957043
1.5543108621724344	1.1058081497105958
1.5753150630126025	1.1538660369620934
1.5963192638527706	1.201008418387358
1.6173234646929386	1.24686607317091
1.6383276655331065	1.2910614887518044
1.6593318663732746	1.3332137463014149
1.6803360672134426	1.3729446221166486
1.7013402680536107	1.4098859716655363
1.7223444688937788	1.4436882972904956
1.7433486697339466	1.4740302113739854
1.7643528705741147	1.5006283196417913
1.7853570714142828	1.523246892607113
1.8063612722544509	1.5417065933728782
1.827365473094619	1.5558915076246767
1.848369673934787	1.5657537890708817
1.8693738747749549	1.5713153936349704
1.890378075615123	1.5726666190723608
1.911382276455291	1.5699614685701977
1.932386477295459	1.5634101759977252
1.9533906781356272	1.5532695144136188
1.974394878975795	1.5398317073095955
1.995399079815963	1.5234128398500517
2.016403280656131	1.5043416186951857
2.0374074814962992	1.4829491760306
2.0584116823364673	1.4595603977813918
2.0794158831766354	1.4344870246193175
2.1004200840168035	1.4080225667250892
2.1214242848569715	1.3804389139123066
2.142428485697139	1.3519844202708904
2.1634326865373072	1.3228831930409604
2.1844368873774753	1.2933353078073484
2.2054410882176434	1.263517692749083
2.2264452890578115	1.2335854610341628
2.2474494898979795	1.2036735127016425
2.2684536907381476	1.1738982688694122
2.2894578915783157	1.1443594380145998
2.3104620924184838	1.1151417447055478
2.331466293258652	1.0863165752632853
2.35247049409882	1.0579435129700612
2.3734746949389876	1.0300717485804753
2.3944788957791556	1.002741361074895
2.4154830966193237	0.9759844697918587
2.4364872974594918	0.9498262630927179
2.45749149829966	0.9242859111747483
2.478495699139828	0.8993773720220007
2.499499899979996	0.8751101000977264
2.520504100820164	0.851489667472801
2.541508301660332	0.8285183068183971
2.5625125025005002	0.806195385190954
2.583516703340668	0.7845178168963218
2.604520904180836	0.7634804230096432
2.625525105021004	0.7430762444028367
2.646529305861172	0.7232968144317092
2.66753350670134	0.704132396784115
2.6885377075415082	0.6855721933994037
2.7095419083816763	0.6676045268352958
2.7305461092218444	0.650217000969183
2.7515503100620124	0.6333966434585182
2.7725545109021805	0.6171300329300125
2.7935587117423486	0.6014034134037153
2.8145629125825162	0.5862027979771072
2.8355671134226843	0.571514063297839
2.8565713142628524	0.557323035854537
2.8775755151030205	0.5436155706360952
2.8985797159431885	0.5303776222806633
2.9195839167833566	0.5175953084878983
2.9405881176235247	0.5052549652305359
2.9615923184636928	0.493343193194229
2.982596519303861	0.4818468949061316
3.003600720144029	0.47075330217696304
3.024604920984197	0.4600499937583109
3.0456091218243646	0.44972490347507477
3.0666133226645327	0.43976631949245776
3.0876175235047008	0.43016287577487755
3.108621724344869	0.42090353714927053
3.129625925185037	0.41197757966206033
3.150630126025205	0.40337456809130207
3.171634326865373	0.3950843325277856
3.192638527705541	0.38709694586721743
3.213642728545709	0.379402703866797
3.2346469293858773	0.37199210912945974
3.2556511302260454	0.36485586001092857
3.276655331066213	0.35798484502637157
3.297659531906381	0.35137014289542096
3.318663732746549	0.3450030279372253
3.339667933586717	0.33887498013999495
3.3606721344268853	0.3329776989073084
3.3816763352670534	0.3273031192460966
3.4026805361072214	0.32184342902194174
3.4236847369473895	0.31659108587192486
3.4446889377875576	0.3115388324318878
3.4656931386277257	0.30667970869442124
3.4866973394678933	0.3020070605505238
3.5077015403080614	0.29751454386104836
3.5287057411482294	0.2931961237299573
3.5497099419883975	0.2890460689849921
3.5707141428285656	0.2850589421884962
3.5917183436687337	0.28122958578023216
3.6127225445089017	0.2775531051777266
3.63372674534907	0.2740248498156819
3.654730946189238	0.2706403931876911
3.675735147029406	0.2673955129598703
3.696739347869574	0.2642861721613015
3.7177435487097417	0.26130850232890523
3.7387477495499097	0.25845878930648236
3.759751950390078	0.2557334621834561
3.780756151230246	0.2531290856237556
3.801760352070414	0.2506423555951569
3.822764552910582	0.2482700982795121
3.84376875375075	0.2460092717387887
3.864772954590918	0.24385696974302826
3.8857771554310863	0.24181042704417138
3.9067813562712543	0.23986702531113838
3.9277855571114224	0.2380242989301096
3.94878975795159	0.23627993991913782
3.969793958791758	0.23463180130346467
3.990798159631926	0.23307789843859522
4.011802360472094	0.23161640794026347
4.032806561312262	0.23024566406939065
4.05381076215243	0.22896415261038228
4.0748149629925985	0.22777050245746075
4.095819163832767	0.22666347527300823
4.116823364672935	0.22564195369411597
4.137827565513103	0.22470492863286048
4.158831766353271	0.22385148624070833
4.179835967193439	0.2230807950905064
4.200840168033607	0.2223920940766869
4.221844368873775	0.22178468145391203
4.242848569713943	0.22125790533590384
4.263852770554111	0.22081115586919067
4.284856971394278	0.2204438591897215
4.305861172234446	0.22015547317098574
4.3268653730746145	0.2199454848858528
4.347869573914783	0.2198134096342841
4.368873774754951	0.2197587913370484
4.389877975595119	0.21978120406166385
4.410882176435287	0.21988025442990558
4.431886377275455	0.22005558465434666
4.452890578115623	0.22030687596203882
4.473894778955791	0.22063385218380183
4.494898979795959	0.22103628331491582
4.515903180636127	0.22151398888464902
4.536907381476295	0.2220668410056673
4.557911582316463	0.2226947670079344
4.578915783156631	0.22339775159359712
4.5999199839967995	0.22417583847831785
4.6209241848369675	0.22502913150968737
4.641928385677136	0.2259577952742106
4.662932586517304	0.22696205522069024
4.683936787357472	0.2280421973396784
4.70494098819764	0.2291985674462924
4.725945189037807	0.23043157011750234
4.746949389877975	0.23174166733553514
4.767953590718143	0.23312937688687285
4.788957791558311	0.23459527056207152
4.809961992398479	0.23613997219587318
4.830966193238647	0.23776415558037725
4.8519703940788155	0.23946854227685863
4.8729745949189835	0.24125389934457214
4.893978795759152	0.2431210369978943
4.91498299659932	0.24507080619665683
4.935987197439488	0.2471040961686911
4.956991398279656	0.24922183185852304
4.977995599119824	0.2514249712918595
4.998999799959992	0.2537145028420005
5.02000400080016	0.25609144238152365
5.041008201640328	0.2585568303004763
5.062012402480496	0.26111172837077173
5.083016603320664	0.26375721643543765
5.104020804160832	0.26649438890073446
5.1250250050010004	0.2693243510088292
5.1460292058411685	0.27224821486865336
5.167033406681336	0.275267095222684
5.188037607521504	0.2783821049276544
5.209041808361672	0.28159435012755496
5.23004600920184	0.28490492509773246
5.251050210042008	0.28831490673939375
5.272054410882176	0.2918253487043787
5.293058611722344	0.2954372751306883
5.314062812562512	0.299151673969933
5.33506701340268	0.30296948988863776
5.356071214242848	0.30689161672620485
5.3770754150830165	0.3109188894933339
5.3980796159231845	0.31505207589584394
5.419083816763353	0.3192918673701936
5.440088017603521	0.3236388696185516
5.461092218443689	0.32809359263312365
5.482096419283857	0.33265644020159274
5.503100620124025	0.33732769888806435
5.524104820964193	0.3421075264868699
5.545109021804361	0.34699593995003014
5.566113222644529	0.35199280279318446
5.587117423484697	0.35709781198942486
5.608121624324865	0.3623104843658006
5.6291258251650325	0.3676301425233769
5.6501300260052005	0.37305590030870145
5.671134226845369	0.37858664787248275
5.692138427685537	0.38422103636028976
5.713142628525705	0.38995746229027783
5.734146829365873	0.39579405168443277
5.755151030206041	0.40172864403274755
5.776155231046209	0.4077587761841542
5.797159431886377	0.4138816662740516
5.818163632726545	0.42009419781581
5.839167833566713	0.4263929041026321
5.860172034406881	0.4327739530862583
5.881176235247049	0.43923313291975297
5.902180436087217	0.44576583837220424
5.9231846369273855	0.45236705834253665
5.944188837767554	0.4590313647164001
5.965193038607722	0.46575290282252674
5.98619723944789	0.47252538375109665
6.007201440288058	0.4793420787943904
6.028205641128226	0.48619581625708663
6.049209841968394	0.49307898085791524
6.070214042808561	0.4999835159039776
6.091218243648729	0.5069009283622672
6.112222444488897	0.5138222968782691
6.133226645329065	0.5207382826978106
6.154230846169233	0.5276391433344305
6.1752350470094015	0.5345147486897572
6.19623924784957	0.5413545991787374
6.217243448689738	0.5481478452375792
6.238247649529906	0.5548833074071426
6.259251850370074	0.561549496004104
6.280256051210242	0.568134629245159
6.30126025205041	0.5746266486211744
6.322264452890578	0.581013230391236
6.343268653730746	0.5872817923562672
6.364272854570914	0.5934194956529899
6.385277055411082	0.5994132422331956
6.40628125625125	0.6052496699598764
6.427285457091418	0.6109151487777
6.4482896579315865	0.6163957830147008
6.469293858771755	0.6216774262580811
6.490298059611923	0.6267457160648202
6.511302260452091	0.631586135661616
6.532306461292258	0.636184108493215
6.553310662132426	0.640525128912319
6.574314862972594	0.6445949286386066
6.595319063812762	0.6483796742837064
6.61632326465293	0.6518661868848826
6.637327465493098	0.6550421707402072
6.658331666333266	0.6578964365486053
6.679335867173434	0.6604191033659877
6.7003400680136025	0.6626017653121995
6.721344268853771	0.6644376120854159
6.742348469693939	0.6659214966798598
6.763352670534107	0.6670499486763125
6.784356871374275	0.6678211366723877
6.805361072214443	0.6682347890845822
6.826365273054611	0.6682920904667808
6.847369473894779	0.6679955854370507
6.868373674734947	0.6673491539252134
6.889377875575115	0.6663581851105674
6.910382076415283	0.6650301910128268
6.931386277255451	0.663376273341514
6.952390478095619	0.6614140679857633
6.973394678935787	0.6591729638388691
6.994398879775955	0.6567023782221924
7.015403080616123	0.6540834572212407
7.036407281456291	0.6514435044467739
7.057411482296459	0.6489704589847093
7.078415683136627	0.6469216034796624
7.099419883976795	0.6456164548259947
7.120424084816963	0.6453998536664419
7.141428285657131	0.6465622826128179
7.162432486497299	0.6492191755317896
7.183436687337467	0.6531852994305466
7.204440888177635	0.6579181409237139
7.2254450890178035	0.662599282810021
7.2464492898579715	0.6663449257690879
7.26745349069814	0.6684408616525459
7.288457691538308	0.6684829215603387
7.309461892378476	0.6663830832674965
7.330466093218644	0.6622855832229096
7.351470294058812	0.6564606752263833
7.37247449489898	0.6492193339835418
7.393478695739148	0.6408609820520786
7.414482896579315	0.6316487560667358
7.435487097419483	0.6218022774661097
7.456491298259651	0.6114995493954628
7.4774954990998195	0.600882630517879
7.4984996999399876	0.5900641910126594
7.519503900780156	0.5791335886283183
7.540508101620324	0.5681619093862458
7.561512302460492	0.5572057574143033
7.58251650330066	0.546309629616622
7.603520704140828	0.5355065543503132
7.624524904980996	0.524816313438042
7.645529105821164	0.5142400071749292
7.666533306661332	0.5037492558557334
7.6875375075015	0.4932693120526553
7.708541708341668	0.48266090154094016
7.729545909181836	0.47171757158696015
7.7505501100220044	0.460203897125465
7.7715543108621725	0.44794150569453384
7.792558511702341	0.43490277930234245
7.813562712542509	0.42124758718746125
7.834566913382677	0.40727791273289227
7.855571114222845	0.39334655437625493
7.876575315063012	0.37977430213463303
7.89757951590318	0.3668043481803515
7.918583716743348	0.3545924421596632
7.939587917583516	0.34321824642615606
7.960592118423684	0.33270432763545693
7.981596319263852	0.32303478178478245
8.002600520104021	0.3141702419745068
8.023604720944189	0.30605872497544456
8.044608921784357	0.29864291382413233
8.065613122624525	0.29186476205729756
8.086617323464694	0.2856682308366747
8.10762152430486	0.2800007884427231
8.128625725145028	0.2748141208923975
8.149629925985197	0.2700643576338887
8.170634126825364	0.26571201115224136
8.191638327665533	0.26172175713254786
8.2126425285057	0.25806213396884925
8.23364672934587	0.25470520944862124
8.254650930186036	0.25162624279814455
8.275655131026205	0.2488033580206861
8.296659331866373	0.24621723694933412
8.317663532706542	0.24385083592515674
8.338667733546709	0.2416891273687446
8.359671934386878	0.23971886601614747
8.380676135227045	0.23792837878188322
8.401680336067214	0.2363073768075649
8.422684536907381	0.23484678808080775
8.44368873774755	0.23353860896171766
8.464692938587717	0.23237577297368606
8.485697139427886	0.23135203526850157
8.506701340268053	0.23046187124593254
8.527705541108222	0.2297003878867451
8.54870974194839	0.22906324644204715
8.569713942788557	0.22854659520934034
8.590718143628726	0.22814701121585546
8.611722344468893	0.22786144972181052
8.632726545309062	0.22768720054908168
8.653730746149229	0.2276218503331826
8.674734946989398	0.22766324988702497
8.695739147829565	0.22780948595236492
8.716743348669734	0.22805885669793602
8.737747549509901	0.22840985040107797
8.75875175035007	0.22886112682148868
8.779755951190237	0.22941150084114514
8.800760152030406	0.23005992800327701
8.821764352870574	0.2308054916356019
8.842768553710743	0.23164739128907072
8.86377275455091	0.23258493226348634
8.884776955391079	0.2336175160260164
8.905781156231246	0.23474463135832274
8.926785357071415	0.23596584609331167
8.947789557911582	0.2372807993239074
8.968793758751751	0.23868919398426433
8.989797959591918	0.24019078971895874
9.010802160432085	0.24178539596835633
9.031806361272254	0.24347286520895597
9.052810562112422	0.24525308629639836
9.07381476295259	0.2471259778663115
9.094818963792758	0.24909148175452264
9.115823164632927	0.2511495564036157
9.136827365473094	0.253300170227557
9.157831566313263	0.2555432949103191
9.17883576715343	0.2578788986182422
9.199839967993599	0.26030693910940333
9.220844168833766	0.2628273567266119
9.241848369673935	0.2654400672638951
9.262852570514102	0.26814495469956057
9.283856771354271	0.27094186379213453
9.304860972194438	0.27383059253877184
9.325865173034607	0.27681088449909563
9.346869373874775	0.2798824209908838
9.367873574714944	0.28304481316761365
9.38887777555511	0.28629759399155486
9.40988197639528	0.28964021011990865
9.430886177235447	0.2930720137253847
9.451890378075614	0.29659225427657643
9.472894578915783	0.30020007030752777
9.49389877975595	0.3038944812099204
9.51490298059612	0.3076743790853591
9.535907181436286	0.3115385206992015
9.556911382276455	0.3154855195812749
9.577915583116622	0.3195138383225697
9.598919783956791	0.3236217811205475
9.619923984796959	0.32780748662904347
9.640928185637128	0.33206892117175874
9.661932386477295	0.3364038723810777
9.682936587317464	0.34080994332627107
9.703940788157631	0.3452845471970821
9.7249449889978	0.34982490261015703
9.745949189837967	0.3544280296067182
9.766953390678136	0.3590907464102257
9.787957591518303	0.3638096670124063
9.808961792358472	0.3685811996548295
9.82996599319864	0.3734015462709643
9.850970194038808	0.37826670295012016
9.871974394878976	0.3831724614795283
9.892978595719143	0.3881144120136206
9.913982796559312	0.39308794690980836
9.934986997399479	0.39808826575711054
9.955991198239648	0.403110381607054
9.976995399079815	0.4081491283945231
9.997999599919984	0.4131991695086493
10.019003800760151	0.4182550074393872
10.04000800160032	0.42331099438306474
10.061012202440487	0.42836134363904155
10.082016403280656	0.4334001415691353
10.103020604120823	0.4384213598217476
10.124024804960992	0.4434188674448377
10.14502900580116	0.44838644242863607
10.166033206641329	0.4533177821350222
10.187037407481496	0.45820651199310347
10.208041608321665	0.46304619178011436
10.229045809161832	0.4678303187769454
10.250050010002001	0.4725523271050701
10.271054210842168	0.4772055826350991
10.292058411682337	0.48178337302570534
10.313062612522504	0.48627889272176117
10.334066813362671	0.49068522312240886
10.35507101420284	0.4949953086228843
10.376075215043008	0.4992019298221471
10.397079415883177	0.5032976758363991
10.418083616723344	0.5072749183099728
10.439087817563513	0.5111257902936908
10.46009201840368	0.5148421735767463
10.481096219243849	0.5184156982182387
10.502100420084016	0.5218377578469133
10.523104620924185	0.525099543728994
10.544108821764352	0.5281920996349753
10.565113022604521	0.5311063982129869
10.586117223444688	0.5338334380030018
10.607121424284857	0.5363643585566583
10.628125625125024	0.5386905695466351
10.649129825965193	0.5408038884456308
10.67013402680536	0.5426966804898801
10.69113822764553	0.5443619943238096
10.712142428485697	0.5457936869878486
10.733146629325866	0.5469865327214692
10.754150830166033	0.5479363113022323
10.775155031006202	0.5486398731759221
10.796159231846369	0.5490951802788724
10.817163432686536	0.5493013230426649
10.838167633526705	0.5492585154617065
10.859171834366872	0.5489680711942383
10.880176035207041	0.5484323644003493
10.901180236047209	0.547654779381842
10.922184436887378	0.5466396530973383
10.943188637727545	0.5453922143245098
10.964192838567714	0.5439185226866066
10.98519703940788	0.5422254100160359
11.00620124024805	0.5403204256595908
11.027205441088217	0.5382117864047617
11.048209641928386	0.5359083307916805
11.069213842768553	0.5334194767385044
11.090218043608722	0.5307551807164945
11.11122224444889	0.5279258962269177
11.132226445289058	0.5249425291067152
11.153230646129225	0.5218163872561535
11.174234846969394	0.5185591227451767
11.195239047809562	0.515182664889483
11.21624324864973	0.5116991437324718
11.237247449489898	0.5081208043365153
11.258251650330065	0.5044599132695282
11.279255851170234	0.500728659559784
11.300260052010401	0.49693905308492187
11.32126425285057	0.49310282378800235
11.342268453690737	0.48923132523793367
11.363272654530906	0.48533544587605787
11.384276855371073	0.4814255308527193
11.405281056211242	0.47751131672124014
11.42628525705141	0.4736018805005534
11.447289457891578	0.46970560382281107
11.468293658731746	0.4658301521216196
11.489297859571915	0.46198246814769767
11.510302060412082	0.45816877856016924
11.53130626125225	0.45439461195235564
11.552310462092418	0.4506648264325479
11.573314662932587	0.44698364478114394
11.594318863772754	0.44335469522502213
11.615323064612923	0.43978105598268047
11.63632726545309	0.43626530191288376
11.65733146629326	0.43280955182029535
11.678335667133426	0.42941551521199495
11.699339867973594	0.4260845375412615
11.720344068813763	0.4228176432062529
11.74134826965393	0.41961557578211767
11.762352470494099	0.41647883515013784
11.783356671334266	0.4134077113441794
11.804360872174435	0.4104023150627877
11.825365073014602	0.40746260489607544
11.846369273854771	0.40458841139259155
11.867373474694938	0.4017794581456887
11.888377675535107	0.3990353801148672
11.909381876375274	0.3963557394184618
11.930386077215443	0.3937400388429897
11.95139027805561	0.39118773331425755
11.97239447889578	0.3886982395683683
11.993398679735947	0.3862709442490731
12.014402880576116	0.38390521064308347
12.035407081416283	0.38160038424826226
12.056411282256452	0.37935579735197794
12.077415483096619	0.3771707727790176
12.098419683936788	0.37504462695078344
12.119423884776955	0.3729766723803748
12.140428085617122	0.37096621971180194
12.161432286457291	0.36901257939613186
12.182436487297458	0.36711506308295044
12.203440688137627	0.3652729847922032
12.224444888977795	0.36348566191933523
12.245449089817964	0.36175241611571457
12.26645329065813	0.36007257407664506
12.2874574914983	0.35844546826086116
12.308461692338467	0.3568704375582376
12.329465893178636	0.35534682791651867
12.350470094018803	0.3538739929331044
12.371474294858972	0.3524512944142709
12.39247849569914	0.3510781029015152
12.413482696539308	0.349753798162931
12.434486897379475	0.34847776964649135
12.455491098219644	0.3472494168917287
12.476495299059811	0.3460681498964278
12.49749949989998	0.34493338943547097
12.518503700740148	0.3438445673297668
12.539507901580317	0.3428011266641589
12.560512102420484	0.34180252195423216
12.581516303260651	0.3408482192629403
12.60252050410082	0.33993769626887754
12.623524704940987	0.33907044228875965
12.644528905781156	0.338245958257225
12.665533106621323	0.3374637566673895
12.686537307461492	0.3367233614756916
12.70754150830166	0.33602430797446836
12.728545709141828	0.3353661426354328
12.749549909981996	0.3347484229268532
12.770554110822165	0.33417071710677276
12.791558311662332	0.3336326039941704
12.8125625125025	0.3331336727195405
12.833566713342668	0.33267352245606885
12.854570914182837	0.3322517621323453
12.875575115023004	0.3318680101275078
12.896579315863173	0.33152189394973225
12.91758351670334	0.3312130498991528
12.93858771754351	0.3309411227165151
12.959591918383676	0.33070576521915085
12.980596119223845	0.3305066379261233
13.001600320064012	0.33034340867464124
13.022604520904181	0.33021575223000343
13.043608721744349	0.33012334989141284
13.064612922584516	0.3300658890959702
13.085617123424685	0.33004306302300884
13.106621324264852	0.3300545702006845
13.127625525105021	0.33010011411638185
13.148629725945188	0.3301794028320879
13.169633926785357	0.33029214860539907
13.190638127625524	0.33043806751633814
13.211642328465693	0.33061687909965587
13.23264652930586	0.33082830598180935
13.25365073014603	0.3310720735213781
13.274654930986197	0.33134790945129877
13.295659131826365	0.3316555435209895
13.316663332666533	0.33199470713620943
13.337667533506702	0.33236513299434906
13.358671734346869	0.3327665547127822
13.379675935187038	0.33319870644792965
13.400680136027205	0.3336613225027655
13.421684336867374	0.33415413692065915
13.442688537707541	0.3346768830636494
13.46369273854771	0.3352292931735076
13.484696939387877	0.3358110979142323
13.505701140228044	0.3364220258949461
13.526705341068213	0.3370618031724801
13.54770954190838	0.33773015273328527
13.56871374274855	0.3384267939546346
13.589717943588717	0.3391514420453973
13.610722144428886	0.3399038074669677
13.631726345269053	0.34068359533518716
13.652730546109222	0.34149050480431814
13.673734746949389	0.3423242284342944
13.694738947789558	0.3431844515425753
13.715743148629725	0.3440708515419912
13.736747349469894	0.34498309726594417
13.757751550310061	0.3459208482822792
13.77875575115023	0.346883754197038
13.799759951990398	0.34787145394919916
13.820764152830566	0.3488835750973898
13.841768353670734	0.34991973309946955
13.862772554510903	0.3509795305858514
13.88377675535107	0.3520625566274409
13.904780956191239	0.35316838599918
13.925785157031406	0.3542965784403646
13.946789357871573	0.3554466779131688
13.967793558711742	0.3566182118611412
13.98879775955191	0.3578106904698322
14.009801960392078	0.3590236059321483
14.030806161232245	0.36025643172149213
14.051810362072414	0.3615086218762226
14.072814562912582	0.3627796102994534
14.09381876375275	0.364068810078695
14.114822964592918	0.36537561283034725
14.135827165433087	0.36669938807456065
14.156831366273254	0.36803948264655884
14.177835567113423	0.36939522015112636
14.19883976795359	0.3707659004676891
14.219843968793759	0.37215079931424705
14.240848169633926	0.3735491678793917
14.261852370474095	0.3749602325327771
14.282856571314262	0.376383194625736
14.303860772154431	0.37781723039521337
14.324864972994598	0.3792614909858441
14.345869173834767	0.3807151026067671
14.366873374674935	0.38217716684156977
14.387877575515102	0.38364676113149354
14.40888177635527	0.38512293945353465
14.429885977195438	0.3866047332161231
14.450890178035607	0.3880911523954098
14.471894378875774	0.3895811869345061
14.492898579715943	0.39107380842593725
14.51390278055611	0.3925679720937226
14.53490698139628	0.39406261908545587
14.555911182236446	0.39555667907621944
14.576915383076615	0.397049073174743
14.597919583916783	0.3985387171078026
14.618923784756952	0.4000245246413064
14.639927985597119	0.4015054111760059
14.660932186437288	0.40298029743260766
14.681936387277455	0.40444811311584167
14.702940588117624	0.4059078004205926
14.723944788957791	0.40735831721665233
14.74494898979796	0.4087986397234161
14.765953190638127	0.4102277644636112
14.786957391478296	0.4116447092679054
14.807961592318463	0.41304851309219637
14.82896579315863	0.41443823440894684
14.8499699939988	0.4158129479456341
14.870974194838967	0.41717173956965914
14.891978395679136	0.4185136991621728
14.912982596519303	0.41983791138490983
14.933986797359472	0.42114344432521444
14.954990998199639	0.42242933610467215
14.975995199039808	0.42369457965440566
14.996999399879975	0.4249381059914436
15.018003600720144	0.42615876647006856
15.039007801560311	0.42735531462191373
15.06001200240048	0.42852638832931594
15.081016203240647	0.42967049318706
15.102020404080816	0.43078598798662876
15.123024604920984	0.4318710732932633
15.144028805761153	0.43292378406997284
15.16503300660132	0.43394198722753247
15.186037207441489	0.43492338484294424
15.207041408281656	0.43586552359335273
15.228045609121825	0.4367658107060211
15.249049809961992	0.4376215364410588
15.270054010802161	0.4384299028200373
15.291058211642328	0.4391880580114012
15.312062412482495	0.4398931355047576
15.333066613322664	0.4405422969716617
15.354070814162831	0.44113277753813995
15.375075015003	0.4416619320964969
15.396079215843168	0.44212728126721657
15.417083416683337	0.44252655568546523
15.438087617523504	0.44285773742375134
15.459091818363673	0.44311909756005285
15.48009601920384	0.4433092291424492
15.501100220044009	0.4434270750678542
15.522104420884176	0.4434719506640608
15.543108621724345	0.4434435610221949
15.564112822564512	0.443342013354238
15.585117023404681	0.4431678248341478
15.606121224244848	0.4429219265116585
15.627125425085017	0.44260566395945167
15.648129625925185	0.44222079532542197
15.669133826765353	0.441769487414328
15.69013802760552	0.44125431032251183
15.71114222844569	0.4406782310035673
15.732146429285857	0.44004460596144407
15.753150630126024	0.4393571730609414
15.774154830966193	0.4386200422239249
15.79515903180636	0.43783768455161426
15.81616323264653	0.4370149191855339
15.837167433486696	0.43615689699635685
15.858171634326865	0.4352690799731084
15.879175835167032	0.43435721497671825
15.900180036007201	0.43342730032540794
15.921184236847369	0.4324855435039812
15.942188437687538	0.43153830815334265
15.963192638527705	0.43059204843235055
15.984196839367874	0.4296532288991008
16.005201040208043	0.4287282282962355
16.02620524104821	0.42782322611966633
16.047209441888377	0.42694407167851905
16.068213642728544	0.4260961365781603
16.089217843568715	0.4252841532035789
16.110222044408882	0.42451204381112917
16.13122624524905	0.4237827471302671
16.152230446089217	0.4230980517079999
16.173234646929387	0.4224584472692207
16.194238847769554	0.42186300671125526
16.21524304860972	0.42130931157678425
16.23624724944989	0.42079343259856244
16.257251450290056	0.4203099739932426
16.278255651130227	0.41985218567253885
16.299259851970394	0.41941214182373154
16.32026405281056	0.4189809780706609
16.34126825365073	0.41854917354197074
16.3622724544909	0.41810685955805554
16.383276655331066	0.41764413404992734
16.404280856171233	0.4171513606550082
16.4252850570114	0.4166194336823914
16.44628925785157	0.4160399943752567
16.46729345869174	0.41540558939210404
16.488297659531906	0.4147097683261873
16.509301860372073	0.41394712258497307
16.530306061212244	0.4131132724565895
16.55131026205241	0.4122048123643418
16.572314462892578	0.41121922608596706
16.593318663732745	0.4101547842323855
16.614322864572916	0.4090104358046317
16.635327065413083	0.40778570447519774
16.65633126625325	0.40648059863337554
16.677335467093418	0.40509554237740397
16.698339667933585	0.4036313326226419
16.719343868773755	0.4020891253410821
16.740348069613923	0.4004704516277235
16.76135227045409	0.398777261784141
16.782356471294257	0.3970119929569325
16.803360672134428	0.3951776532060513
16.824364872974595	0.39327791246055704
16.845369073814762	0.3913171890009476
16.86637327465493	0.38930071927868953
16.8873774754951	0.3872345993751154
16.908381676335267	0.3851257883746271
16.929385877175434	0.3829820672883007
16.9503900780156	0.3808119515404962
16.971394278855772	0.3786245598208374
16.99239847969594	0.3764294465965366
17.013402680536107	0.3742364091126894
17.034406881376274	0.3720552818090972
17.055411082216445	0.36989573155909344
17.076415283056612	0.3677670660882294
17.09741948389678	0.36567806569204697
17.118423684736946	0.363636845408791
17.139427885577113	0.3616507516035901
17.160432086417284	0.3597262939064696
17.18143628725745	0.35786911091681756
17.20244048809762	0.35608396620311167
17.223444688937786	0.3543747699262697
17.244448889777956	0.3527446208426306
17.265453090618124	0.35119586338667313
17.28645729145829	0.3497301548591424
17.307461492298458	0.3483485383198881
17.32846569313863	0.3470515174901451
17.349469893978796	0.34583913071464767
17.370474094818963	0.3447110217542034
17.39147829565913	0.34366650583219205
17.4124824964993	0.34270462992107653
17.433486697339468	0.34182422671912843
17.454490898179635	0.3410239621347761
17.475495099019803	0.34030237637408683
17.496499299859973	0.3396579189270618
17.51750350070014	0.3390889778830445
17.538507701540308	0.33859390408700807
17.559511902380475	0.3381710306882214
17.580516103220642	0.33781868864094583
17.601520304060813	0.33753521870201153
17.62252450490098	0.33731898043950237
17.643528705741147	0.3371683587260813
17.664532906581314	0.3370817681441805
17.685537107421485	0.33705765568179225
17.706541308261652	0.3370945020493958
17.72754550910182	0.3371908219024095
17.748549709941987	0.3373451632106107
17.769553910782157	0.33755610597690106
17.790558111622325	0.3378222604729507
17.81156231246249	0.3381422651286846
17.83256651330266	0.3385147841861664
17.85357071414283	0.33893850520594576
17.874574914982997	0.3394121364950359
17.895579115823164	0.339934404510021
17.91658331666333	0.34050405127598443
17.937587517503502	0.3411198318516259
17.95859171834367	0.34178051186273467
17.979595919183836	0.3424848651198121
18.000600120024004	0.3432316713307512
18.02160432086417	0.34401971391586056
18.04260852170434	0.34484777792990406
18.06361272254451	0.34571464809404484
18.084616923384676	0.3466191069394312
18.105621124224843	0.34755993306353533
18.126625325065014	0.3485358995001093
18.14762952590518	0.34954577220366967
18.168633726745348	0.35058830864969426
18.189637927585515	0.35166225655212596
18.210642128425686	0.35276635270031337
18.231646329265853	0.35389932191809115
18.25265053010602	0.35505987614833917
18.273654730946188	0.35624671366696675
18.29465893178636	0.35745851843087795
18.315663132626526	0.3586939595650235
18.336667333466693	0.3599516909941367
18.35767153430686	0.3612303512251393
18.37867573514703	0.3625285632864909
18.399679935987198	0.36384493483089064
18.420684136827365	0.36517805840772016
18.441688337667532	0.3665265119114092
18.4626925385077	0.36788885921148035
18.48369673934787	0.36926365096938996
18.504700940188037	0.37064942564636494
18.525705141028205	0.3720447107052805
18.54670934186837	0.37344802400816335
18.567713542708542	0.37485787540916526
18.58871774354871	0.37627276854082115
18.609721944388877	0.37769120278907786
18.630726145229044	0.3791116754499919
18.651730346069215	0.38053268405815216
18.672734546909382	0.38195272887385223
18.69373874774955	0.3833703155128483
18.714742948589716	0.38478395769929535
18.735747149429887	0.38619218011921785
18.756751350270054	0.38759352134874586
18.77775555111022	0.38898653682843787
18.79875975195039	0.3903698018523983
18.81976395279056	0.3917419145386987
18.840768153630727	0.393101498745876
18.861772354470894	0.3944472068991013
18.88277655531106	0.3957777226890347
18.903780756151228	0.39709176360643683
18.9247849569914	0.39838808327633884
18.945789157831566	0.3996654735569916
18.966793358671733	0.4009227663709306
18.9877975595119	0.4021588352383232
19.00880176035207	0.40337259648629714
19.02980596119224	0.40456301011217427
19.050810162032406	0.4057290802834386
19.071814362872573	0.4068698554628098
19.092818563712743	0.4079844281529208
19.11382276455291	0.40907193426174837
19.134826965393078	0.4101315520970146
19.155831166233245	0.41116250100517493
19.176835367073416	0.4121640396781897
19.197839567913583	0.41313546415890295
19.21884376875375	0.41407610558336494
19.239847969593917	0.4149853277056535
19.260852170434088	0.4158625242574912
19.281856371274255	0.4167071162010171
19.302860572114422	0.41751854893826723
19.32386477295459	0.41829628954501136
19.344868973794757	0.41903982409943336
19.365873174634928	0.4197486551774863
19.386877375475095	0.42042229958648697
19.407881576315262	0.42106028640645804
19.42888577715543	0.42166215540482904
19.4498899779956	0.42222745588429667
19.470894178835767	0.42275574601598453
19.491898379675934	0.4232465927006111
19.5129025805161	0.4236995719893747
19.533906781356272	0.42411427008395264
19.55491098219644	0.4244902849217367
19.575915183036606	0.42482722833858866
19.596919383876774	0.42512472878745156
19.617923584716944	0.42538243457757163
19.63892778555711	0.42560001758635424
19.65993198639728	0.4257771773844116
19.680936187237446	0.42591364570458323
19.701940388077617	0.4260091911778723
19.722944588917784	0.4260636242536076
19.74394878975795	0.42607680221772765
19.76495299059812	0.4260486342219298
19.785957191438285	0.4259790862373765
19.806961392278456	0.4258681858494805
19.827965593118623	0.425716026814738
19.84896979395879	0.4255227733062824
19.869973994798958	0.4252886637814819
19.89097819563913	0.42501401441212067
19.911982396479296	0.42469922202521804
19.932986597319463	0.4243447665100743
19.95399079815963	0.4239512126545007
19.9749949989998	0.42351921138027265
19.995999199839968	0.4230495003545987
20.017003400680135	0.4225429039608075
20.038007601520302	0.42200033261763586
20.059011802360473	0.42142278144250644
20.08001600320064	0.4208113282601822
20.101020204040807	0.4201671309642792
20.122024404880975	0.41949142424542296
20.143028605721145	0.4187855157064326
20.164032806561313	0.4180507813918202
20.18503700740148	0.4172886607660924
20.206041208241647	0.4165006511827346
20.227045409081814	0.4156883018932102
20.248049609921985	0.4148532076526039
20.269053810762152	0.4139970019854343
20.29005801160232	0.41312135018139334
20.311062212442486	0.41222794209599384
20.332066413282657	0.4113184848350736
20.353070614122824	0.4103946954045064
20.37407481496299	0.4094582934070889
20.39507901580316	0.40851099386726697
20.41608321664333	0.407554500261053
20.437087417483497	0.40659049782324286
20.458091618323664	0.4056206471970288
20.47909581916383	0.40464657848259705
20.500100020004002	0.4036698857317106
20.52110422084417	0.40269212192502374
20.542108421684336	0.4017147944584674
20.563112622524503	0.40073936115494196
20.584116823364674	0.39976722680815346
20.60512102420484	0.3987997402570709
20.62612522504501	0.3978381919823294
20.647129425885176	0.396883812210053
20.668133626725343	0.39593776950392573
20.689137827565514	0.3950011698227953
20.71014202840568	0.39407505601838466
20.731146229245848	0.39316040774560534
20.752150430086015	0.3922581417562826
20.773154630926186	0.39136911254563794
20.794158831766353	0.39049411331953315
20.81516303260652	0.38963387724922505
20.836167233446687	0.38878907897927545
20.857171434286858	0.38796033635337623
20.878175635127025	0.387148212322328
20.899179835967193	0.38635321699838443
20.92018403680736	0.3855758098207221
20.94118823764753	0.38481640179801585
20.962192438487698	0.38407535779597723
20.983196639327865	0.38335299884022506
21.004200840168032	0.3826496044079201
21.025205041008203	0.38196541468506984
21.04620924184837	0.3813006327701715
21.067213442688537	0.38065542680875997
21.088217643528704	0.380029932047285
21.109221844368875	0.3794242527984735
21.130226045209042	0.37883846431377544
21.15123024604921	0.37827261456157696
21.172234446889377	0.37772672591249307
21.193238647729544	0.37720079673518514
21.214242848569715	0.37669480290773905
21.23524704940988	0.37620869925065187
21.25625125025005	0.3757424208879578
21.277255451090216	0.37529588454293855
21.298259651930387	0.37486898977435457
21.319263852770554	0.3744616201581863
21.34026805361072	0.3740736444186893
21.36127225445089	0.37370491751120355
21.38227645529106	0.3733552816577963
21.403280656131226	0.3730245673355654
21.424284856971394	0.3727125942164307
21.44528905781156	0.3724191720565735
21.46629325865173	0.3721441015334167
21.4872974594919	0.37188717502818935
21.508301660332066	0.3716481773526498
21.529305861172233	0.37142688641941707
21.550310062012404	0.3712230738564485
21.57131426285257	0.3710365055674236
21.592318463692738	0.37086694224099637
21.613322664532905	0.37071413981297585
21.634326865373072	0.3705778498863743
21.655331066213243	0.37045782011485207
21.67633526705341	0.3703537945553658
21.697339467893578	0.37026551399577623
21.718343668733745	0.370192716262828
21.739347869573916	0.37013513651531066
21.760352070414083	0.37009250752644296
21.78135627125425	0.3700645599586379
21.802360472094417	0.370051022632898
21.823364672934588	0.37005162279422055
21.844368873774755	0.3700660863736092
21.865373074614922	0.37009413824665305
21.88637727545509	0.3701355024881285
21.90738147629526	0.3701899026217633
21.928385677135427	0.37025706186410623
21.949389877975594	0.37033670336140784
21.97039407881576	0.37042855041847217
21.991398279655932	0.37053232671857844
22.0124024804961	0.3706477565337519
22.033406681336267	0.37077456492487554
22.054410882176434	0.3709124779313284
22.0754150830166	0.37106122275002734
22.096419283856772	0.37122052790388754
22.11742348469694	0.3713901233998247
22.138427685537106	0.37156974087647393
22.159431886377273	0.3717591137418064
22.180436087217444	0.3719579773007859
22.20144028805761	0.3721660688731344
22.22244448889778	0.37238312790115985
22.243448689737946	0.3726088960474783
22.264452890578116	0.37284311728231945
22.285457091418284	0.3730855379599583
22.30646129225845	0.3733359068836876
22.327465493098618	0.37359397535861844
22.34846969393879	0.3738594972314962
22.369473894778956	0.37413222891664205
22.390478095619123	0.37441192940707635
22.41148229645929	0.3746983602698547
22.43248649729946	0.37499128562465006
22.45349069813963	0.3752904721046483
22.474494898979795	0.37559568879888333
22.495499099819963	0.37590670717522934
22.51650330066013	0.37622330098339885
22.5375075015003	0.37654524613745355
22.558511702340468	0.37687232057754255
22.579515903180635	0.37720430411083355
22.600520104020802	0.3775409782318974
22.621524304860973	0.37788212592315995
22.64252850570114	0.37822753143643884
22.663532706541307	0.3785769800570394
22.684536907381474	0.3789302578523886
22.705541108221645	0.3792871514077415
22.726545309061812	0.3796474475520692
22.74754950990198	0.38001093307784567
22.768553710742147	0.38037739445904967
22.789557911582317	0.3807466175722804
22.810562112422485	0.3811183874264284
22.831566313262652	0.38149248790681134
22.85257051410282	0.3818687015400746
22.87357471494299	0.3822468092864205
22.894578915783157	0.38262659036587743
22.915583116623324	0.3830078221253098
22.93658731746349	0.38339027995271074
22.95759151830366	0.383773737244993
22.97859571914383	0.384157965435002
22.999599919983996	0.38454273408282774
23.020604120824164	0.3849278110356847
23.04160832166433	0.38531296265969445
23.0626125225045	0.38569795414584346
23.08361672334467	0.3860825498912466
23.104620924184836	0.386466513955638
23.125625125025003	0.38684961059177597
23.146629325865174	0.3872316048472164
23.16763352670534	0.38761226323369924
23.18863772754551	0.3879913544592037
23.209641928385675	0.3883686502165691
23.230646129225846	0.3887439260213883
23.251650330066013	0.38911696209063223
23.27265453090618	0.38948754425207593
23.293658731746348	0.3898554648730172
23.31466293258652	0.3902205237949594
23.335667133426686	0.3905825292588667
23.356671334266853	0.3909412988033431
23.37767553510702	0.3912966601157358
23.398679735947187	0.39164845181391267
23.419683936787358	0.39199652413449526
23.440688137627525	0.3923407395019397
23.461692338467692	0.39268097295222154
23.48269653930786	0.3930171123852492
23.50370074014803	0.39334905862154884
23.524704940988197	0.39367672524129455
23.545709141828365	0.39400003818724394
23.566713342668532	0.3943189351174179
23.587717543508703	0.39463336449812164
23.60872174434887	0.3949432844328592
23.629725945189037	0.3952486612275314
23.650730146029204	0.3955494676968291
23.671734346869375	0.39584568122078423
23.692738547709542	0.3961372815640515
23.71374274854971	0.39642424847374574
23.734746949389876	0.3967065590748194
23.755751150230047	0.3969841850852668
23.776755351070214	0.39725708987723196
23.79775955191038	0.39752522541459007
23.81876375275055	0.3977885291029676
23.839767953590716	0.39804692059447744
23.860772154430887	0.3983002985965722
23.881776355271054	0.39854853774207133
23.90278055611122	0.3987914855851808
23.923784756951388	0.39902895979566905
23.94478895779156	0.39926074562964875
23.965793158631726	0.3994865937600455
23.986797359471893	0.399706218552152
24.00780156031206	0.3999192968691798
24.02880576115223	0.40012546748897715
24.0498099619924	0.4003243312058454
24.070814162832566	0.40051545168058483
24.091818363672733	0.4006983570876409
24.112822564512904	0.40087254259086885
24.13382676535307	0.4010374736594949
24.154830966193238	0.4011925902140547
24.175835167033405	0.4013373115692829
24.196839367873576	0.4014710421180971
24.217843568713743	0.40159317767894337
24.23884776955391	0.4017031124088885
24.259851970394077	0.40180024616785176
24.280856171234245	0.4018839922060511
24.301860372074415	0.4019537850376864
24.322864572914582	0.40200908835941196
24.34386877375475	0.40204940287234425
24.364872974594917	0.4020742738709844
24.385877175435088	0.40208329847103236
24.406881376275255	0.40207613235995926
24.427885577115422	0.4020524959684974
24.44888977795559	0.4020121799769842
24.46989397879576	0.40195505008676535
24.490898179635927	0.4018810510027447
24.511902380476094	0.40179020958786377
24.53290658131626	0.40168263716324937
24.553910782156432	0.4015585309385757
24.5749149829966	0.4014181745657793
24.595919183836767	0.401261937815709
24.616923384676934	0.40109027538193975
24.637927585517104	0.400903724819296
24.65893178635727	0.40070290362725247
24.67993598719744	0.40048850549089976
24.700940188037606	0.40026129569526864
24.721944388877773	0.40002210573300484
24.742948589717944	0.3997718271311276
24.76395279055811	0.399511404530128
24.78495699139828	0.399241828058043
24.805961192238446	0.39896412505323436
24.826965393078616	0.39867935120210785
24.847969593918783	0.3983885811714308
24.86897379475895	0.39809289882866467
24.889977995599118	0.39779338715714324
24.91098219643929	0.39749111798529313
24.931986397279456	0.3971871416597377
24.952990598119623	0.3968824768004495
24.97399479895979	0.39657810028158974
24.99499899979996	0.3962749375839472
