0.0	4.013202640528106
0.021004200840168033	4.011802360472095
0.042008401680336066	4.011802360472095
0.0630126025205041	4.010402080416084
0.08401680336067213	4.007601520304061
0.10502100420084017	4.004800960192039
0.1260252050410082	4.002000400080016
0.14702940588117624	3.997799559911982
0.16803360672134426	3.9921984396879373
0.1890378075615123	3.986597319463893
0.21004200840168033	3.980996199239848
0.23104620924184838	3.973994798959792
0.2520504100820164	3.9655931186237248
0.2730546109221844	3.9585917183436687
0.2940588117623525	3.94878975795159
0.3150630126025205	3.940388077615523
0.33606721344268853	3.9305861172234446
0.35707141428285655	3.919383876775355
0.3780756151230246	3.9081816363272655
0.39907981596319264	3.8955791158231645
0.42008401680336066	3.884376875375075
0.4410882176435287	3.870374074814963
0.46209241848369675	3.857771554310862
0.4830966193238648	3.84376875375075
0.5041008201640328	3.828365673134627
0.5251050210042009	3.812962592518504
0.5461092218443688	3.7975595119023806
0.5671134226845369	3.780756151230246
0.588117623524705	3.7639527905581116
0.6091218243648729	3.7471494298859773
0.630126025205041	3.7289457891578315
0.651130226045209	3.710742148429686
0.6721344268853771	3.691138227645529
0.6931386277255451	3.671534306861372
0.7141428285657131	3.651930386077215
0.7351470294058812	3.6323264652930587
0.7561512302460492	3.6113222644528906
0.7771554310862172	3.5903180636127225
0.7981596319263853	3.5679135827165434
0.8191638327665532	3.545509101820364
0.8401680336067213	3.523104620924185
0.8611722344468894	3.5007001400280053
0.8821764352870574	3.476895379075815
0.9031806361272254	3.454490898179636
0.9241848369673935	3.4292858571714344
0.9451890378075615	3.4054810962192437
0.9661932386477295	3.3802760552110422
0.9871974394878975	3.3564712942588515
1.0082016403280656	3.33126625325065
1.0292058411682337	3.304660932186437
1.0502100420084017	3.2794558911782357
1.0712142428485696	3.2528505701140227
1.0922184436887377	3.2262452490498097
1.1132226445289057	3.199639927985597
1.1342268453690738	3.173034606921384
1.1552310462092419	3.146429285857171
1.17623524704941	3.1184236847369475
1.1972394478895778	3.0918183636727345
1.2182436487297459	3.0638127625525104
1.239247849569914	3.0358071614322863
1.260252050410082	3.0078015603120623
1.2812562512502501	2.979795959191838
1.302260452090418	2.951790358071614
1.323264652930586	2.9237847569513904
1.3442688537707541	2.8957791558311663
1.3652730546109222	2.867773554710942
1.3862772554510903	2.839767953590718
1.4072814562912581	2.810362072414483
1.4282856571314262	2.782356471294259
1.4492898579715943	2.7543508701740347
1.4702940588117623	2.7263452690538106
1.4912982596519304	2.6969393878775754
1.5123024604920985	2.6689337867573513
1.5333066613322663	2.640928185637127
1.5543108621724344	2.6129225845169035
1.5753150630126025	2.5849169833966794
1.5963192638527706	2.5569113822764553
1.6173234646929386	2.5303060612122423
1.6383276655331065	2.5023004600920182
1.6593318663732746	2.4756951390278057
1.6803360672134426	2.4490898179635927
1.7013402680536107	2.4224844968993797
1.7223444688937788	2.3958791758351667
1.7433486697339466	2.369273854770954
1.7643528705741147	2.3440688137627523
1.7853570714142828	2.31746349269854
1.8063612722544509	2.292258451690338
1.827365473094619	2.2684536907381476
1.848369673934787	2.2432486497299458
1.8693738747749549	2.2194438887777554
1.890378075615123	2.195639127825565
1.911382276455291	2.173234646929386
1.932386477295459	2.149429885977195
1.9533906781356272	2.128425685137027
1.974394878975795	2.106021204240848
1.995399079815963	2.08501700340068
2.016403280656131	2.0640128025605122
2.0374074814962992	2.0444088817763553
2.0584116823364673	2.0248049609921983
2.0794158831766354	2.006601320264053
2.1004200840168035	1.988397679535907
2.1214242848569715	1.9701940388077614
2.142428485697139	1.953390678135627
2.1634326865373072	1.9379875975195038
2.1844368873774753	1.9225845169033806
2.2054410882176434	1.9085817163432686
2.2264452890578115	1.8945789157831565
2.2474494898979795	1.8805761152230445
2.2684536907381476	1.8693738747749549
2.2894578915783157	1.8581716343268653
2.3104620924184838	1.8483696739347868
2.331466293258652	1.8385677135427085
2.35247049409882	1.8301660332066412
2.3734746949389876	1.8231646329265851
2.3944788957791556	1.8161632326465291
2.4154830966193237	1.8119623924784956
2.4364872974594918	1.807761552310462
2.45749149829966	1.8049609921984395
2.478495699139828	1.8035607121424284
2.499499899979996	1.8035607121424284
2.520504100820164	1.8049609921984395
2.541508301660332	1.807761552310462
2.5625125025005002	1.8119623924784956
2.583516703340668	1.8189637927585516
2.604520904180836	1.827365473094619
2.625525105021004	1.8385677135427085
2.646529305861172	1.8511702340468092
2.66753350670134	1.8665733146629324
2.6885377075415082	1.883376675335067
2.7095419083816763	1.9029805961192237
2.7305461092218444	1.9239847969593917
2.7515503100620124	1.9463892778555711
2.7725545109021805	1.9701940388077614
2.7935587117423486	1.995399079815963
2.8145629125825162	2.020604120824165
2.8355671134226843	2.0472094418883775
2.8565713142628524	2.0752150430086016
2.8775755151030205	2.1032206441288257
2.8985797159431885	2.132626525305061
2.9195839167833566	2.162032406481296
2.9405881176235247	2.1914382876575313
2.9615923184636928	2.2222444488897777
2.982596519303861	2.2530506101220245
3.003600720144029	2.283856771354271
3.024604920984197	2.314662932586517
3.0456091218243646	2.346869373874775
3.0666133226645327	2.3790758151630325
3.0876175235047008	2.4112822564512904
3.108621724344869	2.444888977795559
3.129625925185037	2.477095419083817
3.150630126025205	2.5107021404280854
3.171634326865373	2.5429085817163433
3.192638527705541	2.576515303060612
3.213642728545709	2.6087217443488697
3.2346469293858773	2.6423284656931387
3.2556511302260454	2.674534906981396
3.276655331066213	2.708141628325665
3.297659531906381	2.7403480696139226
3.318663732746549	2.7739547909581916
3.339667933586717	2.806161232246449
3.3606721344268853	2.838367673534707
3.3816763352670534	2.8705741148229644
3.4026805361072214	2.9027805561112223
3.4236847369473895	2.9335867173434687
3.4446889377875576	2.964392878575715
3.4656931386277257	2.9951990398079613
3.4866973394678933	3.026005201040208
3.5077015403080614	3.0568113622724544
3.5287057411482294	3.0862172434486896
3.5497099419883975	3.115623124624925
3.5707141428285656	3.143628725745149
3.5917183436687337	3.171634326865373
3.6127225445089017	3.199639927985597
3.63372674534907	3.2262452490498097
3.654730946189238	3.2528505701140227
3.675735147029406	3.2794558911782357
3.696739347869574	3.304660932186437
3.7177435487097417	3.329865973194639
3.7387477495499097	3.3536707341468293
3.759751950390078	3.3774754950990196
3.780756151230246	3.3998799759951988
3.801760352070414	3.4222844568913784
3.822764552910582	3.443288657731546
3.84376875375075	3.464292858571714
3.864772954590918	3.483896779355871
3.8857771554310863	3.503500700140028
3.9067813562712543	3.5217043408681734
3.9277855571114224	3.5399079815963193
3.94878975795159	3.5567113422684535
3.969793958791758	3.5735147029405883
3.990798159631926	3.5889177835567114
4.011802360472094	3.6043208641728346
4.032806561312262	3.6183236647329466
4.05381076215243	3.630926185237047
4.0748149629925985	3.643528705741148
4.095819163832767	3.654730946189238
4.116823364672935	3.6659331866373273
4.137827565513103	3.675735147029406
4.158831766353271	3.684136827365473
4.179835967193439	3.6925385077015402
4.200840168033607	3.7009401880376074
4.221844368873775	3.7065413082616523
4.242848569713943	3.7135427085417083
4.263852770554111	3.7177435487097417
4.284856971394278	3.7219443888777755
4.305861172234446	3.7261452290458092
4.3268653730746145	3.7289457891578315
4.347869573914783	3.7303460692138426
4.368873774754951	3.7317463492698537
4.389877975595119	3.7317463492698537
4.410882176435287	3.7303460692138426
4.431886377275455	3.7289457891578315
4.452890578115623	3.7275455091018204
4.473894778955791	3.7247449489897977
4.494898979795959	3.7205441088217643
4.515903180636127	3.7163432686537305
4.536907381476295	3.710742148429686
4.557911582316463	3.705141028205641
4.578915783156631	3.698139627925585
4.5999199839967995	3.691138227645529
4.6209241848369675	3.682736547309462
4.641928385677136	3.6743348669733944
4.662932586517304	3.664532906581316
4.683936787357472	3.654730946189238
4.70494098819764	3.643528705741148
4.725945189037807	3.6323264652930587
4.746949389877975	3.6197239447889578
4.767953590718143	3.607121424284857
4.788957791558311	3.594518903780756
4.809961992398479	3.580516103220644
4.830966193238647	3.5651130226045207
4.8519703940788155	3.5497099419883975
4.8729745949189835	3.5343068613722743
4.893978795759152	3.518903780756151
4.91498299659932	3.502100420084017
4.935987197439488	3.483896779355871
4.956991398279656	3.4656931386277257
4.977995599119824	3.44748949789958
4.998999799959992	3.4292858571714344
5.02000400080016	3.4096819363872775
5.041008201640328	3.3900780156031205
5.062012402480496	3.3704740948189635
5.083016603320664	3.350870174034807
5.104020804160832	3.329865973194639
5.1250250050010004	3.308861772354471
5.1460292058411685	3.287857571514303
5.167033406681336	3.2654530906181236
5.188037607521504	3.2430486097219444
5.209041808361672	3.2220444088817763
5.23004600920184	3.199639927985597
5.251050210042008	3.1758351670334064
5.272054410882176	3.153430686137227
5.293058611722344	3.129625925185037
5.314062812562512	3.1058211642328466
5.33506701340268	3.0806161232246447
5.356071214242848	3.054010802160432
5.3770754150830165	3.027405481096219
5.3980796159231845	2.999399879975995
5.419083816763353	2.971394278855771
5.440088017603521	2.943388677735547
5.461092218443689	2.915383076615323
5.482096419283857	2.887377475495099
5.503100620124025	2.859371874374875
5.524104820964193	2.832766553310662
5.545109021804361	2.806161232246449
5.566113222644529	2.7795559111822365
5.587117423484697	2.7529505901180236
5.608121624324865	2.7277455491098217
5.6291258251650325	2.7025405081016203
5.6501300260052005	2.6773354670934184
5.671134226845369	2.653530706141228
5.692138427685537	2.629725945189038
5.713142628525705	2.6073214642928586
5.734146829365873	2.5849169833966794
5.755151030206041	2.5625125025005002
5.776155231046209	2.541508301660332
5.797159431886377	2.521904380876175
5.818163632726545	2.5023004600920182
5.839167833566713	2.4826965393078613
5.860172034406881	2.464492898579716
5.881176235247049	2.44628925785157
5.902180436087217	2.4294858971794357
5.9231846369273855	2.4140828165633126
5.944188837767554	2.3986797359471894
5.965193038607722	2.3832766553310663
5.98619723944789	2.369273854770954
6.007201440288058	2.355271054210842
6.028205641128226	2.342668533706741
6.049209841968394	2.331466293258652
6.070214042808561	2.320264052810562
6.091218243648729	2.309061812362472
6.112222444488897	2.299259851970394
6.133226645329065	2.290858171634327
6.154230846169233	2.2824564912982597
6.1752350470094015	2.2740548109621925
6.19623924784957	2.2670534106821365
6.217243448689738	2.2614522904580916
6.238247649529906	2.2558511702340467
6.259251850370074	2.250250050010002
6.280256051210242	2.2460492098419684
6.30126025205041	2.2432486497299458
6.322264452890578	2.2404480896179235
6.343268653730746	2.2376475295059013
6.364272854570914	2.2362472494498897
6.385277055411082	2.2348469693938786
6.40628125625125	2.2348469693938786
6.427285457091418	2.2348469693938786
6.4482896579315865	2.2348469693938786
6.469293858771755	2.2362472494498897
6.490298059611923	2.2390478095619124
6.511302260452091	2.2404480896179235
6.532306461292258	2.2432486497299458
6.553310662132426	2.2474494898979795
6.574314862972594	2.2516503300660133
6.595319063812762	2.2558511702340467
6.61632326465293	2.2600520104020805
6.637327465493098	2.265653130626125
6.658331666333266	2.27125425085017
6.679335867173434	2.278255651130226
6.7003400680136025	2.285257051410282
6.721344268853771	2.292258451690338
6.742348469693939	2.299259851970394
6.763352670534107	2.30626125225045
6.784356871374275	2.314662932586517
6.805361072214443	2.3230646129225843
6.826365273054611	2.332866573314663
6.847369473894779	2.34126825365073
6.868373674734947	2.3510702140428084
6.889377875575115	2.360872174434887
6.910382076415283	2.3706741348269653
6.931386277255451	2.381876375275055
6.952390478095619	2.3916783356671334
6.973394678935787	2.4028805761152228
6.994398879775955	2.4140828165633126
7.015403080616123	2.4252850570114024
7.036407281456291	2.4364872974594918
7.057411482296459	2.4476895379075816
7.078415683136627	2.458891778355671
7.099419883976795	2.471494298859772
7.120424084816963	2.484096819363873
7.141428285657131	2.495299059811962
7.162432486497299	2.507901580316063
7.183436687337467	2.520504100820164
7.204440888177635	2.5331066213242646
7.2254450890178035	2.5457091418283655
7.2464492898579715	2.5583116623324664
7.26745349069814	2.5709141828365674
7.288457691538308	2.583516703340668
7.309461892378476	2.596119223844769
7.330466093218644	2.6087217443488697
7.351470294058812	2.6213242648529707
7.37247449489898	2.633926785357071
7.393478695739148	2.647929585917183
7.414482896579315	2.660532106421284
7.435487097419483	2.673134626925385
7.456491298259651	2.685737147429486
7.4774954990998195	2.6983396679335865
7.4984996999399876	2.7109421884376874
7.519503900780156	2.7235447089417884
7.540508101620324	2.7347469493898777
7.561512302460492	2.7473494698939787
7.58251650330066	2.7599519903980796
7.603520704140828	2.7725545109021805
7.624524904980996	2.78375675135027
7.645529105821164	2.796359271854371
7.666533306661332	2.80756151230246
7.6875375075015	2.81876375275055
7.708541708341668	2.82996599319864
7.729545909181836	2.841168233646729
7.7505501100220044	2.852370474094819
7.7715543108621725	2.8635727145429084
7.792558511702341	2.874774954990998
7.813562712542509	2.8845769153830765
7.834566913382677	2.8957791558311663
7.855571114222845	2.9055811162232446
7.876575315063012	2.915383076615323
7.89757951590318	2.9251850370074015
7.918583716743348	2.9349869973994798
7.939587917583516	2.943388677735547
7.960592118423684	2.9531906381276256
7.981596319263852	2.9615923184636928
8.002600520104021	2.96999399879976
8.023604720944189	2.978395679135827
8.044608921784357	2.986797359471894
8.065613122624525	2.9951990398079613
8.086617323464694	3.0022004400880173
8.10762152430486	3.0092018403680734
8.128625725145028	3.0162032406481294
8.149629925985197	3.0232046409281854
8.170634126825364	3.0302060412082414
8.191638327665533	3.0358071614322863
8.2126425285057	3.0428085617123424
8.23364672934587	3.0484096819363873
8.254650930186036	3.054010802160432
8.275655131026205	3.0596119223844767
8.296659331866373	3.0638127625525104
8.317663532706542	3.0680136027205442
8.338667733546709	3.0736147229445887
8.359671934386878	3.0778155631126225
8.380676135227045	3.0806161232246447
8.401680336067214	3.0848169633926785
8.422684536907381	3.0876175235047008
8.44368873774755	3.0918183636727345
8.464692938587717	3.094618923784757
8.485697139427886	3.0974194838967795
8.506701340268053	3.0988197639527906
8.527705541108222	3.101620324064813
8.54870974194839	3.103020604120824
8.569713942788557	3.1044208841768355
8.590718143628726	3.1058211642328466
8.611722344468893	3.1072214442888577
8.632726545309062	3.108621724344869
8.653730746149229	3.108621724344869
8.674734946989398	3.11002200440088
8.695739147829565	3.11002200440088
8.716743348669734	3.11002200440088
8.737747549509901	3.108621724344869
8.75875175035007	3.108621724344869
8.779755951190237	3.108621724344869
8.800760152030406	3.1072214442888577
8.821764352870574	3.1058211642328466
8.842768553710743	3.1044208841768355
8.86377275455091	3.103020604120824
8.884776955391079	3.101620324064813
8.905781156231246	3.1002200440088017
8.926785357071415	3.0974194838967795
8.947789557911582	3.094618923784757
8.968793758751751	3.0932186437287457
8.989797959591918	3.0904180836167234
9.010802160432085	3.0876175235047008
9.031806361272254	3.0848169633926785
9.052810562112422	3.0806161232246447
9.07381476295259	3.0778155631126225
9.094818963792758	3.0736147229445887
9.115823164632927	3.0708141628325665
9.136827365473094	3.0666133226645327
9.157831566313263	3.0624124824964993
9.17883576715343	3.0582116423284655
9.199839967993599	3.054010802160432
9.220844168833766	3.0498099619923984
9.241848369673935	3.0456091218243646
9.262852570514102	3.04000800160032
9.283856771354271	3.0358071614322863
9.304860972194438	3.0302060412082414
9.325865173034607	3.024604920984197
9.346869373874775	3.020404080816163
9.367873574714944	3.0148029605921183
9.38887777555511	3.0092018403680734
9.40988197639528	3.003600720144029
9.430886177235447	2.997999599919984
9.451890378075614	2.992398479695939
9.472894578915783	2.985397079415883
9.49389877975595	2.979795959191838
9.51490298059612	2.9741948389677937
9.535907181436286	2.9671934386877377
9.556911382276455	2.9615923184636928
9.577915583116622	2.9545909181836367
9.598919783956791	2.948989797959592
9.619923984796959	2.941988397679536
9.640928185637128	2.9349869973994798
9.661932386477295	2.9279855971194237
9.682936587317464	2.922384476895379
9.703940788157631	2.915383076615323
9.7249449889978	2.908381676335267
9.745949189837967	2.9013802760552108
9.766953390678136	2.8943788757751547
9.787957591518303	2.887377475495099
9.808961792358472	2.880376075215043
9.82996599319864	2.873374674934987
9.850970194038808	2.866373274654931
9.871974394878976	2.859371874374875
9.892978595719143	2.852370474094819
9.913982796559312	2.845369073814763
9.934986997399479	2.836967393478696
9.955991198239648	2.82996599319864
9.976995399079815	2.822964592918584
9.997999599919984	2.815963192638528
10.019003800760151	2.8089617923584718
10.04000800160032	2.8019603920784157
10.061012202440487	2.7949589917983597
10.082016403280656	2.7879575915183037
10.103020604120823	2.7809561912382477
10.124024804960992	2.7739547909581916
10.14502900580116	2.7669533906781356
10.166033206641329	2.7599519903980796
10.187037407481496	2.7529505901180236
10.208041608321665	2.7459491898379675
10.229045809161832	2.7389477895579115
10.250050010002001	2.7319463892778555
10.271054210842168	2.7249449889977995
10.292058411682337	2.7179435887177434
10.313062612522504	2.7109421884376874
10.334066813362671	2.7039407881576314
10.35507101420284	2.6983396679335865
10.376075215043008	2.6913382676535305
10.397079415883177	2.6843368673734744
10.418083616723344	2.6773354670934184
10.439087817563513	2.6703340668133624
10.46009201840368	2.664732946589318
10.481096219243849	2.657731546309262
10.502100420084016	2.650730146029206
10.523104620924185	2.645129025805161
10.544108821764352	2.638127625525105
10.565113022604521	2.631126225245049
10.586117223444688	2.625525105021004
10.607121424284857	2.618523704740948
10.628125625125024	2.6129225845169035
10.649129825965193	2.6073214642928586
10.67013402680536	2.6003200640128026
10.69113822764553	2.5947189437887577
10.712142428485697	2.5891178235647128
10.733146629325866	2.583516703340668
10.754150830166033	2.5779155831166234
10.775155031006202	2.5723144628925785
10.796159231846369	2.5681136227245447
10.817163432686536	2.5625125025005002
10.838167633526705	2.5569113822764553
10.859171834366872	2.5527105421084215
10.880176035207041	2.548509701940388
10.901180236047209	2.5443088617723544
10.922184436887378	2.5401080216043206
10.943188637727545	2.5359071814362872
10.964192838567714	2.5331066213242646
10.98519703940788	2.528905781156231
11.00620124024805	2.526105221044209
11.027205441088217	2.5233046609321863
11.048209641928386	2.520504100820164
11.069213842768553	2.519103820764153
11.090218043608722	2.5163032606521303
11.11122224444889	2.514902980596119
11.132226445289058	2.513502700540108
11.153230646129225	2.512102420484097
11.174234846969394	2.512102420484097
11.195239047809562	2.5107021404280854
11.21624324864973	2.5107021404280854
11.237247449489898	2.5107021404280854
11.258251650330065	2.512102420484097
11.279255851170234	2.512102420484097
11.300260052010401	2.513502700540108
11.32126425285057	2.514902980596119
11.342268453690737	2.5177035407081414
11.363272654530906	2.519103820764153
11.384276855371073	2.521904380876175
11.405281056211242	2.5247049409881974
11.42628525705141	2.52750550110022
11.447289457891578	2.5303060612122423
11.468293658731746	2.5331066213242646
11.489297859571915	2.5373074614922984
11.510302060412082	2.541508301660332
11.53130626125225	2.5457091418283655
11.552310462092418	2.5499099819963993
11.573314662932587	2.555511102220444
11.594318863772754	2.5597119423884775
11.615323064612923	2.5653130626125225
11.63632726545309	2.5709141828365674
11.65733146629326	2.576515303060612
11.678335667133426	2.5821164232846567
11.699339867973594	2.5877175435087016
11.720344068813763	2.5947189437887577
11.74134826965393	2.6003200640128026
11.762352470494099	2.6073214642928586
11.783356671334266	2.6143228645729146
11.804360872174435	2.6213242648529707
11.825365073014602	2.6283256651330267
11.846369273854771	2.6353270654130827
11.867373474694938	2.6423284656931387
11.888377675535107	2.6493298659731948
11.909381876375274	2.657731546309262
11.930386077215443	2.664732946589318
11.95139027805561	2.671734346869374
11.97239447889578	2.680136027205441
11.993398679735947	2.6885377075415082
12.014402880576116	2.6955391078215643
12.035407081416283	2.7039407881576314
12.056411282256452	2.7109421884376874
12.077415483096619	2.7193438687737546
12.098419683936788	2.7277455491098217
12.119423884776955	2.7361472294458893
12.140428085617122	2.7431486297259453
12.161432286457291	2.7515503100620124
12.182436487297458	2.7599519903980796
12.203440688137627	2.7669533906781356
12.224444888977795	2.7753550710142028
12.245449089817964	2.78375675135027
12.26645329065813	2.790758151630326
12.2874574914983	2.799159831966393
12.308461692338467	2.80756151230246
12.329465893178636	2.8145629125825162
12.350470094018803	2.822964592918584
12.371474294858972	2.82996599319864
12.39247849569914	2.836967393478696
12.413482696539308	2.845369073814763
12.434486897379475	2.852370474094819
12.455491098219644	2.859371874374875
12.476495299059811	2.866373274654931
12.49749949989998	2.873374674934987
12.518503700740148	2.880376075215043
12.539507901580317	2.887377475495099
12.560512102420484	2.8943788757751547
12.581516303260651	2.8999799959991996
12.60252050410082	2.9069813962792557
12.623524704940987	2.9125825165033006
12.644528905781156	2.9181836367273455
12.665533106621323	2.9237847569513904
12.686537307461492	2.929385877175435
12.70754150830166	2.9349869973994798
12.728545709141828	2.9405881176235247
12.749549909981996	2.9461892378475696
12.770554110822165	2.950390078015603
12.791558311662332	2.955991198239648
12.8125625125025	2.9601920384076816
12.833566713342668	2.964392878575715
12.854570914182837	2.9685937187437488
12.875575115023004	2.972794558911782
12.896579315863173	2.976995399079816
12.91758351670334	2.979795959191838
12.93858771754351	2.982596519303861
12.959591918383676	2.986797359471894
12.980596119223845	2.989597919583917
13.001600320064012	2.992398479695939
13.022604520904181	2.9951990398079613
13.043608721744349	2.996599319863973
13.064612922584516	2.999399879975995
13.085617123424685	3.0008001600320062
13.106621324264852	3.0022004400880173
13.127625525105021	3.003600720144029
13.148629725945188	3.00500100020004
13.169633926785357	3.006401280256051
13.190638127625524	3.0078015603120623
13.211642328465693	3.0078015603120623
13.23264652930586	3.0092018403680734
13.25365073014603	3.0092018403680734
13.274654930986197	3.0092018403680734
13.295659131826365	3.0092018403680734
13.316663332666533	3.0092018403680734
13.337667533506702	3.0078015603120623
13.358671734346869	3.0078015603120623
13.379675935187038	3.006401280256051
13.400680136027205	3.006401280256051
13.421684336867374	3.00500100020004
13.442688537707541	3.003600720144029
13.46369273854771	3.0022004400880173
13.484696939387877	2.999399879975995
13.505701140228044	2.997999599919984
13.526705341068213	2.9951990398079613
13.54770954190838	2.99379875975195
13.56871374274855	2.990998199639928
13.589717943588717	2.9881976395279053
13.610722144428886	2.985397079415883
13.631726345269053	2.982596519303861
13.652730546109222	2.979795959191838
13.673734746949389	2.975595119023805
13.694738947789558	2.972794558911782
13.715743148629725	2.9685937187437488
13.736747349469894	2.964392878575715
13.757751550310061	2.9601920384076816
13.77875575115023	2.955991198239648
13.799759951990398	2.951790358071614
13.820764152830566	2.9475895179035807
13.841768353670734	2.943388677735547
13.862772554510903	2.937787557511502
13.88377675535107	2.9335867173434687
13.904780956191239	2.9279855971194237
13.925785157031406	2.922384476895379
13.946789357871573	2.9167833566713344
13.967793558711742	2.9111822364472895
13.98879775955191	2.9055811162232446
14.009801960392078	2.8999799959991996
14.030806161232245	2.8943788757751547
14.051810362072414	2.887377475495099
14.072814562912582	2.8817763552710542
14.09381876375275	2.874774954990998
14.114822964592918	2.8691738347669533
14.135827165433087	2.8621724344868973
14.156831366273254	2.8551710342068413
14.177835567113423	2.8495699139827964
14.19883976795359	2.8425685137027403
14.219843968793759	2.8355671134226843
14.240848169633926	2.8285657131426283
14.261852370474095	2.822964592918584
14.282856571314262	2.815963192638528
14.303860772154431	2.8089617923584718
14.324864972994598	2.8019603920784157
14.345869173834767	2.7949589917983597
14.366873374674935	2.7879575915183037
14.387877575515102	2.782356471294259
14.40888177635527	2.7753550710142028
14.429885977195438	2.7683536707341467
14.450890178035607	2.762752550510102
14.471894378875774	2.755751150230046
14.492898579715943	2.7501500300060013
14.51390278055611	2.7431486297259453
14.53490698139628	2.7375475095019004
14.555911182236446	2.7319463892778555
14.576915383076615	2.7249449889977995
14.597919583916783	2.7193438687737546
14.618923784756952	2.7137427485497096
14.639927985597119	2.708141628325665
14.660932186437288	2.7039407881576314
14.681936387277455	2.6983396679335865
14.702940588117624	2.692738547709542
14.723944788957791	2.6885377075415082
14.74494898979796	2.6829365873174633
14.765953190638127	2.67873574714943
14.786957391478296	2.674534906981396
14.807961592318463	2.6703340668133624
14.82896579315863	2.666133226645329
14.8499699939988	2.6619323864772952
14.870974194838967	2.659131826365273
14.891978395679136	2.654930986197239
14.912982596519303	2.652130426085217
14.933986797359472	2.6493298659731948
14.954990998199639	2.646529305861172
14.975995199039808	2.64372874574915
14.996999399879975	2.640928185637127
15.018003600720144	2.638127625525105
15.039007801560311	2.6353270654130827
15.06001200240048	2.633926785357071
15.081016203240647	2.63252650530106
15.102020404080816	2.631126225245049
15.123024604920984	2.629725945189038
15.144028805761153	2.6283256651330267
15.16503300660132	2.626925385077015
15.186037207441489	2.625525105021004
15.207041408281656	2.625525105021004
15.228045609121825	2.624124824964993
15.249049809961992	2.624124824964993
15.270054010802161	2.624124824964993
15.291058211642328	2.624124824964993
15.312062412482495	2.624124824964993
15.333066613322664	2.624124824964993
15.354070814162831	2.624124824964993
15.375075015003	2.625525105021004
15.396079215843168	2.625525105021004
15.417083416683337	2.626925385077015
15.438087617523504	2.6283256651330267
15.459091818363673	2.629725945189038
15.48009601920384	2.629725945189038
15.501100220044009	2.63252650530106
15.522104420884176	2.633926785357071
15.543108621724345	2.6353270654130827
15.564112822564512	2.636727345469094
15.585117023404681	2.639527905581116
15.606121224244848	2.640928185637127
15.627125425085017	2.64372874574915
15.648129625925185	2.645129025805161
15.669133826765353	2.647929585917183
15.69013802760552	2.650730146029206
15.71114222844569	2.653530706141228
15.732146429285857	2.656331266253251
15.753150630126024	2.659131826365273
15.774154830966193	2.6619323864772952
15.79515903180636	2.664732946589318
15.81616323264653	2.66753350670134
15.837167433486696	2.6703340668133624
15.858171634326865	2.674534906981396
15.879175835167032	2.6773354670934184
15.900180036007201	2.680136027205441
15.921184236847369	2.6843368673734744
15.942188437687538	2.687137427485497
15.963192638527705	2.6913382676535305
15.984196839367874	2.694138827765553
16.005201040208043	2.6983396679335865
16.02620524104821	2.701140228045609
16.047209441888377	2.7053410682136425
16.068213642728544	2.708141628325665
16.089217843568715	2.7123424684936985
16.110222044408882	2.7165433086617323
16.13122624524905	2.7193438687737546
16.152230446089217	2.7235447089417884
16.173234646929387	2.7277455491098217
16.194238847769554	2.7305461092218444
16.21524304860972	2.7347469493898777
16.23624724944989	2.7389477895579115
16.257251450290056	2.7417483496699337
16.278255651130227	2.7459491898379675
16.299259851970394	2.7501500300060013
16.32026405281056	2.7543508701740347
16.34126825365073	2.757151430286057
16.3622724544909	2.7613522704540907
16.383276655331066	2.764152830566113
16.404280856171233	2.7683536707341467
16.4252850570114	2.7725545109021805
16.44628925785157	2.7753550710142028
16.46729345869174	2.7795559111822365
16.488297659531906	2.782356471294259
16.509301860372073	2.7865573114622926
16.530306061212244	2.789357871574315
16.55131026205241	2.7935587117423486
16.572314462892578	2.796359271854371
16.593318663732745	2.799159831966393
16.614322864572916	2.803360672134427
16.635327065413083	2.806161232246449
16.65633126625325	2.8089617923584718
16.677335467093418	2.811762352470494
16.698339667933585	2.815963192638528
16.719343868773755	2.81876375275055
16.740348069613923	2.8215643128625723
16.76135227045409	2.824364872974595
16.782356471294257	2.827165433086617
16.803360672134428	2.82996599319864
16.824364872974595	2.832766553310662
16.845369073814762	2.834166833366673
16.86637327465493	2.836967393478696
16.8873774754951	2.839767953590718
16.908381676335267	2.8425685137027403
16.929385877175434	2.843968793758752
16.9503900780156	2.846769353870774
16.971394278855772	2.8481696339267852
16.99239847969594	2.8509701940388075
17.013402680536107	2.852370474094819
17.034406881376274	2.85377075415083
17.055411082216445	2.8565713142628524
17.076415283056612	2.8579715943188635
17.09741948389678	2.859371874374875
17.118423684736946	2.860772154430886
17.139427885577113	2.8621724344868973
17.160432086417284	2.8635727145429084
17.18143628725745	2.8649729945989195
17.20244048809762	2.866373274654931
17.223444688937786	2.867773554710942
17.244448889777956	2.867773554710942
17.265453090618124	2.8691738347669533
17.28645729145829	2.8705741148229644
17.307461492298458	2.8705741148229644
17.32846569313863	2.8719743948789755
17.349469893978796	2.8719743948789755
17.370474094818963	2.873374674934987
17.39147829565913	2.873374674934987
17.4124824964993	2.873374674934987
17.433486697339468	2.873374674934987
17.454490898179635	2.874774954990998
17.475495099019803	2.874774954990998
17.496499299859973	2.874774954990998
17.51750350070014	2.874774954990998
17.538507701540308	2.874774954990998
17.559511902380475	2.873374674934987
17.580516103220642	2.873374674934987
17.601520304060813	2.873374674934987
17.62252450490098	2.873374674934987
17.643528705741147	2.8719743948789755
17.664532906581314	2.8719743948789755
17.685537107421485	2.8719743948789755
17.706541308261652	2.8705741148229644
17.72754550910182	2.8705741148229644
17.748549709941987	2.8691738347669533
17.769553910782157	2.867773554710942
17.790558111622325	2.867773554710942
17.81156231246249	2.866373274654931
17.83256651330266	2.8649729945989195
17.85357071414283	2.8649729945989195
17.874574914982997	2.8635727145429084
17.895579115823164	2.8621724344868973
17.91658331666333	2.860772154430886
17.937587517503502	2.859371874374875
17.95859171834367	2.8579715943188635
17.979595919183836	2.8565713142628524
18.000600120024004	2.8551710342068413
18.02160432086417	2.85377075415083
18.04260852170434	2.852370474094819
18.06361272254451	2.8509701940388075
18.084616923384676	2.8495699139827964
18.105621124224843	2.8481696339267852
18.126625325065014	2.845369073814763
18.14762952590518	2.843968793758752
18.168633726745348	2.8425685137027403
18.189637927585515	2.841168233646729
18.210642128425686	2.839767953590718
18.231646329265853	2.836967393478696
18.25265053010602	2.8355671134226843
18.273654730946188	2.834166833366673
18.29465893178636	2.831366273254651
18.315663132626526	2.82996599319864
18.336667333466693	2.8285657131426283
18.35767153430686	2.825765153030606
18.37867573514703	2.824364872974595
18.399679935987198	2.8215643128625723
18.420684136827365	2.820164032806561
18.441688337667532	2.81876375275055
18.4626925385077	2.815963192638528
18.48369673934787	2.8145629125825162
18.504700940188037	2.811762352470494
18.525705141028205	2.810362072414483
18.54670934186837	2.80756151230246
18.567713542708542	2.806161232246449
18.58871774354871	2.804760952190438
18.609721944388877	2.8019603920784157
18.630726145229044	2.8005601120224046
18.651730346069215	2.797759551910382
18.672734546909382	2.796359271854371
18.69373874774955	2.7935587117423486
18.714742948589716	2.792158431686337
18.735747149429887	2.790758151630326
18.756751350270054	2.7879575915183037
18.77775555111022	2.7865573114622926
18.79875975195039	2.78375675135027
18.81976395279056	2.782356471294259
18.840768153630727	2.7809561912382477
18.861772354470894	2.778155631126225
18.88277655531106	2.776755351070214
18.903780756151228	2.7753550710142028
18.9247849569914	2.7725545109021805
18.945789157831566	2.771154230846169
18.966793358671733	2.769753950790158
18.9877975595119	2.7683536707341467
19.00880176035207	2.7655531106221245
19.02980596119224	2.764152830566113
19.050810162032406	2.762752550510102
19.071814362872573	2.7613522704540907
19.092818563712743	2.7599519903980796
19.11382276455291	2.7585517103420685
19.134826965393078	2.757151430286057
19.155831166233245	2.7543508701740347
19.176835367073416	2.7529505901180236
19.197839567913583	2.7515503100620124
19.21884376875375	2.7501500300060013
19.239847969593917	2.7487497499499898
19.260852170434088	2.7473494698939787
19.281856371274255	2.7459491898379675
19.302860572114422	2.7445489097819564
19.32386477295459	2.7431486297259453
19.344868973794757	2.7417483496699337
19.365873174634928	2.7417483496699337
19.386877375475095	2.7403480696139226
19.407881576315262	2.7389477895579115
19.42888577715543	2.7375475095019004
19.4498899779956	2.7361472294458893
19.470894178835767	2.7347469493898777
19.491898379675934	2.7347469493898777
19.5129025805161	2.7333466693338666
19.533906781356272	2.7319463892778555
19.55491098219644	2.7305461092218444
19.575915183036606	2.7305461092218444
19.596919383876774	2.7291458291658333
19.617923584716944	2.7277455491098217
19.63892778555711	2.7277455491098217
19.65993198639728	2.7263452690538106
19.680936187237446	2.7249449889977995
19.701940388077617	2.7249449889977995
19.722944588917784	2.7235447089417884
19.74394878975795	2.7235447089417884
19.76495299059812	2.7221444288857772
19.785957191438285	2.7221444288857772
19.806961392278456	2.7207441488297657
19.827965593118623	2.7207441488297657
19.84896979395879	2.7193438687737546
19.869973994798958	2.7193438687737546
19.89097819563913	2.7193438687737546
19.911982396479296	2.7179435887177434
19.932986597319463	2.7179435887177434
19.95399079815963	2.7179435887177434
19.9749949989998	2.7179435887177434
19.995999199839968	2.7179435887177434
20.017003400680135	2.7179435887177434
20.038007601520302	2.7165433086617323
20.059011802360473	2.7165433086617323
20.08001600320064	2.7165433086617323
20.101020204040807	2.7179435887177434
20.122024404880975	2.7179435887177434
20.143028605721145	2.7179435887177434
20.164032806561313	2.7179435887177434
20.18503700740148	2.7179435887177434
20.206041208241647	2.7179435887177434
20.227045409081814	2.7193438687737546
20.248049609921985	2.7193438687737546
20.269053810762152	2.7207441488297657
20.29005801160232	2.7207441488297657
20.311062212442486	2.7207441488297657
20.332066413282657	2.7221444288857772
20.353070614122824	2.7235447089417884
20.37407481496299	2.7235447089417884
20.39507901580316	2.7249449889977995
20.41608321664333	2.7263452690538106
20.437087417483497	2.7263452690538106
20.458091618323664	2.7277455491098217
20.47909581916383	2.7291458291658333
20.500100020004002	2.7305461092218444
20.52110422084417	2.7319463892778555
20.542108421684336	2.7319463892778555
20.563112622524503	2.7333466693338666
20.584116823364674	2.7347469493898777
20.60512102420484	2.7361472294458893
20.62612522504501	2.7375475095019004
20.647129425885176	2.7403480696139226
20.668133626725343	2.7417483496699337
20.689137827565514	2.7431486297259453
20.71014202840568	2.7445489097819564
20.731146229245848	2.7459491898379675
20.752150430086015	2.7473494698939787
20.773154630926186	2.7501500300060013
20.794158831766353	2.7515503100620124
20.81516303260652	2.7529505901180236
20.836167233446687	2.7543508701740347
20.857171434286858	2.757151430286057
20.878175635127025	2.7585517103420685
20.899179835967193	2.7599519903980796
20.92018403680736	2.762752550510102
20.94118823764753	2.764152830566113
20.962192438487698	2.7655531106221245
20.983196639327865	2.7683536707341467
21.004200840168032	2.769753950790158
21.025205041008203	2.7725545109021805
21.04620924184837	2.7739547909581916
21.067213442688537	2.7753550710142028
21.088217643528704	2.778155631126225
21.109221844368875	2.7795559111822365
21.130226045209042	2.782356471294259
21.15123024604921	2.78375675135027
21.172234446889377	2.785157031406281
21.193238647729544	2.7879575915183037
21.214242848569715	2.789357871574315
21.23524704940988	2.790758151630326
21.25625125025005	2.7935587117423486
21.277255451090216	2.7949589917983597
21.298259651930387	2.796359271854371
21.319263852770554	2.799159831966393
21.34026805361072	2.8005601120224046
21.36127225445089	2.8019603920784157
21.38227645529106	2.804760952190438
21.403280656131226	2.806161232246449
21.424284856971394	2.80756151230246
21.44528905781156	2.8089617923584718
21.46629325865173	2.810362072414483
21.4872974594919	2.811762352470494
21.508301660332066	2.8145629125825162
21.529305861172233	2.815963192638528
21.550310062012404	2.817363472694539
21.57131426285257	2.81876375275055
21.592318463692738	2.820164032806561
21.613322664532905	2.8215643128625723
21.634326865373072	2.822964592918584
21.655331066213243	2.824364872974595
21.67633526705341	2.824364872974595
21.697339467893578	2.825765153030606
21.718343668733745	2.827165433086617
21.739347869573916	2.8285657131426283
21.760352070414083	2.8285657131426283
21.78135627125425	2.82996599319864
21.802360472094417	2.831366273254651
21.823364672934588	2.831366273254651
21.844368873774755	2.832766553310662
21.865373074614922	2.832766553310662
21.88637727545509	2.834166833366673
21.90738147629526	2.834166833366673
21.928385677135427	2.8355671134226843
21.949389877975594	2.8355671134226843
21.97039407881576	2.836967393478696
21.991398279655932	2.836967393478696
22.0124024804961	2.836967393478696
22.033406681336267	2.836967393478696
22.054410882176434	2.838367673534707
22.0754150830166	2.838367673534707
22.096419283856772	2.838367673534707
22.11742348469694	2.838367673534707
22.138427685537106	2.838367673534707
22.159431886377273	2.838367673534707
22.180436087217444	2.838367673534707
22.20144028805761	2.838367673534707
22.22244448889778	2.838367673534707
22.243448689737946	2.836967393478696
22.264452890578116	2.836967393478696
22.285457091418284	2.836967393478696
22.30646129225845	2.836967393478696
22.327465493098618	2.836967393478696
22.34846969393879	2.8355671134226843
22.369473894778956	2.8355671134226843
22.390478095619123	2.8355671134226843
22.41148229645929	2.834166833366673
22.43248649729946	2.834166833366673
22.45349069813963	2.832766553310662
22.474494898979795	2.832766553310662
22.495499099819963	2.831366273254651
22.51650330066013	2.831366273254651
22.5375075015003	2.82996599319864
22.558511702340468	2.8285657131426283
22.579515903180635	2.8285657131426283
22.600520104020802	2.827165433086617
22.621524304860973	2.825765153030606
22.64252850570114	2.825765153030606
22.663532706541307	2.824364872974595
22.684536907381474	2.822964592918584
22.705541108221645	2.8215643128625723
22.726545309061812	2.820164032806561
22.74754950990198	2.820164032806561
22.768553710742147	2.81876375275055
22.789557911582317	2.817363472694539
22.810562112422485	2.815963192638528
22.831566313262652	2.8145629125825162
22.85257051410282	2.813162632526505
22.87357471494299	2.811762352470494
22.894578915783157	2.810362072414483
22.915583116623324	2.8089617923584718
22.93658731746349	2.80756151230246
22.95759151830366	2.806161232246449
22.97859571914383	2.804760952190438
22.999599919983996	2.803360672134427
23.020604120824164	2.8019603920784157
23.04160832166433	2.799159831966393
23.0626125225045	2.797759551910382
23.08361672334467	2.796359271854371
23.104620924184836	2.7949589917983597
23.125625125025003	2.7935587117423486
23.146629325865174	2.792158431686337
23.16763352670534	2.790758151630326
23.18863772754551	2.7879575915183037
23.209641928385675	2.7865573114622926
23.230646129225846	2.785157031406281
23.251650330066013	2.78375675135027
23.27265453090618	2.782356471294259
23.293658731746348	2.7809561912382477
23.31466293258652	2.778155631126225
23.335667133426686	2.776755351070214
23.356671334266853	2.7753550710142028
23.37767553510702	2.7739547909581916
23.398679735947187	2.7725545109021805
23.419683936787358	2.771154230846169
23.440688137627525	2.769753950790158
23.461692338467692	2.7683536707341467
23.48269653930786	2.7669533906781356
23.50370074014803	2.7655531106221245
23.524704940988197	2.762752550510102
23.545709141828365	2.7613522704540907
23.566713342668532	2.7613522704540907
23.587717543508703	2.7599519903980796
23.60872174434887	2.7585517103420685
23.629725945189037	2.757151430286057
23.650730146029204	2.755751150230046
23.671734346869375	2.7543508701740347
23.692738547709542	2.7529505901180236
23.71374274854971	2.7515503100620124
23.734746949389876	2.7515503100620124
23.755751150230047	2.7501500300060013
23.776755351070214	2.7487497499499898
23.79775955191038	2.7473494698939787
23.81876375275055	2.7473494698939787
23.839767953590716	2.7459491898379675
23.860772154430887	2.7459491898379675
23.881776355271054	2.7445489097819564
23.90278055611122	2.7431486297259453
23.923784756951388	2.7431486297259453
23.94478895779156	2.7431486297259453
23.965793158631726	2.7417483496699337
23.986797359471893	2.7417483496699337
24.00780156031206	2.7403480696139226
24.02880576115223	2.7403480696139226
24.0498099619924	2.7403480696139226
24.070814162832566	2.7403480696139226
24.091818363672733	2.7389477895579115
24.112822564512904	2.7389477895579115
24.13382676535307	2.7389477895579115
24.154830966193238	2.7389477895579115
24.175835167033405	2.7389477895579115
24.196839367873576	2.7389477895579115
24.217843568713743	2.7389477895579115
24.23884776955391	2.7389477895579115
24.259851970394077	2.7389477895579115
24.280856171234245	2.7389477895579115
24.301860372074415	2.7389477895579115
24.322864572914582	2.7389477895579115
24.34386877375475	2.7389477895579115
24.364872974594917	2.7403480696139226
24.385877175435088	2.7403480696139226
24.406881376275255	2.7403480696139226
24.427885577115422	2.7403480696139226
24.44888977795559	2.7417483496699337
24.46989397879576	2.7417483496699337
24.490898179635927	2.7431486297259453
24.511902380476094	2.7431486297259453
24.53290658131626	2.7431486297259453
24.553910782156432	2.7445489097819564
24.5749149829966	2.7445489097819564
24.595919183836767	2.7459491898379675
24.616923384676934	2.7459491898379675
24.637927585517104	2.7473494698939787
24.65893178635727	2.7473494698939787
24.67993598719744	2.7487497499499898
24.700940188037606	2.7501500300060013
24.721944388877773	2.7501500300060013
24.742948589717944	2.7515503100620124
24.76395279055811	2.7529505901180236
24.78495699139828	2.7529505901180236
24.805961192238446	2.7543508701740347
24.826965393078616	2.755751150230046
24.847969593918783	2.755751150230046
24.86897379475895	2.757151430286057
24.889977995599118	2.7585517103420685
24.91098219643929	2.7585517103420685
24.931986397279456	2.7599519903980796
24.952990598119623	2.7613522704540907
24.97399479895979	2.762752550510102
24.99499899979996	2.762752550510102
