0.0	0.06581316263252646
0.04480896179235847	-0.0798159631926385
0.08961792358471694	0.00980196039207848
0.13442688537707542	0.033606721344268786
0.1792358471694339	0.04480896179235838
0.22404480896179238	0.051810362072414406
0.26885377075415084	0.05881176235247043
0.31366273254650934	0.06441288257651534
0.3584716943388678	0.07141428285657136
0.40328065613122627	0.07701540308061605
0.44808961792358476	0.08261652330466096
0.4928985797159432	0.08821764352870565
0.5377075415083017	0.09381876375275056
0.5825165033006602	0.10082016403280658
0.6273254650930187	0.10642128425685149
0.6721344268853771	0.11062212442488506
0.7169433886777355	0.11622324464892975
0.761752350470094	0.12042408481696332
0.8065613122624525	0.12462492498499711
0.851370274054811	0.12882576515303068
0.8961792358471695	0.1316263252650529
0.9409881976395279	0.13442688537707537
0.9857971594318864	0.1358271654330867
1.030606121224245	0.13722744548909782
1.0754150830166034	0.13722744548909782
1.1202240448089618	0.1358271654330867
1.1650330066013204	0.13442688537707537
1.2098419683936787	0.1302260452090418
1.2546509301860373	0.12602520504100823
1.2994598919783957	0.1190238047609522
1.3442688537707541	0.11202240448089618
1.3890778155631127	0.1022204440888177
1.433886777355471	0.08961792358471699
1.4786957391478297	0.07561512302460494
1.523504700940188	0.06021204240848177
1.5683136627325465	0.04060812162432481
1.613122624524905	0.01820364072814562
1.6579315863172635	0.0014002800560111162
1.702740548109622	-0.025205041008201645
1.7475495099019804	-0.057411482296459315
1.792358471694339	-0.09241848369673944
1.8371674334866974	-0.12742548509701923
1.8819763952790558	-0.16103220644128813
1.9267853570714144	-0.1932386477295458
1.9715943188637728	-0.22404480896179224
2.016403280656131	-0.25205041008201623
2.06121224244849	-0.2786557311462291
2.1060212042408484	-0.3024604920984195
2.1508301660332068	-0.3234646929385876
2.195639127825565	-0.33886777355471087
2.2404480896179235	-0.3514702940588117
2.2852570514102823	-0.3584716943388676
2.3300660132026407	-0.3584716943388676
2.374874974994999	-0.3514702940588117
2.4196839367873575	-0.33746749349869964
2.464492898579716	-0.32206441288257637
2.5093018603720747	-0.31086217243448677
2.554110822164433	-0.29265853170634115
2.5989197839567915	-0.2394478895779154
2.64372874574915	-0.1540308061612321
2.6885377075415082	-0.063012602520504
2.733346669333867	0.01820364072814562
2.7781556311262254	0.08821764352870565
2.822964592918584	0.14562912582516496
2.867773554710942	0.19463892778555714
2.9125825165033006	0.23664732946589329
2.9573914782956594	0.2730546109221845
3.002200440088018	0.30386077215443086
3.047009401880376	0.33046609321864384
3.0918183636727345	0.35287057411482303
3.136627325465093	0.37107421484296865
3.1814362872574518	0.3850770154030807
3.22624524904981	0.3962792558511703
3.2710542108421685	0.4032806561312263
3.315863172634527	0.4074814962992599
3.3606721344268857	0.4074814962992599
3.405481096219244	0.40468093618723744
3.4502900580116025	0.39907981596319275
3.495099019803961	0.3892778555711143
3.5399079815963193	0.3780756151230247
3.584716943388678	0.3626725345069013
3.6295259051810365	0.34446889377875567
3.674334866973395	0.3234646929385878
3.7191438287657532	0.3010602120424084
3.7639527905581116	0.27585517103420676
3.8087617523504704	0.24784956991398288
3.853570714142829	0.21984396879375878
3.898379675935187	0.18903780756151223
3.9431886377275456	0.1582316463292659
3.987997599519904	0.12742548509701934
4.032806561312262	0.09801960392078413
4.077615523104621	0.06861372274454891
4.12242448489698	0.04200840168033615
4.167233446689338	0.016803360672134504
4.212042408481697	-0.007001400280056025
4.256851370274055	-0.029405881176235216
4.3016603320664135	-0.049009801960392174
4.346469293858772	-0.0672134426885378
4.39127825565113	-0.08261652330466096
4.436087217443489	-0.09661932386477301
4.480896179235847	-0.1078215643128626
4.525705141028205	-0.11622324464892964
4.570514102820565	-0.12322464492898566
4.615323064612923	-0.12742548509701923
4.6601320264052815	-0.13022604520904169
4.70494098819764	-0.13022604520904169
4.749749949989998	-0.12882576515303046
4.794558911782357	-0.12462492498499689
4.839367873574715	-0.11902380476095209
4.884176835367073	-0.11342268453690729
4.928985797159432	-0.10502100420084015
4.97379475895179	-0.09661932386477301
5.018603720744149	-0.08821764352870565
5.063412682536508	-0.07841568313662739
5.108221644328866	-0.06861372274454891
5.1530306061212245	-0.06021204240848177
5.197839567913583	-0.05041008201640329
5.242648529705941	-0.04200840168033615
5.2874574914983	-0.035007001400280124
5.332266453290658	-0.0280056011202241
5.3770754150830165	-0.021004200840168075
5.421884376875376	-0.015403080616123166
5.466693338667734	-0.011202240448089595
5.5115023004600925	-0.008401680336067141
5.556311262252451	-0.005601120224044687
5.601120224044809	-0.0028005601120224544
5.645929185837168	-0.0028005601120224544
5.690738147629526	-0.0014002800560111162
5.735547109421884	-0.0014002800560111162
5.780356071214243	-0.0028005601120224544
5.825165033006601	-0.0028005601120224544
5.86997399479896	-0.0042008401680335705
5.914782956591319	-0.005601120224044687
5.959591918383677	-0.007001400280056025
6.004400880176036	-0.008401680336067141
6.049209841968394	-0.011202240448089595
6.094018803760752	-0.012602520504100712
6.138827765553111	-0.01400280056011205
6.183636727345469	-0.01400280056011205
6.2284456891378275	-0.015403080616123166
6.273254650930186	-0.016803360672134504
6.318063612722545	-0.016803360672134504
6.3628725745149035	-0.016803360672134504
6.407681536307262	-0.016803360672134504
6.45249049809962	-0.015403080616123166
6.497299459891979	-0.01400280056011205
6.542108421684337	-0.012602520504100712
6.586917383476695	-0.011202240448089595
6.631726345269054	-0.00980196039207848
6.676535307061412	-0.007001400280056025
6.7213442688537715	-0.0042008401680335705
6.76615323064613	0.0
6.810962192438488	0.0028005601120224544
6.855771154230847	0.007001400280056025
6.900580116023205	0.011202240448089595
6.945389077815563	0.015403080616123166
6.990198039607922	0.019603920784156736
7.03500700140028	0.025205041008201645
7.0798159631926385	0.029405881176235216
7.124624924984997	0.033606721344268786
7.169433886777356	0.03780756151230258
7.2142428485697145	0.043408681736347265
7.259051810362073	0.047609521904380836
7.303860772154431	0.051810362072414406
7.34866973394679	0.05461092218443686
7.393478695739148	0.05881176235247043
7.4382876575315064	0.061612322464492886
7.483096619323865	0.06441288257651534
7.527905581116223	0.0672134426885378
7.572714542908582	0.07001400280056003
7.617523504700941	0.07141428285657136
7.662332466493299	0.07141428285657136
7.707141428285658	0.07141428285657136
7.751950390078016	0.07141428285657136
7.796759351870374	0.07141428285657136
7.841568313662733	0.07001400280056003
7.886377275455091	0.0672134426885378
7.9311862372474495	0.06441288257651534
7.975995199039808	0.061612322464492886
8.020804160832167	0.057411482296459315
8.065613122624525	0.053210642128425745
8.110422084416884	0.047609521904380836
8.155231046209241	0.04200840168033615
8.2000400080016	0.03640728145629124
8.24484896979396	0.029405881176235216
8.289657931586317	0.02240448089617919
8.334466893378677	0.015403080616123166
8.379275855171034	0.007001400280056025
8.424084816963394	0.0
8.468893778755751	-0.008401680336067141
8.51370274054811	-0.016803360672134504
8.558511702340468	-0.025205041008201645
8.603320664132827	-0.03220644128825767
8.648129625925185	-0.04060812162432481
8.692938587717544	-0.047609521904380836
8.737747549509903	-0.05461092218443686
8.78255651130226	-0.06021204240848177
8.82736547309462	-0.06581316263252646
8.872174434886977	-0.07001400280056003
8.916983396679337	-0.0742148429685936
8.961792358471694	-0.07701540308061605
9.006601320264053	-0.07841568313662739
9.05141028205641	-0.07841568313662739
9.09621924384877	-0.07841568313662739
9.14102820564113	-0.07561512302460494
9.185837167433487	-0.07281456291258248
9.230646129225846	-0.06861372274454891
9.275455091018204	-0.063012602520504
9.320264052810563	-0.057411482296459315
9.36507301460292	-0.05041008201640329
9.40988197639528	-0.04200840168033615
9.454690938187637	-0.035007001400280124
9.499499899979996	-0.025205041008201645
9.544308861772356	-0.016803360672134504
9.589117823564713	-0.008401680336067141
9.633926785357072	0.0
9.67873574714943	0.008401680336067141
9.72354470894179	0.016803360672134504
9.768353670734147	0.02380476095219053
9.813162632526506	0.029405881176235216
9.857971594318863	0.035007001400280124
9.902780556111223	0.04060812162432481
9.94758951790358	0.04480896179235838
9.99239847969594	0.047609521904380836
10.037207441488299	0.05041008201640329
10.082016403280656	0.051810362072414406
10.126825365073016	0.053210642128425745
10.171634326865373	0.053210642128425745
10.216443288657732	0.051810362072414406
10.26125225045009	0.051810362072414406
10.306061212242449	0.05041008201640329
10.350870174034807	0.047609521904380836
10.395679135827166	0.04480896179235838
10.440488097619525	0.04200840168033615
10.485297059411883	0.039207841568313695
10.530106021204242	0.03640728145629124
10.5749149829966	0.03220644128825767
10.619723944788959	0.029405881176235216
10.664532906581316	0.02660532106421276
10.709341868373675	0.02240448089617919
10.754150830166033	0.019603920784156736
10.798959791958392	0.016803360672134504
10.843768753750751	0.012602520504100934
10.888577715543109	0.00980196039207848
10.933386677335468	0.008401680336067141
10.978195639127826	0.005601120224044909
11.023004600920185	0.0042008401680335705
11.067813562712542	0.0014002800560111162
11.112622524504902	0.0
11.15743148629726	-0.0014002800560111162
11.202240448089618	-0.0014002800560111162
11.247049409881976	-0.0028005601120224544
11.291858371674335	-0.0028005601120224544
11.336667333466695	-0.0042008401680335705
11.381476295259052	-0.0042008401680335705
11.426285257051411	-0.0042008401680335705
11.471094218843769	-0.0042008401680335705
11.515903180636128	-0.0028005601120224544
11.560712142428486	-0.0028005601120224544
11.605521104220845	-0.0028005601120224544
11.650330066013202	-0.0014002800560111162
11.695139027805562	-0.0014002800560111162
11.73994798959792	-0.0014002800560111162
11.784756951390278	0.0
11.829565913182638	0.0
11.874374874974995	0.0014002800560111162
11.919183836767354	0.0014002800560111162
11.963992798559712	0.0014002800560111162
12.008801760352071	0.0014002800560111162
12.053610722144429	0.0014002800560111162
12.098419683936788	0.0014002800560111162
12.143228645729147	0.0014002800560111162
12.188037607521505	0.0014002800560111162
12.232846569313864	0.0014002800560111162
12.277655531106221	0.0014002800560111162
12.32246449289858	0.0
12.367273454690938	0.0
12.412082416483297	0.0
12.456891378275655	-0.0014002800560111162
12.501700340068014	-0.0014002800560111162
12.546509301860372	-0.0028005601120224544
12.591318263652731	-0.0028005601120224544
12.63612722544509	-0.0042008401680335705
12.680936187237448	-0.0042008401680335705
12.725745149029807	-0.005601120224044687
12.770554110822165	-0.005601120224044687
12.815363072614524	-0.007001400280056025
12.860172034406881	-0.007001400280056025
12.90498099619924	-0.007001400280056025
12.949789957991598	-0.008401680336067141
12.994598919783957	-0.008401680336067141
13.039407881576317	-0.008401680336067141
13.084216843368674	-0.008401680336067141
13.129025805161033	-0.008401680336067141
13.17383476695339	-0.008401680336067141
13.21864372874575	-0.008401680336067141
13.263452690538108	-0.008401680336067141
13.308261652330467	-0.007001400280056025
13.353070614122824	-0.007001400280056025
13.397879575915184	-0.005601120224044687
13.442688537707543	-0.005601120224044687
13.4874974994999	-0.0042008401680335705
13.53230646129226	-0.0028005601120224544
13.577115423084617	-0.0014002800560111162
13.621924384876976	-0.0014002800560111162
13.666733346669334	0.0
13.711542308461693	0.0014002800560111162
13.75635127025405	0.0028005601120224544
13.80116023204641	0.0042008401680335705
13.845969193838767	0.005601120224044909
13.890778155631127	0.007001400280056025
13.935587117423486	0.008401680336067141
13.980396079215843	0.00980196039207848
14.025205041008203	0.011202240448089595
14.07001400280056	0.012602520504100934
14.11482296459292	0.01400280056011205
14.159631926385277	0.015403080616123166
14.204440888177636	0.016803360672134504
14.249249849969994	0.016803360672134504
14.294058811762353	0.01820364072814562
14.338867773554712	0.019603920784156736
14.38367673534707	0.019603920784156736
14.428485697139429	0.019603920784156736
14.473294658931787	0.019603920784156736
14.518103620724146	0.019603920784156736
14.562912582516503	0.019603920784156736
14.607721544308863	0.019603920784156736
14.65253050610122	0.019603920784156736
14.69733946789358	0.01820364072814562
14.742148429685939	0.01820364072814562
14.786957391478296	0.016803360672134504
14.831766353270655	0.015403080616123166
14.876575315063013	0.015403080616123166
14.921384276855372	0.01400280056011205
14.96619323864773	0.012602520504100934
15.011002200440089	0.011202240448089595
15.055811162232446	0.00980196039207848
15.100620124024806	0.007001400280056025
15.145429085817163	0.005601120224044909
15.190238047609522	0.0042008401680335705
15.235047009401882	0.0028005601120224544
15.27985597119424	0.0014002800560111162
15.324664932986598	-0.0014002800560111162
15.369473894778956	-0.0028005601120224544
15.414282856571315	-0.0042008401680335705
15.459091818363673	-0.005601120224044687
15.503900780156032	-0.005601120224044687
15.54870974194839	-0.007001400280056025
15.593518703740749	-0.008401680336067141
15.638327665533108	-0.008401680336067141
15.683136627325466	-0.00980196039207848
15.727945589117825	-0.00980196039207848
15.772754550910182	-0.00980196039207848
15.817563512702542	-0.00980196039207848
15.862372474494899	-0.00980196039207848
15.907181436287258	-0.00980196039207848
15.951990398079616	-0.00980196039207848
15.996799359871975	-0.008401680336067141
16.041608321664334	-0.008401680336067141
16.086417283456694	-0.007001400280056025
16.13122624524905	-0.005601120224044687
16.17603520704141	-0.0042008401680335705
16.220844168833768	-0.0042008401680335705
16.265653130626127	-0.0028005601120224544
16.310462092418483	-0.0014002800560111162
16.355271054210842	0.0
16.4000800160032	0.0
16.44488897779556	0.0014002800560111162
16.48969793958792	0.0028005601120224544
16.534506901380276	0.0042008401680335705
16.579315863172635	0.0042008401680335705
16.624124824964994	0.005601120224044909
16.668933786757353	0.005601120224044909
16.71374274854971	0.007001400280056025
16.75855171034207	0.007001400280056025
16.803360672134428	0.007001400280056025
16.848169633926787	0.007001400280056025
16.892978595719146	0.008401680336067141
16.937787557511502	0.008401680336067141
16.98259651930386	0.008401680336067141
17.02740548109622	0.008401680336067141
17.07221444288858	0.008401680336067141
17.117023404680936	0.007001400280056025
17.161832366473295	0.007001400280056025
17.206641328265654	0.007001400280056025
17.251450290058013	0.007001400280056025
17.29625925185037	0.007001400280056025
17.34106821364273	0.007001400280056025
17.385877175435088	0.005601120224044909
17.430686137227447	0.005601120224044909
17.475495099019806	0.005601120224044909
17.520304060812162	0.005601120224044909
17.56511302260452	0.005601120224044909
17.60992198439688	0.0042008401680335705
17.65473094618924	0.0042008401680335705
17.699539907981595	0.0042008401680335705
17.744348869773955	0.0042008401680335705
17.789157831566314	0.0042008401680335705
17.833966793358673	0.0042008401680335705
17.878775755151032	0.0042008401680335705
17.923584716943388	0.0042008401680335705
17.968393678735747	0.0042008401680335705
18.013202640528107	0.0042008401680335705
18.058011602320466	0.0042008401680335705
18.10282056411282	0.0042008401680335705
18.14762952590518	0.0042008401680335705
18.19243848769754	0.0042008401680335705
18.2372474494899	0.0042008401680335705
18.28205641128226	0.0042008401680335705
18.326865373074614	0.005601120224044909
18.371674334866974	0.005601120224044909
18.416483296659333	0.005601120224044909
18.461292258451692	0.005601120224044909
18.506101220244048	0.005601120224044909
18.550910182036407	0.005601120224044909
18.595719143828767	0.005601120224044909
18.640528105621126	0.005601120224044909
18.685337067413485	0.005601120224044909
18.73014602920584	0.005601120224044909
18.7749549909982	0.005601120224044909
18.81976395279056	0.0042008401680335705
18.86457291458292	0.0042008401680335705
18.909381876375274	0.0042008401680335705
18.954190838167634	0.0042008401680335705
18.998999799959993	0.0042008401680335705
19.043808761752352	0.0042008401680335705
19.08861772354471	0.0042008401680335705
19.133426685337067	0.0028005601120224544
19.178235647129426	0.0028005601120224544
19.223044608921786	0.0028005601120224544
19.267853570714145	0.0028005601120224544
19.3126625325065	0.0028005601120224544
19.35747149429886	0.0028005601120224544
19.40228045609122	0.0014002800560111162
19.44708941788358	0.0014002800560111162
19.491898379675938	0.0014002800560111162
19.536707341468293	0.0014002800560111162
19.581516303260653	0.0014002800560111162
19.626325265053012	0.0
19.67113422684537	0.0
19.715943188637727	0.0
19.760752150430086	0.0
19.805561112222446	0.0
19.850370074014805	0.0
19.89517903580716	0.0
19.93998799759952	0.0
19.98479695939188	0.0
