0.0	0.02421245738356909
0.043408681736347265	0.024092738105275447
0.08681736347269453	0.023725364712206393
0.1302260452090418	0.023123466445422864
0.17363472694538906	0.02230583853635428
0.21704340868173633	0.021295826855334852
0.2604520904180836	0.02012004067952561
0.30386077215443086	0.018807010041809995
0.3472694538907781	0.017385895156850687
0.3906781356271254	0.015885335008115658
0.43408681736347265	0.014332495258502772
0.4774954990998199	0.01275234745762355
0.5209041808361672	0.0111671865608268
0.5643128625725145	0.00959637524544001
0.6077215443088617	0.008056294013613779
0.651130226045209	0.006560481430988505
0.6945389077815562	0.005120000072645094
0.7379475895179035	0.0037444387933804855
0.7813562712542508	0.0024449356934578108
0.824764952990598	0.0012291172126128423
0.8681736347269453	7.093635673174892e-05
0.9115823164632926	-0.0010599226246263554
0.9549909981996398	-0.0021402588427376704
0.9983996799359871	-0.0031391156025333163
1.0418083616723344	-0.0040516918340635505
1.0852170434086816	-0.004884850422464306
1.128625725145029	-0.005645128823082116
1.1720344068813762	-0.006337222961604102
1.2154430886177234	-0.006964843305188144
1.2588517703540707	-0.007531222601369729
1.302260452090418	-0.008039293353740325
1.3456691338267652	-0.008491744206061545
1.3890778155631125	-0.008891037481226174
1.4324864972994598	-0.009239414131331763
1.475895179035807	-0.009538895066157956
1.5193038607721543	-0.009791282180975417
1.5627125425085016	-0.009998160299065976
1.6061212242448488	-0.010160900397958899
1.649529905981196	-0.010280664154279532
1.6929385877175434	-0.010358409735062253
1.7363472694538906	-0.010394898762579933
1.7797559511902379	-0.010390704430348112
1.8231646329265851	-0.010346220823671953
1.8665733146629324	-0.010261673585473162
1.9099819963992797	-0.010137132159591923
1.953390678135627	-0.009972523934389327
1.9967993598719742	-0.009767650695443504
2.0402080416083215	-0.009522207873772632
2.0836167233446687	-0.009235807140971126
2.127025405081016	-0.0089080029489432
2.1704340868173633	-0.008538323631384629
2.2138427685537105	-0.008126307667005141
2.257251450290058	-0.0076715456417457036
2.300660132026405	-0.007173728334068184
2.3440688137627523	-0.006632701183925241
2.3874774954990996	-0.006048525192963158
2.430886177235447	-0.005421544034607793
2.474294858971794	-0.004752456812162444
2.5177035407081414	-0.0040423954721608805
2.5611122224444887	-0.0032930053436586414
2.604520904180836	-0.002506526618373868
2.647929585917183	-0.0016858738110358124
2.6913382676535305	-0.0008347093993211242
2.7347469493898777	4.2492949765150084e-05
2.778155631126225	0.000940400874936926
2.8215643128625723	0.0018527975973537947
2.8649729945989195	0.0027725846798118507
2.908381676335267	0.0036918196475038793
2.951790358071614	0.004601792785223564
2.9951990398079613	0.005493144364732711
3.0386077215443086	0.006356021364615643
3.082016403280656	0.007180272084957005
3.125425085017003	0.007955676487823807
3.1688337667533504	0.008672207794035946
3.2122424484896976	0.009320316498516102
3.255651130226045	0.009891222816567954
3.299059811962392	0.010377199519404964
3.3424684936987394	0.010771825579555968
3.3858771754350867	0.011070192570076933
3.429285857171434	0.011269050108671384
3.4726945389077812	0.011366882936241909
3.5161032206441285	0.011363919107336067
3.5595119023804758	0.011262074781747029
3.602920584116823	0.011064845205695322
3.6463292658531703	0.010777153364242485
3.6897379475895176	0.010405167846253376
3.733146629325865	0.00995610039450286
3.776555311062212	0.009437992104702846
3.8199639927985594	0.008859495756121247
3.8633726745349066	0.008229660521575522
3.906781356271254	0.007557724359715561
3.950190038007601	0.006852918693391257
3.9935987197439484	0.0061242894407209265
4.037007401480296	0.005380537979878804
4.080416083216643	0.004629885067425437
4.123824764952991	0.0038799599838434985
4.1672334466893375	0.003137716217891485
4.210642128425685	0.002409373932937258
4.254050810162032	0.0017003885539813753
4.29745949189838	0.0010154444250068673
4.3408681736347265	0.0003584728145952093
4.384276855371074	-0.000267305696160184
4.427685537107421	-0.000859314253312423
4.471094218843769	-0.0014155300253912602
4.514502900580116	-0.0019343790107157095
4.557911582316463	-0.002414630949779839
4.60132026405281	-0.002855317849541284
4.644728945789158	-0.003255701316870925
4.688137627525505	-0.003615303584354388
4.731546309261852	-0.003933993158577856
4.774954990998199	-0.004212084991499023
4.818363672734547	-0.004450392783472354
4.861772354470894	-0.004650176723323164
4.905181036207241	-0.004812972219298394
4.948589717943588	-0.004940347570361801
4.991998399679936	-0.0050336827606737855
5.035407081416283	-0.0050940549649596475
5.0788157631526305	-0.005122261570551803
5.122224444888977	-0.005118945805826464
5.165633126625325	-0.0050847536658867355
5.209041808361672	-0.005020457514595785
5.25245049009802	-0.004927016254869125
5.295859171834366	-0.004805578113831671
5.339267853570714	-0.004657451610870691
5.382676535307061	-0.00448407024340863
5.426085217043409	-0.004286965135571197
5.4694938987797554	-0.004067747759110719
5.512902580516103	-0.0038280977088099993
5.55631126225245	-0.0035697487175017396
5.599719943988798	-0.003294467175061412
5.6431286257251445	-0.0030040189375123948
5.686537307461492	-0.002700120856807778
5.729945989197839	-0.0023843731354785055
5.773354670934187	-0.0020581689772006286
5.816763352670534	-0.0017225840874311553
5.860172034406881	-0.0013782708541560662
5.903580716143228	-0.0010254356639859234
5.946989397879576	-0.0006640689069367066
5.990398079615923	-0.0002946803814338275
6.03380676135227	8.029037621239479e-05
6.077215443088617	0.0004547006888591838
6.120624124824965	0.000817698249156399
6.164032806561312	0.001154913555230331
6.207441488297659	0.0014520237660749571
6.250850170034006	0.0016987731827721245
6.294258851770354	0.0018910469686646801
6.337667533506701	0.002030329392568215
6.3810762152430485	0.0021216826363528105
6.424484896979395	0.0021716668084341105
6.467893578715743	0.002186913235802862
6.51130226045209	0.00217339569494299
6.5547109421884375	0.00213617535269647
6.598119623924784	0.0020793993071911293
6.641528305661132	0.0020064262426459575
6.684936987397479	0.0019200325666027633
6.728345669133827	0.0018226779902735246
6.771754350870173	0.0017167815862032358
6.815163032606521	0.0016049181204167082
6.858571714342868	0.0014898484508027825
6.901980396079216	0.001374369858388222
6.9453890778155625	0.0012610675365202911
6.98879775955191	0.001152094996010565
7.032206441288257	0.0010490788165565812
7.075615123024605	0.0009531636027846867
7.1190238047609515	0.0008651423059787972
7.162432486497299	0.0007855922169897507
7.205841168233646	0.0007149588033669441
7.249249849969994	0.0006535726712099121
7.292658531706341	0.0006016200517531302
7.336067213442688	0.0005590998760214225
7.379475895179035	0.00052579400712046
7.422884576915383	0.0005012630512645187
7.46629325865173	0.00048486768819825526
7.509701940388077	0.00047580806642132795
7.553110622124424	0.00047317088807754745
7.596519303860772	0.0004759738112603794
7.639927985597119	0.0004831989082258112
7.683336667333466	0.0004938112557542826
7.726745349069813	0.000506765931141951
7.770154030806161	0.0005210170666739081
7.813562712542508	0.0005355541591320102
7.8569713942788555	0.0005494957968434945
7.900380076015202	0.0005622555442123534
7.94378875775155	0.0005737506020007076
7.987197439487897	0.0005845695316029111
8.030606121224244	0.0005959973269507451
8.074014802960592	0.0006098462598423324
8.117423484696939	0.0006281317759761103
8.160832166433286	0.0006526982035661676
8.204240848169633	0.0006849002524694746
8.247649529905981	0.0007253996124310103
8.291058211642328	0.000774082538060706
8.334466893378675	0.0008300715454806311
8.377875575115022	0.0008917959800373194
8.42128425685137	0.0009570931248690968
8.464692938587717	0.0010233235306564906
8.508101620324064	0.0010874949705737338
8.55151030206041	0.0011463961053431067
8.59491898379676	0.0011967429547512162
8.638327665533106	0.0012353390947019705
8.681736347269453	0.0012592453676629756
8.7251450290058	0.001265948683938603
8.768553710742149	0.0012535144441793537
8.811962392478495	0.001220705272262857
8.855371074214842	0.0011670512256335697
8.898779755951189	0.0010928630899983485
8.942188437687538	0.0009991889646914116
8.985597119423884	0.0008877225688627456
9.029005801160231	0.0007606773460673254
9.072414482896578	0.0006206424762809429
9.115823164632927	0.00047043561360034583
9.159231846369273	0.0003129637465977761
9.20264052810562	0.0001510994532966034
9.246049209841967	-1.2423864375298022e-05
9.289457891578316	-0.00017509680208007555
9.332866573314663	-0.0003346992814316774
9.37627525505101	-0.0004893472453232732
9.419683936787356	-0.0006375213376392554
9.463092618523705	-0.0007780776654905189
9.506501300260052	-0.0009102402815701106
9.549909981996398	-0.001033574917490749
9.593318663732745	-0.0011479440113932593
9.636727345469094	-0.0012534444034505605
9.68013602720544	-0.0013503312461044872
9.723544708941787	-0.0014389344119875927
9.766953390678134	-0.0015195763399121417
9.810362072414483	-0.0015925019351116058
9.85377075415083	-0.001657830929397891
9.897179435887177	-0.0017155404350191715
9.940588117623523	-0.0017654803204126997
9.983996799359872	-0.0018074172436080005
10.027405481096219	-0.00184109611356666
10.070814162832566	-0.0018663023107144683
10.114222844568912	-0.0018829062297314424
10.157631526305261	-0.0018908751577894033
10.201040208041608	-0.001890246261167499
10.244448889777955	-0.0018810663572183459
10.287857571514301	-0.001863315026707387
10.33126625325065	-0.0018368330707326623
10.374674934986997	-0.0018012761543136808
10.418083616723344	-0.0017561050786919635
10.46149229845969	-0.0017006135082394368
10.50490098019604	-0.0016339853846544551
10.548309661932386	-0.0015553700436221687
10.591718343668733	-0.001463963147017626
10.63512702540508	-0.001359084346675879
10.678535707141428	-0.001240246193222546
10.721944388877775	-0.0011072118183323258
10.765353070614122	-0.0009600407366930491
10.808761752350469	-0.0007991227285682398
10.852170434086817	-0.0006251995166676599
10.895579115823164	-0.00043937331839753735
10.938987797559511	-0.00024310080676803736
10.982396479295858	-3.817092566108307e-05
11.025805161032206	0.00017333438789230576
11.069213842768553	0.0003890961567736863
11.1126225245049	0.0006066286247716907
11.156031206241249	0.0008233593973236211
11.199439887977595	0.0010367135218798222
11.242848569713942	0.0012441951092727332
11.286257251450289	0.001443460752276287
11.329665933186638	0.0016323804228104664
11.373074614922984	0.0018090832438199082
11.416483296659331	0.0019719871290548446
11.459891978395678	0.0021198125346569945
11.503300660132027	0.0022515814458546023
11.546709341868373	0.0023666033129161913
11.59011802360472	0.0024644500009813226
11.633526705341067	0.002544921964998354
11.676935387077416	0.0026080079704867247
11.720344068813763	0.0026538410169508926
11.76375275055011	0.002682653795006231
11.807161432286456	0.002694737819793038
11.850570114022805	0.002690410924616301
11.893978795759152	0.0026699976564923504
11.937387477495498	0.0026338259585399933
11.980796159231845	0.002582241118715318
12.024204840968194	0.0025156342982882753
12.06761352270454	0.002434478545248666
12.111022204440888	0.0023393613714054427
12.154430886177234	0.0022310016614908827
12.197839567913583	0.0021102415087303032
12.24124824964993	0.001978010591443983
12.284656931386277	0.001835269832669035
12.328065613122623	0.0016829488856702733
12.371474294858972	0.001521895433270793
12.414882976595319	0.0013528521943299843
12.458291658331666	0.0011764707815076214
12.501700340068012	0.0009933623077629343
12.545109021804361	0.000804175358268374
12.588517703540708	0.0006096848378740437
12.631926385277055	0.0004108719810138224
12.675335067013402	0.00020897738615120037
12.71874374874975	5.515010888607064e-06
12.762152430486097	-0.00019775606173413202
12.805561112222444	-0.0003988962452973442
12.84896979395879	-0.0005958740025044235
12.89237847569514	-0.000786663134305518
12.935787157431486	-0.0009693347120089228
12.979195839167833	-0.0011421332784658546
13.02260452090418	-0.0013035316548376877
13.066013202640528	-0.0014522630325186602
13.109421884376875	-0.0015873322399823989
13.152830566113222	-0.0017080099529338325
13.196239247849569	-0.0018138143346829068
13.239647929585917	-0.0019044844888305434
13.283056611322264	-0.001979949534626088
13.326465293058611	-0.0020402963659635065
13.369873974794958	-0.0020857384088586034
13.413282656531306	-0.002116587024911923
13.456691338267653	-0.0021332266288445513
13.500100020004	-0.0021360940873632224
13.543508701740347	-0.0021256625450420882
13.586917383476695	-0.002102429494803177
13.630326065213042	-0.0020669086936527803
13.673734746949389	-0.0020196254219314314
13.717143428685736	-0.001961114563279239
13.760552110422084	-0.00189192097000606
13.803960792158431	-0.0018126015065802713
13.847369473894778	-0.0017237280421202768
13.890778155631125	-0.0016258906013182743
13.934186837367474	-0.0015197000086369893
13.97759551910382	-0.0014057896788308155
14.021004200840167	-0.0012848165572071392
14.064412882576514	-0.0011574613916123869
14.107821564312863	-0.0010244284660982268
14.15123024604921	-0.0008864447857028709
14.194638927785556	-0.0007442586741770729
14.238047609521903	-0.0005986379033431008
14.281456291258252	-0.0004503677026659256
14.324864972994598	-0.0003002491078262712
14.368273654730945	-0.00014909796489506397
14.411682336467292	2.255474408057595e-06
14.45509101820364	0.0001529668871290829
14.498499699939988	0.0003021789620298136
14.541908381676334	0.00044902402622329016
14.585317063412681	0.000592628683077915
14.62872574514903	0.0007321204897985066
14.672134426885377	0.0008666363831656074
14.715543108621723	0.0009953324640511983
14.75895179035807	0.001117394788235776
14.802360472094419	0.0012320508093481009
14.845769153830766	0.001338580997906822
14.889177835567112	0.0014363300012256372
14.93258651730346	0.001524716655463762
14.975995199039808	0.0016032422664505781
15.019403880776155	0.0016714967731049184
15.062812562512502	0.0017291625990218072
15.106221244248848	0.0017760161379544968
15.149629925985197	0.0018119269187882384
15.193038607721544	0.0018368545942624714
15.23644728945789	0.001850844030917214
15.279855971194237	0.001854018941820329
15.323264652930586	0.001846574638313444
15.366673334666933	0.0018287705083963879
15.41008201640328	0.0018009227417396419
15.453490698139627	0.001763397672530538
15.496899379875975	0.0017166059735111393
15.540308061612322	0.0016609978340411183
15.583716743348669	0.0015970591713041146
15.627125425085016	0.0015253088270516385
15.670534106821364	0.0014462965836384949
15.713942788557711	0.0013606017117896822
15.757351470294058	0.0012688316746916027
15.800760152030405	0.0011716205884864418
15.844168833766753	0.001069627084328513
15.8875775155031	0.0009635313211410965
15.930986197239447	0.0008540310503260123
15.974394878975794	0.0007418368176424529
16.017803560712142	0.0006276665578541785
16.061212242448487	0.0005122399250456905
16.104620924184836	0.0003962726642831767
16.148029605921185	0.0002804712025803978
16.19143828765753	0.000165527509130476
16.234846969393878	5.211421807915784e-05
16.278255651130227	-5.911998027777546e-05
16.321664332866572	-0.0001675546506281246
16.36507301460292	-0.00027260161161154345
16.408481696339265	-0.00037370865092406155
16.451890378075614	-0.0004703629969633784
16.495299059811963	-0.000562094518776441
16.538707741548308	-0.0006484784895016173
16.582116423284656	-0.0007291376236634901
16.625525105021005	-0.0008037430787560702
16.66893378675735	-0.0008720142334147675
16.7123424684937	-0.0009337172705473386
16.755751150230044	-0.000988662809821128
16.799159831966392	-0.0010367029763397595
16.84256851370274	-0.0010777283423123799
16.885977195439086	-0.0011116651503084996
16.929385877175434	-0.0011384731314734477
16.972794558911783	-0.0011581440735533403
17.016203240648128	-0.0011707010889077316
17.059611922384477	-0.001176198319982568
17.10302060412082	-0.0011747206439473093
17.14642928585717	-0.00116638284197813
17.18983796759352	-0.0011513277259402842
17.233246649329864	-0.001129722902397854
17.276655331066213	-0.0011017561977077102
17.32006401280256	-0.0010676302012843017
17.363472694538906	-0.0010275567919487347
17.406881376275255	-0.0009817527775078522
17.4502900580116	-0.0009304378209187593
17.49369873974795	-0.0008738356248264474
17.537107421484297	-0.0008121789400765168
17.580516103220642	-0.0007457184441514927
17.62392478495699	-0.0006747349936888428
17.66733346669334	-0.000599554212551652
17.710742148429684	-0.0005205617801001747
17.754150830166033	-0.0004382171276238467
17.797559511902378	-0.00035306273213629724
17.840968193638727	-0.00026572620114698187
17.884376875375075	-0.00017691317690845393
17.92778555711142	-8.739067964533276e-05
17.97119423884777	2.0376331184707164e-06
18.014602920584117	9.056130573821194e-05
18.058011602320462	0.00017739427658930787
18.10142028405681	0.0002618037245561214
18.144828965793156	0.00034313355204297624
18.188237647529505	0.0004208205532107538
18.231646329265853	0.0004944025262843578
18.2750550110022	0.000563518725409589
18.318463692738547	0.0006279039329808618
18.361872374474896	0.0006873779541075771
18.40528105621124	0.000741832461103948
18.44868973794759	0.0007912169040456205
18.492098419683934	0.000835524777200957
18.535507101420283	0.000874781039843512
18.57891578315663	0.000909031059768247
18.622324464892976	0.000938331152491638
18.665733146629325	0.000962740649605668
18.709141828365674	0.0009823154257162757
18.75255051010202	0.0009971028916022813
18.795959191838367	0.001007138550922413
18.839367873574712	0.0010124442618849837
18.88277655531106	0.0010130283264406306
18.92618523704741	0.0010088874624010098
18.969593918783755	0.0010000106118852325
19.013002600520103	0.000986384398483045
19.05641128225645	0.0009679998657244719
19.099819963992797	0.0009448599474186255
19.143228645729145	0.0009169870068545596
19.18663732746549	0.0008844297989648447
19.23004600920184	0.0008472693658563082
19.273454690938188	0.0008056236198484903
19.316863372674533	0.0007596506250337129
19.36027205441088	0.0007095508092677533
19.40368073614723	0.0006555685101929491
19.447089417883575	0.0005979933606154175
19.490498099619924	0.0005371619718168158
19.53390678135627	0.0004734600759619158
19.577315463092617	0.0004073247576185622
19.620724144828966	0.00033924588464376293
19.66413282656531	0.00026976568503929085
19.70754150830166	0.00019947572088197668
19.750950190038008	0.00012901098490350135
19.794358871774353	5.90410480656757e-05
19.8377675535107	-9.741979000384843e-06
19.881176235247047	-7.663903860778698e-05
19.924584916983395	-0.00014096323294900473
19.967993598719744	-0.00020206139598208384
20.01140228045609	-0.00025933596691031166
20.054810962192438	-0.00031226445012665083
20.098219643928786	-0.0003604140900227461
20.14162832566513	-0.00040345043789796406
20.18503700740148	-0.00044113972681190244
20.228445689137825	-0.00047334591310771446
20.271854370874173	-0.0005000236794530481
20.315263052610522	-0.0005212087042012863
20.358671734346867	-0.000537006307866579
20.402080416083216	-0.0005475793791713604
20.445489097819564	-0.0005531363303993668
20.48889777955591	-0.0005539197059959283
20.532306461292258	-0.0005501959194483992
20.575715143028603	-0.000542246412185008
20.61912382476495	-0.0005303603513608854
20.6625325065013	-0.0005148288528409005
20.705941188237645	-0.0004959406398911057
20.749349869973994	-0.0004739790050719145
20.792758551710342	-0.00044921991358683536
20.836167233446687	-0.0004219310741446179
20.879575915183036	-0.0003923718181336258
20.92298459691938	-0.0003607936625319129
20.96639327865573	-0.0003274414640983131
21.00980196039208	-0.000292555085140072
21.053210642128423	-0.0002563714822190685
21.096619323864772	-0.0002191270998232256
21.14002800560112	-0.0001810603981686025
21.183436687337466	-0.00014241427163920461
21.226845369073814	-0.00010343804749830127
21.27025405081016	-6.438873412539445e-05
21.313662732546508	-2.5531241481219213e-05
21.357071414282856	1.2862584377573011e-05
21.4004800960192	5.0516122659230445e-05
21.44388877775555	8.715120659295167e-05
21.4872974594919	0.00012249218746370957
21.530706141228244	0.00015627054317141759
21.574114822964592	0.0001882297197099425
21.617523504700937	0.00021812988211245
21.660932186437286	0.00024575222504878355
21.704340868173635	0.0002709024937953136
21.74774954990998	0.0002934135137771694
21.791158231646328	0.00031314690467526204
21.834566913382677	0.0003299946289944851
21.877975595119022	0.0003438812201460202
21.92138427685537	0.0003547671178819392
21.964792958591715	0.00036265261117247524
22.008201640328064	0.0003675810571745347
22.051610322064413	0.0003696399700210233
22.095019003800758	0.000368959369242812
22.138427685537106	0.000365707877155827
22.181836367273455	0.0003600876952398295
22.2252450490098	0.0003523294403055405
22.26865373074615	0.00034268716346941286
22.312062412482497	0.0003314332619843638
22.355471094218842	0.00031885279485492635
22.39887977595519	0.0003052369310583246
22.442288457691536	0.0002908756606937249
22.485697139427884	0.0002760502376963868
22.529105821164233	0.00026102596765781305
22.572514502900578	0.00024604590107966257
22.615923184636927	0.00023132581388235832
22.659331866373275	0.00021705065062576842
22.70274054810962	0.00020337244984695857
22.74614922984597	0.00019040969431315807
22.789557911582314	0.0001782480086902627
22.832966593318663	0.00016694211461917505
22.87637527505501	0.00015651891198352127
22.919783956791356	0.0001469814814557685
22.963192638527705	0.0001383137212884744
23.006601320264053	0.00013048527457682618
23.0500100020004	0.0001234563971302012
23.093418683736747	0.00011718246322835885
23.136827365473092	0.00011161788224867825
23.18023604720944	0.00010671926631505846
23.22364472894579	0.00010244772788740517
23.267053410682134	9.877021220706939e-05
23.310462092418483	9.56598180379166e-05
23.35387077415483	9.309514912706277e-05
23.397279455891177	9.105884821937818e-05
23.440688137627525	8.953555373610728e-05
23.48409681936387	8.850955848963005e-05
23.52750550110022	8.796244561052463e-05
23.570914182836567	8.787095679663529e-05
23.614322864572912	8.82053306120803e-05
23.65773154630926	8.892831662019735e-05
23.70114022804561	8.999497270176585e-05
23.744548909781955	9.135314764473906e-05
23.787957591518303	9.294428915418776e-05
23.83136627325465	9.470407544233395e-05
23.874774954990997	9.656254296214195e-05
23.918183636727345	9.844386730034974e-05
23.96159231846369	0.00010026643000861368
24.00500100020004	0.00010194385524722738
24.048409681936388	0.00010338721577803425
24.091818363672733	0.00010450794291689061
24.13522704540908	0.00010522064772755177
24.178635727145426	0.00010544528465526032
24.222044408881775	0.00010510861998136445
24.265453090618124	0.00010414537817741987
24.30886177235447	0.00010249949099773448
24.352270454090817	0.0001001256422611431
24.395679135827166	9.699102073813456e-05
24.43908781756351	9.307704145807352e-05
24.48249649929986	8.838079663487167e-05
24.525905181036205	8.291607104982807e-05
24.569313862772553	7.671381773606198e-05
24.6127225445089	6.982201154685092e-05
24.656131226245247	6.230481115367809e-05
24.699539907981595	5.424100599533965e-05
24.742948589717944	4.572181120566024e-05
24.78635727145429	3.6848165783198716e-05
24.829765953190638	2.772774298010275e-05
24.873174634926983	1.8471882756429525e-05
24.91658331666333	9.19262614159852e-06
24.95999199839968	0.0
