0.0	0.012602520504100712
0.043408681736347265	-0.12462492498499711
0.08681736347269453	-0.03640728145629124
0.1302260452090418	-0.016803360672134504
0.17363472694538906	-0.007001400280056025
0.21704340868173633	-0.0014002800560113382
0.2604520904180836	0.0028005601120224544
0.30386077215443086	0.007001400280056025
0.3472694538907781	0.011202240448089595
0.3906781356271254	0.015403080616123166
0.43408681736347265	0.019603920784156736
0.4774954990998199	0.02240448089617919
0.5209041808361672	0.02660532106421276
0.5643128625725145	0.029405881176235216
0.6077215443088617	0.033606721344268786
0.651130226045209	0.03640728145629124
0.6945389077815562	0.04060812162432481
0.7379475895179035	0.043408681736347265
0.7813562712542508	0.04620924184836972
0.824764952990598	0.04900980196039195
0.8681736347269453	0.051810362072414406
0.9115823164632926	0.053210642128425745
0.9549909981996398	0.05601120224044798
0.9983996799359871	0.057411482296459315
1.0418083616723344	0.05881176235247043
1.0852170434086816	0.06021204240848155
1.128625725145029	0.06021204240848155
1.1720344068813762	0.061612322464492886
1.2154430886177234	0.061612322464492886
1.2588517703540707	0.06021204240848155
1.302260452090418	0.05881176235247043
1.3456691338267652	0.05601120224044798
1.3890778155631125	0.051810362072414406
1.4324864972994598	0.04900980196039195
1.475895179035807	0.04480896179235838
1.5193038607721543	0.04060812162432481
1.5627125425085016	0.0350070014002799
1.6061212242448488	0.030806161232246332
1.649529905981196	0.025205041008201645
1.6929385877175434	0.019603920784156736
1.7363472694538906	0.01400280056011205
1.7797559511902379	0.007001400280056025
1.8231646329265851	0.0014002800560111162
1.8665733146629324	-0.005601120224044909
1.9099819963992797	-0.012602520504100934
1.953390678135627	-0.01960392078415696
1.9967993598719742	-0.026605321064212983
2.0402080416083215	-0.03220644128825767
2.0836167233446687	-0.039207841568313695
2.127025405081016	-0.04620924184836972
2.1704340868173633	-0.05181036207241463
2.2138427685537105	-0.05881176235247043
2.257251450290058	-0.06441288257651534
2.300660132026405	-0.07001400280056025
2.3440688137627523	-0.07421484296859382
2.3874774954990996	-0.07841568313662739
2.430886177235447	-0.08121624324864984
2.474294858971794	-0.08261652330466096
2.5177035407081414	-0.08261652330466096
2.5611122224444887	-0.08261652330466096
2.604520904180836	-0.08261652330466096
2.647929585917183	-0.08541708341668341
2.6913382676535305	-0.08681736347269453
2.7347469493898777	-0.08961792358471699
2.778155631126225	-0.0910182036407281
2.8215643128625723	-0.0910182036407281
2.8649729945989195	-0.0910182036407281
2.908381676335267	-0.08961792358471699
2.951790358071614	-0.08821764352870587
2.9951990398079613	-0.08401680336067208
3.0386077215443086	-0.08121624324864984
3.082016403280656	-0.07561512302460494
3.125425085017003	-0.07001400280056025
3.1688337667533504	-0.06441288257651534
3.2122424484896976	-0.057411482296459315
3.255651130226045	-0.05041008201640329
3.299059811962392	-0.043408681736347265
3.3424684936987394	-0.03640728145629124
3.3858771754350867	-0.03220644128825767
3.429285857171434	-0.03220644128825767
3.4726945389077812	-0.03780756151230258
3.5161032206441285	-0.049009801960392174
3.5595119023804758	-0.0560112022404482
3.602920584116823	-0.049009801960392174
3.6463292658531703	-0.025205041008201645
3.6897379475895176	0.008401680336067141
3.733146629325865	0.04200840168033593
3.776555311062212	0.07281456291258248
3.8199639927985594	0.09661932386477301
3.8633726745349066	0.11342268453690729
3.906781356271254	0.12462492498499689
3.950190038007601	0.1316263252650529
3.9935987197439484	0.13582716543308648
4.037007401480296	0.13722744548909782
4.080416083216643	0.13582716543308648
4.123824764952991	0.13442688537707537
4.1672334466893375	0.1302260452090418
4.210642128425685	0.12602520504100823
4.254050810162032	0.12182436487297466
4.29745949189838	0.11622324464892975
4.3408681736347265	0.11062212442488484
4.384276855371074	0.10362072414482881
4.427685537107421	0.09801960392078413
4.471094218843769	0.0910182036407281
4.514502900580116	0.08401680336067208
4.557911582316463	0.07701540308061605
4.60132026405281	0.06861372274454891
4.644728945789158	0.061612322464492886
4.688137627525505	0.05461092218443686
4.731546309261852	0.04620924184836972
4.774954990998199	0.03780756151230236
4.818363672734547	0.029405881176235216
4.861772354470894	0.02240448089617919
4.905181036207241	0.01400280056011205
4.948589717943588	0.008401680336067141
4.991998399679936	0.0014002800560111162
5.035407081416283	-0.0042008401680335705
5.0788157631526305	-0.008401680336067363
5.122224444888977	-0.012602520504100934
5.165633126625325	-0.016803360672134504
5.209041808361672	-0.021004200840168075
5.25245049009802	-0.02380476095219053
5.295859171834366	-0.0280056011202241
5.339267853570714	-0.030806161232246554
5.382676535307061	-0.03220644128825767
5.426085217043409	-0.035007001400280124
5.4694938987797554	-0.03780756151230258
5.512902580516103	-0.039207841568313695
5.55631126225245	-0.04060812162432481
5.599719943988798	-0.04200840168033615
5.6431286257251445	-0.043408681736347265
5.686537307461492	-0.043408681736347265
5.729945989197839	-0.044808961792358604
5.773354670934187	-0.044808961792358604
5.816763352670534	-0.043408681736347265
5.860172034406881	-0.043408681736347265
5.903580716143228	-0.043408681736347265
5.946989397879576	-0.04200840168033615
5.990398079615923	-0.04060812162432481
6.03380676135227	-0.039207841568313695
6.077215443088617	-0.03640728145629124
6.120624124824965	-0.035007001400280124
6.164032806561312	-0.03220644128825767
6.207441488297659	-0.029405881176235216
6.250850170034006	-0.026605321064212983
6.294258851770354	-0.02380476095219053
6.337667533506701	-0.021004200840168075
6.3810762152430485	-0.01820364072814562
6.424484896979395	-0.015403080616123166
6.467893578715743	-0.012602520504100934
6.51130226045209	-0.00980196039207848
6.5547109421884375	-0.007001400280056025
6.598119623924784	-0.0042008401680335705
6.641528305661132	-0.0028005601120224544
6.684936987397479	0.0
6.728345669133827	0.0014002800560111162
6.771754350870173	0.0028005601120224544
6.815163032606521	0.0042008401680335705
6.858571714342868	0.005601120224044687
6.901980396079216	0.007001400280056025
6.9453890778155625	0.008401680336067141
6.98879775955191	0.008401680336067141
7.032206441288257	0.00980196039207848
7.075615123024605	0.00980196039207848
7.1190238047609515	0.00980196039207848
7.162432486497299	0.011202240448089595
7.205841168233646	0.011202240448089595
7.249249849969994	0.011202240448089595
7.292658531706341	0.011202240448089595
7.336067213442688	0.00980196039207848
7.379475895179035	0.00980196039207848
7.422884576915383	0.00980196039207848
7.46629325865173	0.008401680336067141
7.509701940388077	0.008401680336067141
7.553110622124424	0.008401680336067141
7.596519303860772	0.007001400280056025
7.639927985597119	0.007001400280056025
7.683336667333466	0.007001400280056025
7.726745349069813	0.005601120224044687
7.770154030806161	0.005601120224044687
7.813562712542508	0.005601120224044687
7.8569713942788555	0.005601120224044687
7.900380076015202	0.005601120224044687
7.94378875775155	0.005601120224044687
7.987197439487897	0.005601120224044687
8.030606121224244	0.005601120224044687
8.074014802960592	0.005601120224044687
8.117423484696939	0.0042008401680335705
8.160832166433286	0.0042008401680335705
8.204240848169633	0.0042008401680335705
8.247649529905981	0.0042008401680335705
8.291058211642328	0.0028005601120224544
8.334466893378675	0.0028005601120224544
8.377875575115022	0.0028005601120224544
8.42128425685137	0.0028005601120224544
8.464692938587717	0.0028005601120224544
8.508101620324064	0.0028005601120224544
8.55151030206041	0.0028005601120224544
8.59491898379676	0.0028005601120224544
8.638327665533106	0.0028005601120224544
8.681736347269453	0.0028005601120224544
8.7251450290058	0.0028005601120224544
8.768553710742149	0.0028005601120224544
8.811962392478495	0.0028005601120224544
8.855371074214842	0.0042008401680335705
8.898779755951189	0.0042008401680335705
8.942188437687538	0.0042008401680335705
8.985597119423884	0.005601120224044687
9.029005801160231	0.005601120224044687
9.072414482896578	0.005601120224044687
9.115823164632927	0.005601120224044687
9.159231846369273	0.007001400280056025
9.20264052810562	0.007001400280056025
9.246049209841967	0.007001400280056025
9.289457891578316	0.007001400280056025
9.332866573314663	0.008401680336067141
9.37627525505101	0.008401680336067141
9.419683936787356	0.008401680336067141
9.463092618523705	0.008401680336067141
9.506501300260052	0.008401680336067141
9.549909981996398	0.008401680336067141
9.593318663732745	0.008401680336067141
9.636727345469094	0.007001400280056025
9.68013602720544	0.007001400280056025
9.723544708941787	0.007001400280056025
9.766953390678134	0.007001400280056025
9.810362072414483	0.005601120224044687
9.85377075415083	0.005601120224044687
9.897179435887177	0.005601120224044687
9.940588117623523	0.0042008401680335705
9.983996799359872	0.0042008401680335705
10.027405481096219	0.0028005601120224544
10.070814162832566	0.0028005601120224544
10.114222844568912	0.0014002800560111162
10.157631526305261	0.0
10.201040208041608	0.0
10.244448889777955	-0.0014002800560113382
10.287857571514301	-0.0014002800560113382
10.33126625325065	-0.0028005601120224544
10.374674934986997	-0.0042008401680335705
10.418083616723344	-0.0042008401680335705
10.46149229845969	-0.005601120224044909
10.50490098019604	-0.005601120224044909
10.548309661932386	-0.007001400280056025
10.591718343668733	-0.007001400280056025
10.63512702540508	-0.008401680336067363
10.678535707141428	-0.008401680336067363
10.721944388877775	-0.008401680336067363
10.765353070614122	-0.008401680336067363
10.808761752350469	-0.00980196039207848
10.852170434086817	-0.00980196039207848
10.895579115823164	-0.00980196039207848
10.938987797559511	-0.00980196039207848
10.982396479295858	-0.00980196039207848
11.025805161032206	-0.00980196039207848
11.069213842768553	-0.00980196039207848
11.1126225245049	-0.00980196039207848
11.156031206241249	-0.00980196039207848
11.199439887977595	-0.00980196039207848
11.242848569713942	-0.00980196039207848
11.286257251450289	-0.008401680336067363
11.329665933186638	-0.008401680336067363
11.373074614922984	-0.007001400280056025
11.416483296659331	-0.007001400280056025
11.459891978395678	-0.005601120224044909
11.503300660132027	-0.005601120224044909
11.546709341868373	-0.005601120224044909
11.59011802360472	-0.005601120224044909
11.633526705341067	-0.005601120224044909
11.676935387077416	-0.005601120224044909
11.720344068813763	-0.005601120224044909
11.76375275055011	-0.005601120224044909
11.807161432286456	-0.0042008401680335705
11.850570114022805	-0.0042008401680335705
11.893978795759152	-0.0042008401680335705
11.937387477495498	-0.0028005601120224544
11.980796159231845	-0.0014002800560113382
12.024204840968194	0.0
12.06761352270454	0.0014002800560111162
12.111022204440888	0.0028005601120224544
12.154430886177234	0.0042008401680335705
12.197839567913583	0.005601120224044687
12.24124824964993	0.007001400280056025
12.284656931386277	0.008401680336067141
12.328065613122623	0.00980196039207848
12.371474294858972	0.011202240448089595
12.414882976595319	0.012602520504100712
12.458291658331666	0.012602520504100712
12.501700340068012	0.01400280056011205
12.545109021804361	0.01400280056011205
12.588517703540708	0.01400280056011205
12.631926385277055	0.01400280056011205
12.675335067013402	0.01400280056011205
12.71874374874975	0.01400280056011205
12.762152430486097	0.01400280056011205
12.805561112222444	0.012602520504100712
12.84896979395879	0.012602520504100712
12.89237847569514	0.012602520504100712
12.935787157431486	0.011202240448089595
12.979195839167833	0.011202240448089595
13.02260452090418	0.00980196039207848
13.066013202640528	0.008401680336067141
13.109421884376875	0.008401680336067141
13.152830566113222	0.007001400280056025
13.196239247849569	0.005601120224044687
13.239647929585917	0.0042008401680335705
13.283056611322264	0.0042008401680335705
13.326465293058611	0.0028005601120224544
13.369873974794958	0.0028005601120224544
13.413282656531306	0.0014002800560111162
13.456691338267653	0.0
13.500100020004	0.0
13.543508701740347	-0.0014002800560113382
13.586917383476695	-0.0014002800560113382
13.630326065213042	-0.0028005601120224544
13.673734746949389	-0.0028005601120224544
13.717143428685736	-0.0028005601120224544
13.760552110422084	-0.0042008401680335705
13.803960792158431	-0.0042008401680335705
13.847369473894778	-0.0042008401680335705
13.890778155631125	-0.0042008401680335705
13.934186837367474	-0.0042008401680335705
13.97759551910382	-0.005601120224044909
14.021004200840167	-0.005601120224044909
14.064412882576514	-0.005601120224044909
14.107821564312863	-0.005601120224044909
14.15123024604921	-0.005601120224044909
14.194638927785556	-0.005601120224044909
14.238047609521903	-0.005601120224044909
14.281456291258252	-0.005601120224044909
14.324864972994598	-0.0042008401680335705
14.368273654730945	-0.0042008401680335705
14.411682336467292	-0.0042008401680335705
14.45509101820364	-0.0042008401680335705
14.498499699939988	-0.0042008401680335705
14.541908381676334	-0.0042008401680335705
14.585317063412681	-0.0028005601120224544
14.62872574514903	-0.0028005601120224544
14.672134426885377	-0.0028005601120224544
14.715543108621723	-0.0028005601120224544
14.75895179035807	-0.0014002800560113382
14.802360472094419	-0.0014002800560113382
14.845769153830766	-0.0014002800560113382
14.889177835567112	-0.0014002800560113382
14.93258651730346	0.0
14.975995199039808	0.0
15.019403880776155	0.0
15.062812562512502	0.0
15.106221244248848	0.0
15.149629925985197	0.0014002800560111162
15.193038607721544	0.0014002800560111162
15.23644728945789	0.0014002800560111162
15.279855971194237	0.0014002800560111162
15.323264652930586	0.0014002800560111162
15.366673334666933	0.0014002800560111162
15.41008201640328	0.0014002800560111162
15.453490698139627	0.0014002800560111162
15.496899379875975	0.0014002800560111162
15.540308061612322	0.0014002800560111162
15.583716743348669	0.0014002800560111162
15.627125425085016	0.0014002800560111162
15.670534106821364	0.0014002800560111162
15.713942788557711	0.0014002800560111162
15.757351470294058	0.0014002800560111162
15.800760152030405	0.0014002800560111162
15.844168833766753	0.0014002800560111162
15.8875775155031	0.0014002800560111162
15.930986197239447	0.0014002800560111162
15.974394878975794	0.0014002800560111162
16.017803560712142	0.0014002800560111162
16.061212242448487	0.0014002800560111162
16.104620924184836	0.0014002800560111162
16.148029605921185	0.0014002800560111162
16.19143828765753	0.0014002800560111162
16.234846969393878	0.0014002800560111162
16.278255651130227	0.0014002800560111162
16.321664332866572	0.0014002800560111162
16.36507301460292	0.0014002800560111162
16.408481696339265	0.0014002800560111162
16.451890378075614	0.0014002800560111162
16.495299059811963	0.0014002800560111162
16.538707741548308	0.0014002800560111162
16.582116423284656	0.0014002800560111162
16.625525105021005	0.0014002800560111162
16.66893378675735	0.0014002800560111162
16.7123424684937	0.0014002800560111162
16.755751150230044	0.0014002800560111162
16.799159831966392	0.0014002800560111162
16.84256851370274	0.0014002800560111162
16.885977195439086	0.0014002800560111162
16.929385877175434	0.0014002800560111162
16.972794558911783	0.0014002800560111162
17.016203240648128	0.0014002800560111162
17.059611922384477	0.0014002800560111162
17.10302060412082	0.0014002800560111162
17.14642928585717	0.0014002800560111162
17.18983796759352	0.0014002800560111162
17.233246649329864	0.0014002800560111162
17.276655331066213	0.0014002800560111162
17.32006401280256	0.0014002800560111162
17.363472694538906	0.0014002800560111162
17.406881376275255	0.0014002800560111162
17.4502900580116	0.0014002800560111162
17.49369873974795	0.0014002800560111162
17.537107421484297	0.0014002800560111162
17.580516103220642	0.0014002800560111162
17.62392478495699	0.0014002800560111162
17.66733346669334	0.0014002800560111162
17.710742148429684	0.0014002800560111162
17.754150830166033	0.0014002800560111162
17.797559511902378	0.0014002800560111162
17.840968193638727	0.0014002800560111162
17.884376875375075	0.0014002800560111162
17.92778555711142	0.0014002800560111162
17.97119423884777	0.0014002800560111162
18.014602920584117	0.0014002800560111162
18.058011602320462	0.0014002800560111162
18.10142028405681	0.0014002800560111162
18.144828965793156	0.0014002800560111162
18.188237647529505	0.0014002800560111162
18.231646329265853	0.0014002800560111162
18.2750550110022	0.0014002800560111162
18.318463692738547	0.0014002800560111162
18.361872374474896	0.0014002800560111162
18.40528105621124	0.0014002800560111162
18.44868973794759	0.0014002800560111162
18.492098419683934	0.0014002800560111162
18.535507101420283	0.0
18.57891578315663	0.0
18.622324464892976	0.0
18.665733146629325	0.0
18.709141828365674	0.0
18.75255051010202	0.0
18.795959191838367	0.0
18.839367873574712	0.0
18.88277655531106	0.0
18.92618523704741	0.0
18.969593918783755	0.0
19.013002600520103	0.0
19.05641128225645	0.0
19.099819963992797	0.0
19.143228645729145	0.0
19.18663732746549	0.0
19.23004600920184	0.0
19.273454690938188	-0.0014002800560113382
19.316863372674533	-0.0014002800560113382
19.36027205441088	-0.0014002800560113382
19.40368073614723	-0.0014002800560113382
19.447089417883575	0.0
19.490498099619924	0.0
19.53390678135627	0.0
19.577315463092617	0.0
19.620724144828966	0.0
19.66413282656531	0.0
19.70754150830166	0.0
19.750950190038008	0.0
19.794358871774353	0.0
19.8377675535107	0.0
19.881176235247047	0.0
19.924584916983395	0.0
19.967993598719744	0.0
