0.0	-0.035007001400280124
0.043408681736347265	-0.15123024604920987
0.08681736347269453	-0.07561512302460494
0.1302260452090418	-0.0560112022404482
0.17363472694538906	-0.043408681736347265
0.21704340868173633	-0.033606721344268786
0.2604520904180836	-0.02240448089617919
0.30386077215443086	-0.011202240448089595
0.3472694538907781	0.0
0.3906781356271254	0.011202240448089595
0.43408681736347265	0.02380476095219053
0.4774954990998199	0.03640728145629124
0.5209041808361672	0.049009801960392174
0.5643128625725145	0.061612322464492886
0.6077215443088617	0.07421484296859382
0.651130226045209	0.08681736347269453
0.6945389077815562	0.09941988397679524
0.7379475895179035	0.11062212442488506
0.7813562712542508	0.12182436487297466
0.824764952990598	0.13302660532106425
0.8681736347269453	0.14282856571314273
0.9115823164632926	0.15123024604920987
0.9549909981996398	0.1582316463292659
0.9983996799359871	0.16523304660932192
1.0418083616723344	0.1708341668333666
1.0852170434086816	0.17503500700140018
1.128625725145029	0.17643528705741152
1.1720344068813762	0.17783556711342263
1.2154430886177234	0.17643528705741152
1.2588517703540707	0.17363472694538906
1.302260452090418	0.16803360672134415
1.3456691338267652	0.16103220644128835
1.3890778155631125	0.15123024604920987
1.4324864972994598	0.13862772554510894
1.475895179035807	0.12462492498499689
1.5193038607721543	0.10642128425685127
1.5627125425085016	0.08401680336067208
1.6061212242448488	0.06021204240848177
1.649529905981196	0.03640728145629124
1.6929385877175434	0.011202240448089595
1.7363472694538906	-0.015403080616123166
1.7797559511902379	-0.04620924184836972
1.8231646329265851	-0.07841568313662739
1.8665733146629324	-0.11202240448089618
1.9099819963992797	-0.14422884576915385
1.953390678135627	-0.17503500700140018
1.9967993598719742	-0.20584116823364673
2.0402080416083215	-0.23384676935387072
2.0836167233446687	-0.2604520904180835
2.127025405081016	-0.2842568513702739
2.1704340868173633	-0.305261052210442
2.2138427685537105	-0.32206441288257637
2.257251450290058	-0.3346669333866772
2.300660132026405	-0.34306861372274444
2.3440688137627523	-0.3458691738347669
2.3874774954990996	-0.3416683336667332
2.430886177235447	-0.33186637327465485
2.474294858971794	-0.31506301260252045
2.5177035407081414	-0.2912582516503299
2.5611122224444887	-0.26465293058611716
2.604520904180836	-0.23524704940988184
2.647929585917183	-0.20164032806561316
2.6913382676535305	-0.15543108621724344
2.7347469493898777	-0.0910182036407281
2.778155631126225	-0.016803360672134504
2.8215643128625723	0.057411482296459315
2.8649729945989195	0.12182436487297466
2.908381676335267	0.17783556711342263
2.951790358071614	0.22544508901780347
2.9951990398079613	0.26465293058611716
3.0386077215443086	0.29825965193038617
3.082016403280656	0.32486497299459893
3.125425085017003	0.3472694538907781
3.1688337667533504	0.36547309461892374
3.2122424484896976	0.3780756151230247
3.255651130226045	0.38787757551510293
3.299059811962392	0.39347869573914784
3.3424684936987394	0.39487897579515896
3.3858771754350867	0.39347869573914784
3.429285857171434	0.38787757551510293
3.4726945389077812	0.3794758951790358
3.5161032206441285	0.3682736547309462
3.5595119023804758	0.35287057411482303
3.602920584116823	0.33606721344268853
3.6463292658531703	0.31506301260252045
3.6897379475895176	0.29265853170634126
3.733146629325865	0.2674534906981396
3.776555311062212	0.24084816963392686
3.8199639927985594	0.21144228845769164
3.8633726745349066	0.1820364072814562
3.906781356271254	0.15123024604920987
3.950190038007601	0.12042408481696332
3.9935987197439484	0.08961792358471699
4.037007401480296	0.05881176235247043
4.080416083216643	0.029405881176235216
4.123824764952991	0.0028005601120224544
4.1672334466893375	-0.02240448089617919
4.210642128425685	-0.04480896179235838
4.254050810162032	-0.06581316263252646
4.29745949189838	-0.08261652330466096
4.3408681736347265	-0.09801960392078413
4.384276855371074	-0.11202240448089618
4.427685537107421	-0.12182436487297466
4.471094218843769	-0.1302260452090418
4.514502900580116	-0.1358271654330867
4.557911582316463	-0.13862772554510894
4.60132026405281	-0.13862772554510894
4.644728945789158	-0.13722744548909782
4.688137627525505	-0.13302660532106425
4.731546309261852	-0.12882576515303068
4.774954990998199	-0.12182436487297466
4.818363672734547	-0.11342268453690729
4.861772354470894	-0.10362072414482904
4.905181036207241	-0.09381876375275056
4.948589717943588	-0.08261652330466096
4.991998399679936	-0.07141428285657136
5.035407081416283	-0.06021204240848177
5.0788157631526305	-0.049009801960392174
5.122224444888977	-0.03780756151230236
5.165633126625325	-0.0280056011202241
5.209041808361672	-0.01820364072814562
5.25245049009802	-0.00980196039207848
5.295859171834366	-0.0028005601120224544
5.339267853570714	0.0042008401680335705
5.382676535307061	0.00980196039207848
5.426085217043409	0.01400280056011205
5.4694938987797554	0.01820364072814562
5.512902580516103	0.021004200840168075
5.55631126225245	0.02240448089617919
5.599719943988798	0.02240448089617919
5.6431286257251445	0.02240448089617919
5.686537307461492	0.02240448089617919
5.729945989197839	0.021004200840168075
5.773354670934187	0.01820364072814562
5.816763352670534	0.015403080616123166
5.860172034406881	0.012602520504100712
5.903580716143228	0.00980196039207848
5.946989397879576	0.005601120224044909
5.990398079615923	0.0028005601120224544
6.03380676135227	-0.0014002800560111162
6.077215443088617	-0.0042008401680335705
6.120624124824965	-0.007001400280056025
6.164032806561312	-0.00980196039207848
6.207441488297659	-0.012602520504100934
6.250850170034006	-0.015403080616123166
6.294258851770354	-0.01820364072814562
6.337667533506701	-0.019603920784156736
6.3810762152430485	-0.021004200840168075
6.424484896979395	-0.02240448089617919
6.467893578715743	-0.02240448089617919
6.51130226045209	-0.02380476095219053
6.5547109421884375	-0.02240448089617919
6.598119623924784	-0.02240448089617919
6.641528305661132	-0.021004200840168075
6.684936987397479	-0.019603920784156736
6.728345669133827	-0.016803360672134504
6.771754350870173	-0.015403080616123166
6.815163032606521	-0.011202240448089595
6.858571714342868	-0.008401680336067141
6.901980396079216	-0.0042008401680335705
6.9453890778155625	0.0
6.98879775955191	0.0042008401680335705
7.032206441288257	0.008401680336067141
7.075615123024605	0.01400280056011205
7.1190238047609515	0.01820364072814562
7.162432486497299	0.02380476095219053
7.205841168233646	0.0280056011202241
7.249249849969994	0.033606721344268786
7.292658531706341	0.03780756151230236
7.336067213442688	0.04200840168033615
7.379475895179035	0.047609521904380836
7.422884576915383	0.05041008201640329
7.46629325865173	0.05461092218443686
7.509701940388077	0.05881176235247043
7.553110622124424	0.061612322464492886
7.596519303860772	0.06441288257651534
7.639927985597119	0.06581316263252646
7.683336667333466	0.0672134426885378
7.726745349069813	0.06861372274454891
7.770154030806161	0.06861372274454891
7.813562712542508	0.06861372274454891
7.8569713942788555	0.0672134426885378
7.900380076015202	0.06581316263252646
7.94378875775155	0.06441288257651534
7.987197439487897	0.061612322464492886
8.030606121224244	0.05881176235247043
8.074014802960592	0.05461092218443686
8.117423484696939	0.05041008201640329
8.160832166433286	0.04480896179235838
8.204240848169633	0.039207841568313695
8.247649529905981	0.033606721344268786
8.291058211642328	0.02660532106421276
8.334466893378675	0.019603920784156736
8.377875575115022	0.012602520504100712
8.42128425685137	0.005601120224044909
8.464692938587717	-0.0028005601120224544
8.508101620324064	-0.00980196039207848
8.55151030206041	-0.01820364072814562
8.59491898379676	-0.025205041008201645
8.638327665533106	-0.03220644128825767
8.681736347269453	-0.039207841568313695
8.7251450290058	-0.04620924184836972
8.768553710742149	-0.051810362072414406
8.811962392478495	-0.057411482296459315
8.855371074214842	-0.063012602520504
8.898779755951189	-0.0672134426885378
8.942188437687538	-0.07001400280056003
8.985597119423884	-0.07141428285657136
9.029005801160231	-0.07281456291258248
9.072414482896578	-0.07421484296859382
9.115823164632927	-0.07281456291258248
9.159231846369273	-0.07141428285657136
9.20264052810562	-0.0672134426885378
9.246049209841967	-0.063012602520504
9.289457891578316	-0.05881176235247043
9.332866573314663	-0.053210642128425745
9.37627525505101	-0.04620924184836972
9.419683936787356	-0.039207841568313695
9.463092618523705	-0.030806161232246554
9.506501300260052	-0.02240448089617919
9.549909981996398	-0.01400280056011205
9.593318663732745	-0.005601120224044909
9.636727345469094	0.0028005601120224544
9.68013602720544	0.011202240448089595
9.723544708941787	0.01820364072814562
9.766953390678134	0.025205041008201645
9.810362072414483	0.03220644128825767
9.85377075415083	0.03780756151230236
9.897179435887177	0.04200840168033615
9.940588117623523	0.04620924184836972
9.983996799359872	0.05041008201640329
10.027405481096219	0.051810362072414406
10.070814162832566	0.053210642128425745
10.114222844568912	0.05461092218443686
10.157631526305261	0.05461092218443686
10.201040208041608	0.053210642128425745
10.244448889777955	0.051810362072414406
10.287857571514301	0.05041008201640329
10.33126625325065	0.047609521904380836
10.374674934986997	0.04480896179235838
10.418083616723344	0.04200840168033615
10.46149229845969	0.03780756151230236
10.50490098019604	0.035007001400280124
10.548309661932386	0.030806161232246332
10.591718343668733	0.02660532106421276
10.63512702540508	0.02240448089617919
10.678535707141428	0.01820364072814562
10.721944388877775	0.015403080616123166
10.765353070614122	0.011202240448089595
10.808761752350469	0.008401680336067141
10.852170434086817	0.005601120224044909
10.895579115823164	0.0028005601120224544
10.938987797559511	0.0
10.982396479295858	-0.0014002800560111162
11.025805161032206	-0.0042008401680335705
11.069213842768553	-0.005601120224044909
11.1126225245049	-0.007001400280056025
11.156031206241249	-0.007001400280056025
11.199439887977595	-0.008401680336067141
11.242848569713942	-0.008401680336067141
11.286257251450289	-0.008401680336067141
11.329665933186638	-0.007001400280056025
11.373074614922984	-0.007001400280056025
11.416483296659331	-0.007001400280056025
11.459891978395678	-0.005601120224044909
11.503300660132027	-0.0042008401680335705
11.546709341868373	-0.0042008401680335705
11.59011802360472	-0.0028005601120224544
11.633526705341067	-0.0014002800560111162
11.676935387077416	0.0
11.720344068813763	0.0
11.76375275055011	0.0014002800560111162
11.807161432286456	0.0028005601120224544
11.850570114022805	0.0042008401680335705
11.893978795759152	0.0042008401680335705
11.937387477495498	0.005601120224044909
11.980796159231845	0.005601120224044909
12.024204840968194	0.005601120224044909
12.06761352270454	0.007001400280056025
12.111022204440888	0.007001400280056025
12.154430886177234	0.007001400280056025
12.197839567913583	0.007001400280056025
12.24124824964993	0.007001400280056025
12.284656931386277	0.005601120224044909
12.328065613122623	0.005601120224044909
12.371474294858972	0.005601120224044909
12.414882976595319	0.0042008401680335705
12.458291658331666	0.0042008401680335705
12.501700340068012	0.0028005601120224544
12.545109021804361	0.0014002800560111162
12.588517703540708	0.0014002800560111162
12.631926385277055	0.0
12.675335067013402	-0.0014002800560111162
12.71874374874975	-0.0014002800560111162
12.762152430486097	-0.0028005601120224544
12.805561112222444	-0.0028005601120224544
12.84896979395879	-0.0042008401680335705
12.89237847569514	-0.005601120224044909
12.935787157431486	-0.005601120224044909
12.979195839167833	-0.005601120224044909
13.02260452090418	-0.007001400280056025
13.066013202640528	-0.007001400280056025
13.109421884376875	-0.007001400280056025
13.152830566113222	-0.007001400280056025
13.196239247849569	-0.007001400280056025
13.239647929585917	-0.007001400280056025
13.283056611322264	-0.007001400280056025
13.326465293058611	-0.007001400280056025
13.369873974794958	-0.007001400280056025
13.413282656531306	-0.005601120224044909
13.456691338267653	-0.005601120224044909
13.500100020004	-0.0042008401680335705
13.543508701740347	-0.0042008401680335705
13.586917383476695	-0.0028005601120224544
13.630326065213042	-0.0014002800560111162
13.673734746949389	-0.0014002800560111162
13.717143428685736	0.0
13.760552110422084	0.0014002800560111162
13.803960792158431	0.0028005601120224544
13.847369473894778	0.0042008401680335705
13.890778155631125	0.005601120224044909
13.934186837367474	0.007001400280056025
13.97759551910382	0.008401680336067141
14.021004200840167	0.00980196039207848
14.064412882576514	0.011202240448089595
14.107821564312863	0.012602520504100712
14.15123024604921	0.01400280056011205
14.194638927785556	0.015403080616123166
14.238047609521903	0.015403080616123166
14.281456291258252	0.016803360672134504
14.324864972994598	0.016803360672134504
14.368273654730945	0.01820364072814562
14.411682336467292	0.01820364072814562
14.45509101820364	0.019603920784156736
14.498499699939988	0.019603920784156736
14.541908381676334	0.019603920784156736
14.585317063412681	0.019603920784156736
14.62872574514903	0.019603920784156736
14.672134426885377	0.01820364072814562
14.715543108621723	0.01820364072814562
14.75895179035807	0.016803360672134504
14.802360472094419	0.016803360672134504
14.845769153830766	0.015403080616123166
14.889177835567112	0.01400280056011205
14.93258651730346	0.012602520504100712
14.975995199039808	0.012602520504100712
15.019403880776155	0.011202240448089595
15.062812562512502	0.00980196039207848
15.106221244248848	0.007001400280056025
15.149629925985197	0.005601120224044909
15.193038607721544	0.0042008401680335705
15.23644728945789	0.0028005601120224544
15.279855971194237	0.0014002800560111162
15.323264652930586	0.0
15.366673334666933	-0.0014002800560111162
15.41008201640328	-0.0028005601120224544
15.453490698139627	-0.0042008401680335705
15.496899379875975	-0.005601120224044909
15.540308061612322	-0.007001400280056025
15.583716743348669	-0.007001400280056025
15.627125425085016	-0.008401680336067141
15.670534106821364	-0.008401680336067141
15.713942788557711	-0.008401680336067141
15.757351470294058	-0.00980196039207848
15.800760152030405	-0.00980196039207848
15.844168833766753	-0.008401680336067141
15.8875775155031	-0.008401680336067141
15.930986197239447	-0.008401680336067141
15.974394878975794	-0.008401680336067141
16.017803560712142	-0.007001400280056025
16.061212242448487	-0.005601120224044909
16.104620924184836	-0.005601120224044909
16.148029605921185	-0.0042008401680335705
16.19143828765753	-0.0028005601120224544
16.234846969393878	-0.0014002800560111162
16.278255651130227	-0.0014002800560111162
16.321664332866572	0.0
16.36507301460292	0.0014002800560111162
16.408481696339265	0.0028005601120224544
16.451890378075614	0.0042008401680335705
16.495299059811963	0.0042008401680335705
16.538707741548308	0.005601120224044909
16.582116423284656	0.007001400280056025
16.625525105021005	0.007001400280056025
16.66893378675735	0.007001400280056025
16.7123424684937	0.008401680336067141
16.755751150230044	0.008401680336067141
16.799159831966392	0.008401680336067141
16.84256851370274	0.008401680336067141
16.885977195439086	0.008401680336067141
16.929385877175434	0.008401680336067141
16.972794558911783	0.008401680336067141
17.016203240648128	0.008401680336067141
17.059611922384477	0.008401680336067141
17.10302060412082	0.008401680336067141
17.14642928585717	0.008401680336067141
17.18983796759352	0.007001400280056025
17.233246649329864	0.007001400280056025
17.276655331066213	0.007001400280056025
17.32006401280256	0.005601120224044909
17.363472694538906	0.005601120224044909
17.406881376275255	0.005601120224044909
17.4502900580116	0.005601120224044909
17.49369873974795	0.0042008401680335705
17.537107421484297	0.0042008401680335705
17.580516103220642	0.0042008401680335705
17.62392478495699	0.0042008401680335705
17.66733346669334	0.0042008401680335705
17.710742148429684	0.0028005601120224544
17.754150830166033	0.0028005601120224544
17.797559511902378	0.0028005601120224544
17.840968193638727	0.0028005601120224544
17.884376875375075	0.0028005601120224544
17.92778555711142	0.0028005601120224544
17.97119423884777	0.0028005601120224544
18.014602920584117	0.0028005601120224544
18.058011602320462	0.0042008401680335705
18.10142028405681	0.0042008401680335705
18.144828965793156	0.0042008401680335705
18.188237647529505	0.0042008401680335705
18.231646329265853	0.0042008401680335705
18.2750550110022	0.0042008401680335705
18.318463692738547	0.0042008401680335705
18.361872374474896	0.0042008401680335705
18.40528105621124	0.005601120224044909
18.44868973794759	0.005601120224044909
18.492098419683934	0.005601120224044909
18.535507101420283	0.005601120224044909
18.57891578315663	0.005601120224044909
18.622324464892976	0.005601120224044909
18.665733146629325	0.005601120224044909
18.709141828365674	0.005601120224044909
18.75255051010202	0.005601120224044909
18.795959191838367	0.005601120224044909
18.839367873574712	0.005601120224044909
18.88277655531106	0.005601120224044909
18.92618523704741	0.005601120224044909
18.969593918783755	0.005601120224044909
19.013002600520103	0.005601120224044909
19.05641128225645	0.0042008401680335705
19.099819963992797	0.0042008401680335705
19.143228645729145	0.0042008401680335705
19.18663732746549	0.0042008401680335705
19.23004600920184	0.0042008401680335705
19.273454690938188	0.0042008401680335705
19.316863372674533	0.0028005601120224544
19.36027205441088	0.0028005601120224544
19.40368073614723	0.0028005601120224544
19.447089417883575	0.0028005601120224544
19.490498099619924	0.0028005601120224544
19.53390678135627	0.0014002800560111162
19.577315463092617	0.0014002800560111162
19.620724144828966	0.0014002800560111162
19.66413282656531	0.0014002800560111162
19.70754150830166	0.0014002800560111162
19.750950190038008	0.0014002800560111162
19.794358871774353	0.0014002800560111162
19.8377675535107	0.0014002800560111162
19.881176235247047	0.0014002800560111162
19.924584916983395	0.0
19.967993598719744	0.0
