0.0	0.0009158028777587479
0.042008401680336066	0.0009121288598953614
0.08401680336067213	0.0009084527253298003
0.1260252050410082	0.0009047744770739052
0.16803360672134426	0.0009010941181429866
0.21004200840168033	0.0008974116515573782
0.2520504100820164	0.0008937270803419661
0.2940588117623525	0.0008900404075259383
0.33606721344268853	0.0008863516361435342
0.3780756151230246	0.0008826607692335453
0.42008401680336066	0.0008789678098397868
0.46209241848369675	0.0008752727610113475
0.5041008201640328	0.0008715756258023954
0.5461092218443688	0.0008678764072725664
0.588117623524705	0.0008641751084867422
0.630126025205041	0.0008604717325151889
0.6721344268853771	0.0008567662824339461
0.7141428285657131	0.0008530587613245766
0.7561512302460492	0.0008493491722741386
0.7981596319263853	0.0008456375183754083
0.8401680336067213	0.0008419238027273512
0.8821764352870574	0.0008382080284344562
0.9241848369673935	0.000834490198607124
0.9661932386477295	0.000830770316361723
1.0082016403280656	0.000827048384820589
1.0502100420084017	0.0008233244071119972
1.0922184436887377	0.0008195983863703848
1.1342268453690738	0.0008158703257361011
1.17623524704941	0.0008121402283556289
1.2182436487297459	0.0008084080973814467
1.260252050410082	0.0008046739359723887
1.302260452090418	0.0008009377472933954
1.3442688537707541	0.0007971995345151528
1.3862772554510903	0.0007934593008149249
1.4282856571314262	0.0007897170493760264
1.4702940588117623	0.0007859727833879615
1.5123024604920985	0.0007822265060467293
1.5543108621724344	0.0007784782205542962
1.5963192638527706	0.000774727930119512
1.6383276655331065	0.0007709756379581933
1.6803360672134426	0.0007672213472933731
1.7223444688937788	0.0007634650613557725
1.7643528705741147	0.000759706783385744
1.8063612722544509	0.0007559465166330492
1.848369673934787	0.000752184264360245
1.890378075615123	0.0007484200298441823
1.932386477295459	0.000744653816379448
1.974394878975795	0.0007408856272827224
2.016403280656131	0.0007371154658982193
2.0584116823364673	0.0007333433356041807
2.1004200840168035	0.000729569239821759
2.142428485697139	0.0007257931820242591
2.1844368873774753	0.0007220151657501839
2.2264452890578115	0.0007182351946170284
2.2684536907381476	0.0007144532723389052
2.3104620924184838	0.000710669402745695
2.35247049409882	0.0007068835898061399
2.3944788957791556	0.0007030958376537666
2.4364872974594918	0.0006993061506155029
2.478495699139828	0.0006955145332451507
2.520504100820164	0.0006917209903594956
2.5625125025005002	0.0006879255270784979
2.604520904180836	0.000684128148868729
2.646529305861172	0.0006803288615923331
2.6885377075415082	0.0006765276715576529
2.7305461092218444	0.0006727245855759345
2.7725545109021805	0.0006689196110199191
2.8145629125825162	0.0006651127558874315
2.8565713142628524	0.0006613040288686867
2.8985797159431885	0.0006574934394158183
2.9405881176235247	0.0006536809978178459
2.982596519303861	0.0006498667152766424
3.024604920984197	0.0006460506039872582
3.0666133226645327	0.0006422326772207165
3.108621724344869	0.0006384129494091673
3.150630126025205	0.0006345914362330396
3.192638527705541	0.0006307681547106925
3.2346469293858773	0.0006269431232896194
3.276655331066213	0.000623116361938264
3.318663732746549	0.0006192878922406664
3.3606721344268853	0.0006154577374894721
3.4026805361072214	0.0006116259227816612
3.4446889377875576	0.000607792475113389
3.4866973394678933	0.0006039574234746048
3.5287057411482294	0.0006001207989430601
3.5707141428285656	0.0005962826347787331
3.6127225445089017	0.0005924429665150888
3.654730946189238	0.0005886018320512831
3.696739347869574	0.0005847592717402872
3.7387477495499097	0.0005809153284769275
3.780756151230246	0.0005770700477827628
3.822764552910582	0.0005732234778879075
3.864772954590918	0.0005693756698107177
3.9067813562712543	0.0005655266774339807
3.94878975795159	0.0005616765575771065
3.990798159631926	0.0005578253700656011
4.032806561312262	0.0005539731777955692
4.0748149629925985	0.0005501200467939726
4.116823364672935	0.0005462660462750846
4.158831766353271	0.0005424112486914212
4.200840168033607	0.0005385557297799826
4.242848569713943	0.0005346995686030254
4.284856971394278	0.0005308428475837845
4.3268653730746145	0.0005269856525363936
4.368873774754951	0.0005231280726900878
4.410882176435287	0.0005192702007070227
4.452890578115623	0.0005154121326952088
4.494898979795959	0.0005115539682144232
4.536907381476295	0.0005076958102761542
4.578915783156631	0.0005038377653376336
4.6209241848369675	0.0004999799432894025
4.662932586517304	0.0004961224574369094
4.70494098819764	0.0004922654244760016
4.746949389877975	0.0004884089644619505
4.788957791558311	0.0004845532007735076
4.830966193238647	0.00048069826006974514
4.8729745949189835	0.0004768442722427324
4.91498299659932	0.00047299137036385663
4.956991398279656	0.0004691396906252865
4.998999799959992	0.00046528937227566236
5.041008201640328	0.0004614405575519842
5.083016603320664	0.00045759339160675316
5.1250250050010004	0.0004537480224299506
5.167033406681336	0.0004499046007675478
5.209041808361672	0.0004460632800367681
5.251050210042008	0.00044222421623701935
5.293058611722344	0.0004383875678579119
5.33506701340268	0.00043455349578494507
5.3770754150830165	0.00043072216320094725
5.419083816763353	0.0004268937354874325
5.461092218443689	0.0004230683801215718
5.503100620124025	0.0004192462665729979
5.545109021804361	0.0004154275661984175
5.587117423484697	0.00041161245213519604
5.6291258251650325	0.00040780109919255625
5.671134226845369	0.00040399368374460787
5.713142628525705	0.00040019038361951975
5.755151030206041	0.00039639137799138413
5.797159431886377	0.0003925968472692498
5.839167833566713	0.0003888069729884591
5.881176235247049	0.00038502193770051374
5.9231846369273855	0.00038124192486369
5.965193038607722	0.0003774671187349865
6.007201440288058	0.0003736977042619327
6.049209841968394	0.00036993386697597996
6.091218243648729	0.0003661757928852538
6.133226645329065	0.00036242366836994333
6.1752350470094015	0.00035867768007910583
6.217243448689738	0.0003549380148279435
6.259251850370074	0.00035120485949641234
6.30126025205041	0.0003474784009299958
6.343268653730746	0.00034375882584181117
6.385277055411082	0.0003400463207170745
6.427285457091418	0.00033634107171731653
6.469293858771755	0.00033264326458895543
6.511302260452091	0.00032895308457284167
6.553310662132426	0.00032527071631524573
6.595319063812762	0.0003215963437806779
6.637327465493098	0.0003179301501684273
6.679335867173434	0.000314272317829295
6.721344268853771	0.0003106230281855471
6.763352670534107	0.00030698246165258847
6.805361072214443	0.000303350797563412
6.847369473894779	0.0002997282140949631
6.889377875575115	0.00029611488819594745
6.931386277255451	0.0002925109955180527
6.973394678935787	0.0002889167103492518
7.015403080616123	0.0002853322055485774
7.057411482296459	0.00028175765248469875
7.099419883976795	0.0002781932209746374
7.141428285657131	0.0002746390792264797
7.183436687337467	0.00027109539378408765
7.2254450890178035	0.0002675623294738083
7.26745349069814	0.0002640400493532924
7.309461892378476	0.00026052871466286653
7.351470294058812	0.0002570284847786819
7.393478695739148	0.00025353951716880485
7.435487097419483	0.0002500619673513338
7.4774954990998195	0.00024659598885384826
7.519503900780156	0.00024314173317691035
7.561512302460492	0.00023969934975751062
7.603520704140828	0.0002362689859353173
7.645529105821164	0.00023285078692170114
7.6875375075015	0.00022944489577120253
7.729545909181836	0.00022605145335327648
7.7715543108621725	0.0002226705983275623
7.813562712542509	0.00021930246711929224
7.855571114222845	0.00021594719389925188
7.89757951590318	0.00021260491056337982
7.939587917583516	0.00020927574671594784
7.981596319263852	0.00020595982965324056
8.023604720944189	0.0002026572843480401
8.065613122624525	0.0001993682334396063
8.10762152430486	0.00019609279722246353
8.149629925985197	0.0001928310936354649
8.191638327665533	0.00018958323825635226
8.23364672934587	0.00018634934429642702
8.275655131026205	0.0001831295225940277
8.317663532706542	0.00017992388161180983
8.359671934386878	0.00017673252743749535
8.401680336067214	0.0001735555637843167
8.44368873774755	0.00017039309198851882
8.485697139427886	0.00016724521101504908
8.527705541108222	0.00016411201746188708
8.569713942788557	0.00016099360556354192
8.611722344468893	0.00015789006719804655
8.653730746149229	0.0001548014918956453
8.695739147829565	0.0001517279668464544
8.737747549509901	0.00014866957690956584
8.779755951190237	0.00014562640462570386
8.821764352870574	0.0001425985302280497
8.86377275455091	0.00013958603165345473
8.905781156231246	0.0001365889845600654
8.947789557911582	0.00013360746233731513
8.989797959591918	0.00013064153612302176
9.031806361272254	0.00012769127482198384
9.07381476295259	0.0001247567451186926
9.115823164632927	0.00012183801149678875
9.157831566313263	0.00011893513625932384
9.199839967993599	0.00011604817954560809
9.241848369673935	0.00011317719935041715
9.283856771354271	0.00011032225154553044
9.325865173034607	0.00010748338989885475
9.367873574714944	0.00010466066609712832
9.40988197639528	0.00010185412976801422
9.451890378075614	9.906382850063955e-05
9.49389877975595	9.62898078695762e-05
9.535907181436286	9.353211145654572e-05
9.577915583116622	9.079078087453896e-05
9.619923984796959	8.806585579165804e-05
9.661932386477295	8.535737395548582e-05
9.703940788157631	8.266537121559558e-05
9.745949189837967	7.998988155061282e-05
9.787957591518303	7.73309370913633e-05
9.82996599319864	7.468856814601965e-05
9.871974394878976	7.20628032255255e-05
9.913982796559312	6.9453669068964e-05
9.955991198239648	6.686119066931506e-05
9.997999599919984	6.428539129937905e-05
10.04000800160032	6.172629253514694e-05
10.082016403280656	5.918391428508252e-05
10.124024804960992	5.6658274813242704e-05
10.166033206641329	5.414939076628378e-05
10.208041608321665	5.1657277200078955e-05
10.250050010002001	4.918194760397676e-05
10.292058411682337	4.672341392833457e-05
10.334066813362671	4.4281686608999005e-05
10.376075215043008	4.185677459445092e-05
10.418083616723344	3.944868537061885e-05
10.46009201840368	3.705742498785747e-05
10.502100420084016	3.4682998085233674e-05
10.544108821764352	3.2325407916367066e-05
10.586117223444688	2.998465637552017e-05
10.628125625125024	2.7660744022994788e-05
10.67013402680536	2.5353670109168336e-05
10.712142428485697	2.3063432600528566e-05
10.754150830166033	2.0790028205236455e-05
10.796159231846369	1.8533452396246597e-05
10.838167633526705	1.6293699436842335e-05
10.880176035207041	1.4070762405754556e-05
10.922184436887378	1.1864633219893506e-05
10.964192838567714	9.675302658967988e-06
11.00620124024805	7.502760389882512e-06
11.048209641928386	5.346994990329534e-06
11.090218043608722	3.2079939713269834e-06
11.132226445289058	1.085743799977834e-06
11.174234846969394	-1.0197700745506744e-06
11.21624324864973	-3.108563201126291e-06
11.258251650330065	-5.1806521029762465e-06
11.300260052010401	-7.236054256593016e-06
11.342268453690737	-9.274788067753503e-06
11.384276855371073	-1.1296872851396245e-05
11.42628525705141	-1.3302328809638997e-05
11.468293658731746	-1.5291177008686097e-05
11.510302060412082	-1.726343936070407e-05
11.552310462092418	-1.9219138602200037e-05
11.594318863772754	-2.1158298271928278e-05
11.63632726545309	-2.308094269293237e-05
11.678335667133426	-2.4987096949424803e-05
11.720344068813763	-2.687678687054995e-05
11.762352470494099	-2.8750039008595962e-05
11.804360872174435	-3.060688062098138e-05
11.846369273854771	-3.24473396511038e-05
11.888377675535107	-3.4271444708244836e-05
11.930386077215443	-3.607922505274863e-05
11.97239447889578	-3.787071057320679e-05
12.014402880576116	-3.9645931771165044e-05
12.056411282256452	-4.140491974524707e-05
12.098419683936788	-4.31477061715313e-05
12.140428085617122	-4.487432328603713e-05
12.182436487297458	-4.658480386954267e-05
12.224444888977795	-4.827918122971009e-05
12.26645329065813	-4.995748918645848e-05
12.308461692338467	-5.16197620548664e-05
12.350470094018803	-5.326603462901813e-05
12.39247849569914	-5.4896342169458157e-05
12.434486897379475	-5.651072038401206e-05
12.476495299059811	-5.810920541579612e-05
12.518503700740148	-5.9691833825814555e-05
12.560512102420484	-6.125864258235691e-05
12.60252050410082	-6.2809669044539e-05
12.644528905781156	-6.434495094825854e-05
12.686537307461492	-6.586452639320561e-05
12.728545709141828	-6.736843382940116e-05
12.770554110822165	-6.88567120437078e-05
12.8125625125025	-7.032940014634059e-05
12.854570914182837	-7.178653756020892e-05
12.896579315863173	-7.322816400837096e-05
12.93858771754351	-7.465431949935097e-05
12.980596119223845	-7.606504431839634e-05
13.022604520904181	-7.74603790135997e-05
13.064612922584516	-7.884036438482456e-05
13.106621324264852	-8.020504147254748e-05
13.148629725945188	-8.155445154772734e-05
13.190638127625524	-8.288863609942632e-05
13.23264652930586	-8.4207636826511e-05
13.274654930986197	-8.551149562630034e-05
13.316663332666533	-8.680025458149276e-05
13.358671734346869	-8.807395595644696e-05
13.400680136027205	-8.933264218247139e-05
13.442688537707541	-9.05763558500805e-05
13.484696939387877	-9.180513969950233e-05
13.526705341068213	-9.301903661262934e-05
13.56871374274855	-9.421808960188849e-05
13.610722144428886	-9.54023418037464e-05
13.652730546109222	-9.657183646905043e-05
13.694738947789558	-9.772661695545137e-05
13.736747349469894	-9.886672671935437e-05
13.77875575115023	-9.999220930706487e-05
13.820764152830566	-0.00010110310834790526
13.862772554510903	-0.00010219946754699838
13.904780956191239	-0.00010328133067646905
13.946789357871573	-0.00010434874156919904
13.98879775955191	-0.00010540174411274861
14.030806161232245	-0.00010644038224105756
14.072814562912582	-0.00010746469992781171
14.114822964592918	-0.00010847474118119704
14.156831366273254	-0.0001094705500368498
14.19883976795359	-0.00011045217055083434
14.240848169633926	-0.00011141964679545202
14.282856571314262	-0.0001123730228521358
14.324864972994598	-0.00011331234280564928
14.366873374674935	-0.00011423765073789727
14.40888177635527	-0.00011514899072453955
14.450890178035607	-0.0001160464068289957
14.492898579715943	-0.0001169299430960613
14.53490698139628	-0.00011779964354818873
14.576915383076615	-0.00011865555217988044
14.618923784756952	-0.00011949771295277634
14.660932186437288	-0.00012032616979357202
14.702940588117624	-0.00012114096658666362
14.74494898979796	-0.00012194214716954033
14.786957391478296	-0.00012272975533159092
14.82896579315863	-0.00012350383480722038
14.870974194838967	-0.00012426442927268577
14.912982596519303	-0.0001250115823427378
14.954990998199639	-0.0001257453375662354
14.996999399879975	-0.00012646573842270414
15.039007801560311	-0.0001271728283204765
15.081016203240647	-0.00012786665059077995
15.123024604920984	-0.0001285472484859329
15.16503300660132	-0.0001292146651752646
15.207041408281656	-0.00012986894374208968
15.249049809961992	-0.00013051012718220956
15.291058211642328	-0.00013113825839961013
15.333066613322664	-0.00013175338020435245
15.375075015003	-0.0001323555353075767
15.417083416683337	-0.00013294476632272345
15.459091818363673	-0.00013352111576100945
15.501100220044009	-0.00013408462602892968
15.543108621724345	-0.00013463533942556505
15.585117023404681	-0.00013517329814199952
15.627125425085017	-0.00013569854425724004
15.669133826765353	-0.00013621111973682876
15.71114222844569	-0.000136711066432732
15.753150630126024	-0.00013719842607765043
15.79515903180636	-0.00013767324028576833
15.837167433486696	-0.00013813555055031124
15.879175835167032	-0.0001385853982433516
15.921184236847369	-0.000139022824610896
15.963192638527705	-0.00013944787077344034
16.005201040208043	-0.00013986057772433225
16.047209441888377	-0.0001402609863287163
16.089217843568715	-0.0001406491373216745
16.13122624524905	-0.0001410250713065886
16.173234646929387	-0.00014138882875402992
16.21524304860972	-0.00014174045000114877
16.257251450290056	-0.0001420799752500923
16.299259851970394	-0.00014240744456747723
16.34126825365073	-0.00014272289788280768
16.383276655331066	-0.000143026374987254
16.4252850570114	-0.00014331791553268136
16.46729345869174	-0.00014359755903248228
16.509301860372073	-0.00014386534485966163
16.55131026205241	-0.00014412131224528224
16.593318663732745	-0.0001443655002779931
16.635327065413083	-0.00014459794790483427
16.677335467093418	-0.00014481869393026536
16.719343868773755	-0.0001450277770133901
16.76135227045409	-0.00014522523567003787
16.803360672134428	-0.0001454111082714038
16.845369073814762	-0.0001455854330433548
16.8873774754951	-0.0001457482480664296
16.929385877175434	-0.00014589959127575547
16.971394278855772	-0.0001460395004586057
17.013402680536107	-0.00014616801325847972
17.055411082216445	-0.00014628516716980178
17.09741948389678	-0.00014639099954089074
17.139427885577113	-0.00014648554757312748
17.18143628725745	-0.00014656884832064954
17.223444688937786	-0.00014664093868965722
17.265453090618124	-0.00014670185543985692
17.307461492298458	-0.00014675163518307333
17.349469893978796	-0.00014679031438336043
17.39147829565913	-0.0001468179293576677
17.433486697339468	-0.00014683451627636734
17.475495099019803	-0.00014684011116086748
17.51750350070014	-0.00014683474988663736
17.559511902380475	-0.00014681846818115352
17.601520304060813	-0.00014679130162453813
17.643528705741147	-0.00014675328565175172
17.685537107421485	-0.00014670445555034495
17.72754550910182	-0.00014664484646081943
17.769553910782157	-0.0001465744933780988
17.81156231246249	-0.00014649343115111235
17.85357071414283	-0.00014640169448246199
17.895579115823164	-0.0001462993179301153
17.937587517503502	-0.00014618633590732233
17.979595919183836	-0.0001460627826814498
18.02160432086417	-0.0001459286923762848
18.06361272254451	-0.00014578409897089695
18.105621124224843	-0.00014562903630196966
18.14762952590518	-0.000145463538062246
18.189637927585515	-0.00014528763780113918
18.231646329265853	-0.0001451013689260372
18.273654730946188	-0.00014490476470296887
18.315663132626526	-0.0001446978582563263
18.35767153430686	-0.0001444806825671996
18.399679935987198	-0.000144253270479483
18.441688337667532	-0.00014401565469499
18.48369673934787	-0.00014376786777681172
18.525705141028205	-0.00014350994214878954
18.567713542708542	-0.00014324191009576492
18.609721944388877	-0.0001429638037652725
18.651730346069215	-0.00014267565516706826
18.69373874774955	-0.00014237749617396211
18.735747149429887	-0.00014206935852223435
18.77775555111022	-0.00014175127381271801
18.81976395279056	-0.00014142327351179818
18.861772354470894	-0.00014108538894941347
18.903780756151228	-0.00014073765132302518
18.945789157831566	-0.0001403800916962017
18.9877975595119	-0.00014001274100003402
19.02980596119224	-0.00013963563003319135
19.071814362872573	-0.0001392487894627814
19.11382276455291	-0.00013885224982471134
19.155831166233245	-0.00013844604152563056
19.197839567913583	-0.00013803019484145973
19.239847969593917	-0.00013760473991888955
19.281856371274255	-0.00013716970677682405
19.32386477295459	-0.0001367251253066859
19.365873174634928	-0.00013627102527208335
19.407881576315262	-0.00013580743631086412
19.4498899779956	-0.00013533438793489339
19.491898379675934	-0.0001348519095307199
19.533906781356272	-0.0001343600303610748
19.575915183036606	-0.00013385877956464953
19.617923584716944	-0.00013334818615687305
19.65993198639728	-0.00013282827903113303
19.701940388077617	-0.00013229908695799875
19.74394878975795	-0.000131760638587608
19.785957191438285	-0.00013121296245025005
19.827965593118623	-0.00013065608695553288
19.869973994798958	-0.00013009004039468697
19.911982396479296	-0.00012951485094112036
19.95399079815963	-0.00012893054664900316
19.995999199839968	-0.00012833715545707003
20.038007601520302	-0.00012773470518634422
20.08001600320064	-0.00012712322354335726
20.122024404880975	-0.00012650273811867785
20.164032806561313	-0.00012587327638910462
20.206041208241647	-0.000125234865718582
20.248049609921985	-0.00012458753335678474
20.29005801160232	-0.00012393130644161587
20.332066413282657	-0.00012326621199956755
20.37407481496299	-0.00012259227694597086
20.41608321664333	-0.00012190952808577293
20.458091618323664	-0.00012121799211467499
20.500100020004002	-0.00012051769562085313
20.542108421684336	-0.00011980866508198851
20.584116823364674	-0.0001190909268687923
20.62612522504501	-0.0001183645072455608
20.668133626725343	-0.00011762943237086931
20.71014202840568	-0.00011688572829637867
20.752150430086015	-0.00011613342097019363
20.794158831766353	-0.00011537253623536414
20.836167233446687	-0.00011460309983049588
20.878175635127025	-0.00011382513739305322
20.92018403680736	-0.00011303867445811022
20.962192438487698	-0.0001122437364577955
21.004200840168032	-0.00011144034872417885
21.04620924184837	-0.00011062853648810544
21.088217643528704	-0.00010980832488202696
21.130226045209042	-0.00010897973893833623
21.172234446889377	-0.0001081428035911991
21.214242848569715	-0.00010729754367663769
21.25625125025005	-0.00010644398393458432
21.298259651930387	-0.00010558214900716067
21.34026805361072	-0.00010471206344067618
21.38227645529106	-0.00010383375168776521
21.424284856971394	-0.00010294723810452822
21.46629325865173	-0.0001020525469535849
21.508301660332066	-0.00010114970240454602
21.550310062012404	-0.00010023872853315297
21.592318463692738	-9.931964932355375e-05
21.634326865373072	-9.839248866783112e-05
21.67633526705341	-9.745727036747365e-05
21.718343668733745	-9.651401813270954e-05
21.760352070414083	-9.556275558475491e-05
21.802360472094417	-9.460350625517533e-05
21.844368873774755	-9.363629358605241e-05
21.88637727545509	-9.266114093170463e-05
21.928385677135427	-9.167807155949226e-05
21.97039407881576	-9.068710865023366e-05
22.0124024804961	-8.968827529701184e-05
22.054410882176434	-8.868159450670099e-05
22.096419283856772	-8.766708920190935e-05
22.138427685537106	-8.664478222053518e-05
22.180436087217444	-8.561469631560015e-05
22.22244448889778	-8.45768541562486e-05
22.264452890578116	-8.35312783290243e-05
22.30646129225845	-8.247799133742628e-05
22.34846969393879	-8.141701560213099e-05
22.390478095619123	-8.034837346426738e-05
22.43248649729946	-7.927208718233603e-05
22.474494898979795	-7.818817893584518e-05
22.51650330066013	-7.70966708236176e-05
22.558511702340468	-7.599758486367958e-05
22.600520104020802	-7.48909429965916e-05
22.64252850570114	-7.377676708397729e-05
22.684536907381474	-7.265507890960587e-05
22.726545309061812	-7.152590017986404e-05
22.768553710742147	-7.038925252417227e-05
22.810562112422485	-6.924515749490157e-05
22.85257051410282	-6.809363656862244e-05
22.894578915783157	-6.693471114735394e-05
22.93658731746349	-6.576840255775873e-05
22.97859571914383	-6.459473205172594e-05
23.020604120824164	-6.34137208068708e-05
23.0626125225045	-6.222538992767257e-05
23.104620924184836	-6.102976044530806e-05
23.146629325865174	-5.9826853318095674e-05
23.18863772754551	-5.8616689432272606e-05
23.230646129225846	-5.7399289602577674e-05
23.27265453090618	-5.6174674572195826e-05
23.31466293258652	-5.494286501311896e-05
23.356671334266853	-5.3703881527950026e-05
23.398679735947187	-5.245774464857078e-05
23.440688137627525	-5.1204474836780145e-05
23.48269653930786	-4.9944092486459146e-05
23.524704940988197	-4.867661792201661e-05
23.566713342668532	-4.7402071400137746e-05
23.60872174434887	-4.612047311008949e-05
23.650730146029204	-4.483184317244371e-05
23.692738547709542	-4.353620164149197e-05
23.734746949389876	-4.2233568504468355e-05
23.776755351070214	-4.092396368404749e-05
23.81876375275055	-3.960740703495835e-05
23.860772154430887	-3.828391834709288e-05
23.90278055611122	-3.695351734622765e-05
23.94478895779156	-3.5616223692996885e-05
23.986797359471893	-3.427205698355862e-05
24.02880576115223	-3.292103675178737e-05
24.070814162832566	-3.156318246563816e-05
24.112822564512904	-3.0198513532031512e-05
24.154830966193238	-2.8827049294383178e-05
24.196839367873576	-2.744880903315927e-05
24.23884776955391	-2.6063811968290995e-05
24.280856171234245	-2.4672077257564817e-05
24.322864572914582	-2.3273623997122073e-05
24.364872974594917	-2.1868471223207564e-05
24.406881376275255	-2.045663791011565e-05
24.44888977795559	-1.9038142973548666e-05
24.490898179635927	-1.7613005268146686e-05
24.53290658131626	-1.618124358984674e-05
24.5749149829966	-1.4742876675577499e-05
24.616923384676934	-1.3297923202398865e-05
24.65893178635727	-1.1846401790110983e-05
24.700940188037606	-1.0388331000560358e-05
24.742948589717944	-8.92372933708474e-06
24.78495699139828	-7.452615245345795e-06
24.826965393078616	-5.9750071147723904e-06
24.86897379475895	-4.490923277394865e-06
24.91098219643929	-3.00038200876096e-06
24.952990598119623	-1.5034015283243995e-06
24.99499899979996	0.0
