0.0	0.007919221494394675
0.043408681736347265	0.00789271027126913
0.08681736347269453	0.007804329189626782
0.1302260452090418	0.007656279709908082
0.17363472694538906	0.007451620635741299
0.21704340868173633	0.007194162272167924
0.2604520904180836	0.0068883416402214445
0.30386077215443086	0.006539085896374912
0.3472694538907781	0.0061516711812633
0.3906781356271254	0.005731583668130626
0.43408681736347265	0.005284388740055487
0.4774954990998199	0.004815613175639239
0.5209041808361672	0.004330644170680215
0.5643128625725145	0.003834648224524912
0.6077215443088617	0.0033325127969881067
0.651130226045209	0.0028288152220089964
0.6945389077815562	0.002327830180465333
0.7379475895179035	0.0018336184733929624
0.7813562712542508	0.0013504396168362437
0.824764952990598	0.0008840513898490769
0.8681736347269453	0.0004395800346557628
0.9115823164632926	7.62446906720296e-06
0.9549909981996398	-0.00043039399418244584
0.9983996799359871	-0.0008701728809908174
1.0418083616723344	-0.0012916050976356577
1.0852170434086816	-0.0016837053324631202
1.128625725145029	-0.0020459641636958147
1.1720344068813762	-0.0023805672174133756
1.2154430886177234	-0.0026890798501448196
1.2588517703540707	-0.0029723433818122785
1.302260452090418	-0.0032308655858518526
1.3456691338267652	-0.0034650319956839384
1.3890778155631125	-0.0036751863472029023
1.4324864972994598	-0.0038616589210694087
1.475895179035807	-0.004024775675841155
1.5193038607721543	-0.0041648599266545655
1.5627125425085016	-0.004282231135988045
1.6061212242448488	-0.004377202820127851
1.649529905981196	-0.004450080527064328
1.6929385877175434	-0.004501160361683125
1.7363472694538906	-0.004530728297764762
1.7797559511902379	-0.004539060394868701
1.8231646329265851	-0.004526423974630798
1.8665733146629324	-0.004493079777747266
1.9099819963992797	-0.0044392851057438835
1.953390678135627	-0.004365297943121571
1.9967993598719742	-0.004271382051918481
2.0402080416083215	-0.004157813030071119
2.0836167233446687	-0.0040248853251848675
2.127025405081016	-0.0038729201936261136
2.1704340868173633	-0.003702274587998655
2.2138427685537105	-0.003513350941637197
2.257251450290058	-0.003306607796114157
2.300660132026405	-0.003082571187862277
2.3440688137627523	-0.002841846674145547
2.3874774954990996	-0.0025851318372754513
2.430886177235447	-0.0023132290590374034
2.474294858971794	-0.0020270583049531374
2.5177035407081414	-0.0017276696010012707
2.5611122224444887	-0.0014162548237961273
2.604520904180836	-0.0010941583578974144
2.647929585917183	-0.0007628861021194873
2.6913382676535305	-0.00042411223873257617
2.7347469493898777	-7.968312721148493e-05
2.778155631126225	0.0002683823502554715
2.8215643128625723	0.0006178966901330615
2.8649729945989195	0.0009665126182509948
2.908381676335267	0.0013117375059244277
2.951790358071614	0.0016509537257201057
2.9951990398079613	0.0019814449937341355
3.0386077215443086	0.0023004285402507714
3.082016403280656	0.002605092969688083
3.125425085017003	0.002892641691729387
3.1688337667533504	0.0031603414622822755
3.2122424484896976	0.003405574793301811
3.255651130226045	0.0036258941464319024
3.299059811962392	0.00381907539066894
3.3424684936987394	0.003983168122676094
3.3858771754350867	0.00411654086827077
3.429285857171434	0.0042179195568111325
3.4726945389077812	0.004286417851313083
3.5161032206441285	0.004321558046383969
3.5595119023804758	0.004323281504947773
3.602920584116823	0.004291948071625171
3.6463292658531703	0.004228324506916084
3.6897379475895176	0.004133562601741945
3.733146629325865	0.0040091681551758344
3.776555311062212	0.003856962386943521
3.8199639927985594	0.0036790376073483205
3.8633726745349066	0.003477709088607752
3.906781356271254	0.0032554650806748686
3.950190038007601	0.003014916802178913
3.9935987197439484	0.0027587500330596634
4.037007401480296	0.0024896796680500335
4.080416083216643	0.002210408289405854
4.123824764952991	0.0019235895088092446
4.1672334466893375	0.0016317965316879277
4.210642128425685	0.001337496127037454
4.254050810162032	0.0010430279531875551
4.29745949189838	0.0007505890011296479
4.3408681736347265	0.00046222277158217487
4.384276855371074	0.00017981269057729468
4.427685537107421	-9.492082887767317e-05
4.471094218843769	-0.0003604203830875931
4.514502900580116	-0.0006152894842677385
4.557911582316463	-0.0008582893895232625
4.60132026405281	-0.0010883358902262254
4.644728945789158	-0.0013044966676460379
4.688137627525505	-0.0015059884991920729
4.731546309261852	-0.0016921712095588626
4.774954990998199	-0.001862532523751001
4.818363672734547	-0.002016657033705748
4.861772354470894	-0.00215417640895077
4.905181036207241	-0.0022747086127506595
4.948589717943588	-0.0023778087499016567
4.991998399679936	-0.0024629649639514965
5.035407081416283	-0.002529668193308996
5.0788157631526305	-0.0025775574912722636
5.122224444888977	-0.002606598571470501
5.165633126625325	-0.002617214564469058
5.209041808361672	-0.00261028639983904
5.25245049009802	-0.002586993808093796
5.295859171834366	-0.002548554625981376
5.339267853570714	-0.002495981088493318
5.382676535307061	-0.002429959173206323
5.426085217043409	-0.002350881428439894
5.4694938987797554	-0.0022589839243517436
5.512902580516103	-0.002154504814263842
5.55631126225245	-0.0020378009075305813
5.599719943988798	-0.0019094007034580543
5.6431286257251445	-0.0017700064082829016
5.686537307461492	-0.0016204702090356626
5.729945989197839	-0.0014617656942704643
5.773354670934187	-0.001294964814667364
5.816763352670534	-0.0011212224252547497
5.860172034406881	-0.0009417666600971437
5.903580716143228	-0.0007578928316714535
5.946989397879576	-0.0005709592679926379
5.990398079615923	-0.00038238440821171393
6.03380676135227	-0.0001936452199588004
6.077215443088617	-6.277404124298974e-06
6.120624124824965	0.00017812235950737804
6.164032806561312	0.0003578930017502889
6.207441488297659	0.0005313074681869319
6.250850170034006	0.0006965784685705294
6.294258851770354	0.0008518788471488306
6.337667533506701	0.0009953832027095391
6.3810762152430485	0.0011253333660121469
6.424484896979395	0.0012401235026260476
6.467893578715743	0.0013383932646410038
6.51130226045209	0.0014191127938607481
6.5547109421884375	0.0014816439539729297
6.598119623924784	0.001525768027770602
6.641528305661132	0.0015516785865630073
6.684936987397479	0.0015599453198511387
6.728345669133827	0.0015514573625749033
6.771754350870173	0.001527353001098821
6.815163032606521	0.0014889395873917306
6.858571714342868	0.0014376075965684444
6.901980396079216	0.0013747491033902423
6.9453890778155625	0.0013017014954585099
6.98879775955191	0.0012197428289227458
7.032206441288257	0.0011301531387992343
7.075615123024605	0.0010343218187232259
7.1190238047609515	0.0009338420476693553
7.162432486497299	0.000830523026829795
7.205841168233646	0.0007262887764256341
7.249249849969994	0.0006229964696301965
7.292658531706341	0.0005222510104885628
7.336067213442688	0.000425288139235213
7.379475895179035	0.00033295695725849353
7.422884576915383	0.0002457858690754766
7.46629325865173	0.00016408832354634223
7.509701940388077	8.80632601938415e-05
7.553110622124424	1.7862168455978766e-05
7.596519303860772	-4.638331985956645e-05
7.639927985597119	-0.00010456342926265169
7.683336667333466	-0.0001566062390400587
7.726745349069813	-0.00020249446238471483
7.770154030806161	-0.000242275514931993
7.813562712542508	-0.00027606266221568906
7.8569713942788555	-0.0003040282927805338
7.900380076015202	-0.0003263917071384785
7.94378875775155	-0.00034340398263676616
7.987197439487897	-0.0003553321378867817
8.030606121224244	-0.0003624443590343855
8.074014802960592	-0.0003649976194210029
8.117423484696939	-0.00036322866751782937
8.160832166433286	-0.000357349072121
8.204240848169633	-0.00034754476382482455
8.247649529905981	-0.000333980236833592
8.291058211642328	-0.0003168072158817939
8.334466893378675	-0.0002961771376574461
8.377875575115022	-0.0002722563119408848
8.42128425685137	-0.0002452422434905781
8.464692938587717	-0.00021537943284040406
8.508101620324064	-0.0001829730703611608
8.55151030206041	-0.00014839932662856492
8.59491898379676	-0.00011211130627485771
8.638327665533106	-7.464008363608846e-05
8.681736347269453	-3.659055433293673e-05
8.7251450290058	1.3678602071749701e-06
8.768553710742149	3.851530670722844e-05
8.811962392478495	7.409973351190854e-05
8.855371074214842	0.00010735833920083593
8.898779755951189	0.00013754114360890746
8.942188437687538	0.00016393553559480856
8.985597119423884	0.00018589067355839067
9.029005801160231	0.00020284063516381665
9.072414482896578	0.00021432518517535207
9.115823164632927	0.00022000698407605504
9.159231846369273	0.00021968408713391938
9.20264052810562	0.00021329677775589612
9.246049209841967	0.00020092817680046962
9.289457891578316	0.00018279862475923184
9.332866573314663	0.00015925443134630346
9.37627525505101	0.0001307520871645304
9.419683936787356	9.783932613465982e-05
9.463092618523705	6.113447907655015e-05
9.506501300260052	2.1305408749588972e-05
9.549909981996398	-2.095094797449973e-05
9.593318663732745	-6.49276916366015e-05
9.636727345469094	-0.00010992522698307153
9.68013602720544	-0.0001552663509361181
9.723544708941787	-0.00020030891884108629
9.766953390678134	-0.00024445589093756437
9.810362072414483	-0.0002871625990942782
9.85377075415083	-0.00032794114742908803
9.897179435887177	-0.0003663620017378723
9.940588117623523	-0.0004020530399127878
9.983996799359872	-0.00043469660591023696
10.027405481096219	-0.00046402538428045453
10.070814162832566	-0.0004898181262819705
10.114222844568912	-0.0005118963399946379
10.157631526305261	-0.0005301229313165699
10.201040208041608	-0.000544403387782371
10.244448889777955	-0.0005546894129197996
10.287857571514301	-0.0005609840112012383
10.33126625325065	-0.0005633460775896215
10.374674934986997	-0.0005618918586619247
10.418083616723344	-0.0005567905648102452
10.46149229845969	-0.0005482521808438112
10.50490098019604	-0.000536507166961124
10.548309661932386	-0.0005217799452012957
10.591718343668733	-0.0005042601884536445
10.63512702540508	-0.00048407720482332786
10.678535707141428	-0.0004612825810509473
10.721944388877775	-0.00043584466431850766
10.765353070614122	-0.0004076559461093261
10.808761752350469	-0.00037655181936727816
10.852170434086817	-0.0003423372869295997
10.895579115823164	-0.0003048173873031329
10.938987797559511	-0.00026382730803365534
10.982396479295858	-0.00021925903593655177
11.025805161032206	-0.0001710825588802263
11.069213842768553	-0.00011936078975050002
11.1126225245049	-6.42583453114437e-05
11.156031206241249	-6.044969020388424e-06
11.199439887977595	5.4905324764285834e-05
11.242848569713942	0.00011811838482725379
11.286257251450289	0.00018302669021316026
11.329665933186638	0.0002489785790126403
11.373074614922984	0.0003152501737428391
11.416483296659331	0.0003810604143475414
11.459891978395678	0.0004455894566134759
11.503300660132027	0.0005080002161773622
11.546709341868373	0.0005674621732466544
11.59011802360472	0.0006231759369041551
11.633526705341067	0.0006743967254320277
11.676935387077416	0.0007204549483992365
11.720344068813763	0.000760772425564063
11.76375275055011	0.0007948733225763178
11.807161432286456	0.0008223895095119498
11.850570114022805	0.0008430606651261725
11.893978795759152	0.000856729967455748
11.937387477495498	0.0008633365485025135
11.980796159231845	0.0008629060165991145
12.024204840968194	0.0008555403025351412
12.06761352270454	0.0008414079337187748
12.111022204440888	0.0008207356303434783
12.154430886177234	0.0007938018467270221
12.197839567913583	0.0007609325155072955
12.24124824964993	0.0007224987662399381
12.284656931386277	0.0006789158126670643
12.328065613122623	0.0006306416501923109
12.371474294858972	0.0005781738662103027
12.414882976595319	0.0005220429407962468
12.458291658331666	0.00046280102254149524
12.501700340068012	0.0004010062582273481
12.545109021804361	0.00033720409085373493
12.588517703540708	0.00027190812420512314
12.631926385277055	0.00020558377799308886
12.675335067013402	0.0001386377795256251
12.71874374874975	7.141557783810204e-05
12.762152430486097	4.20729584476448e-06
12.805561112222444	-6.273874877339367e-05
12.84896979395879	-0.00012919724989873815
12.89237847569514	-0.00019494495660596703
12.935787157431486	-0.00025974085538319966
12.979195839167833	-0.00032331038019398767
13.02260452090418	-0.00038533565265503125
13.066013202640528	-0.0004454526067643773
13.109421884376875	-0.000503254704283574
13.152830566113222	-0.0005583020405351448
13.196239247849569	-0.0006101341300588196
13.239647929585917	-0.0006582845718535388
13.283056611322264	-0.0007022960319570289
13.326465293058611	-0.0007417343916640666
13.369873974794958	-0.0007762013403729562
13.413282656531306	-0.0008053450389211569
13.456691338267653	-0.0008288687024948817
13.500100020004	-0.0008465370666451318
13.543508701740347	-0.000858180751264561
13.586917383476695	-0.0008636985750700883
13.630326065213042	-0.000863057930082848
13.673734746949389	-0.0008562934082759002
13.717143428685736	-0.0008435039621798035
13.760552110422084	-0.0008248489461896713
13.803960792158431	-0.0008005434015678145
13.847369473894778	-0.0007708529141628208
13.890778155631125	-0.0007360883058131172
13.934186837367474	-0.0006966003330811966
13.97759551910382	-0.0006527744654374647
14.021004200840167	-0.000605025708311363
14.064412882576514	-0.0005537933516392354
14.107821564312863	-0.0004995354948468776
14.15123024604921	-0.000442723235988679
14.194638927785556	-0.0003838344991011454
14.238047609521903	-0.00032334758969766383
14.281456291258252	-0.0002617347088294912
14.324864972994598	-0.0001994558069300205
14.368273654730945	-0.00013695325818055895
14.411682336467292	-7.464779489044573e-05
14.45509101820364	-1.2935928742702912e-05
14.498499699939988	4.781120747974696e-05
14.541908381676334	0.00010724787898431717
14.585317063412681	0.0001650529522267824
14.62872574514903	0.0002209285194303412
14.672134426885377	0.000274598092445507
14.715543108621723	0.00032580450887966655
14.75895179035807	0.0003743077603475149
14.802360472094419	0.00041988302014437165
14.845769153830766	0.00046231915812919647
14.889177835567112	0.000501417975665875
14.93258651730346	0.0005369942969849668
14.975995199039808	0.0005688769408427746
15.019403880776155	0.0005969104839104525
15.062812562512502	0.0006209576283129313
15.106221244248848	0.0006409019160635333
15.149629925985197	0.000656650506071034
15.193038607721544	0.0006681367476685379
15.23644728945789	0.0006753223382571782
15.279855971194237	0.000678198923352958
15.323264652930586	0.0006767890662037548
15.366673334666933	0.0006711465693303061
15.41008201640328	0.0006613561693030283
15.453490698139627	0.0006475326511335214
15.496899379875975	0.0006298194420058106
15.540308061612322	0.0006083867492410501
15.583716743348669	0.0005834293136220484
15.627125425085016	0.0005551638671841969
15.670534106821364	0.0005238264134607498
15.713942788557711	0.0004896694698683368
15.757351470294058	0.00045295940430434625
15.800760152030405	0.0004139739556959024
15.844168833766753	0.00037299996782277217
15.8875775155031	0.0003303313097515123
15.930986197239447	0.00028626691399027265
15.974394878975794	0.0002411088308790013
16.017803560712142	0.00019516017563571061
16.061212242448487	0.00014872285287432369
16.104620924184836	0.00010209500871227392
16.148029605921185	5.556828092278046e-05
16.19143828765753	9.425041945062412e-06
16.234846969393878	-3.606411608152518e-05
16.278255651130227	-8.064245761211022e-05
16.321664332866572	-0.00012406866680421402
16.36507301460292	-0.00016611793124762103
16.408481696339265	-0.00020658261336799558
16.451890378075614	-0.0002452725388804311
16.495299059811963	-0.00028201487703533035
16.538707741548308	-0.0003166535713930614
16.582116423284656	-0.00034904832457195376
16.625525105021005	-0.0003790732297598229
16.66893378675735	-0.00040661523623643225
16.7123424684937	-0.0004315726935914359
16.755751150230044	-0.00045385421520181823
16.799159831966392	-0.0004733780400424589
16.84256851370274	-0.0004900719791437365
16.885977195439086	-0.0005038739364459366
16.929385877175434	-0.0005147329068812719
16.972794558911783	-0.000522610281014857
17.016203240648128	-0.0005274812356371936
17.059611922384477	-0.0005293359848032864
17.10302060412082	-0.0005281807222930965
17.14642928585717	-0.0005240381940319755
17.18983796759352	-0.0005169479593021345
17.233246649329864	-0.0005069664884790118
17.276655331066213	-0.0004941672765438609
17.32006401280256	-0.00047864112257774843
17.363472694538906	-0.00046049664489976674
17.406881376275255	-0.0004398609844786655
17.4502900580116	-0.00041688052143012966
17.49369873974795	-0.00039172132914307156
17.537107421484297	-0.00036456905478781873
17.580516103220642	-0.0003356279581623184
17.62392478495699	-0.00030511894869285697
17.66733346669334	-0.00027327660349073593
17.710742148429684	-0.00024034529858758466
17.754150830166033	-0.00020657471309945205
17.797559511902378	-0.00017221504374867122
17.840968193638727	-0.0001375122817293406
17.884376875375075	-0.00010270387917248047
17.92778555711142	-6.801511454366735e-05
17.97119423884777	-3.365646401667574e-05
18.014602920584117	1.777670174188395e-07
18.058011602320462	3.330948663148037e-05
18.10142028405681	6.557577926192756e-05
18.144828965793156	9.682731619755497e-05
18.188237647529505	0.00012692680289021208
18.231646329265853	0.00015574783717207247
18.2750550110022	0.00018317419686757902
18.318463692738547	0.00020909930575245886
18.361872374474896	0.00023342558909713804
18.40528105621124	0.0002560635987781529
18.44868973794759	0.00027693101230246916
18.492098419683934	0.00029595173617255263
18.535507101420283	0.00031305531445522533
18.57891578315663	0.00032817671350637845
18.622324464892976	0.0003412564306813498
18.665733146629325	0.0003522408346706904
18.709141828365674	0.00036108268863436
18.75255051010202	0.00036774187807266795
18.795959191838367	0.00037218640306046005
18.839367873574712	0.000374393674827396
18.88277655531106	0.0003743520929541458
18.92618523704741	0.0003720628004481724
18.969593918783755	0.0003675414461970887
19.013002600520103	0.00036081974753972637
19.05641128225645	0.0003519466526103153
19.099819963992797	0.00034098895470480867
19.143228645729145	0.00032803129704174136
19.18663732746549	0.00031317560157335597
19.23004600920184	0.00029654003129069365
19.273454690938188	0.00027825762955777447
19.316863372674533	0.0002584747661800689
19.36027205441088	0.0002373494712819904
19.40368073614723	0.00021504968050534493
19.447089417883575	0.00019175137242580242
19.490498099619924	0.00016763655900340138
19.53390678135627	0.00014289108093969508
19.577315463092617	0.00011770214727805858
19.620724144828966	9.225555113705555e-05
19.66413282656531	6.673253430301146e-05
19.70754150830166	4.130640667024746e-05
19.750950190038008	1.613923071692655e-05
19.794358871774353	-8.620960993067223e-06
19.8377675535107	-3.284197883000883e-05
19.881176235247047	-5.640813872007447e-05
19.924584916983395	-7.921993470775407e-05
19.967993598719744	-0.0001011930911194378
20.01140228045609	-0.00012225732320651078
20.054810962192438	-0.00014235491990216217
20.098219643928786	-0.0001614390655646919
20.14162832566513	-0.00017947178465490404
20.18503700740148	-0.00019642152088996528
20.228445689137825	-0.00021226053189585606
20.271854370874173	-0.0002269623696753778
20.315263052610522	-0.00024049968677390676
20.358671734346867	-0.000252842504670496
20.402080416083216	-0.00026395698094212883
20.445489097819564	-0.0002738046622748798
20.48889777955591	-0.0002823422101557102
20.532306461292258	-0.0002895216048585357
20.575715143028603	-0.00029529084226495236
20.61912382476495	-0.0002995951257311162
20.6625325065013	-0.00030237852555217715
20.705941188237645	-0.00030358604194555966
20.749349869973994	-0.00030316597525695613
20.792758551710342	-0.0003010724891775521
20.836167233446687	-0.0002972682531728228
20.879575915183036	-0.00029172706267052706
20.92298459691938	-0.00028443634555917405
20.96639327865573	-0.0002753994602987149
21.00980196039208	-0.00026463767753252473
21.053210642128423	-0.0002521917293528825
21.096619323864772	-0.00023812282365484952
21.14002800560112	-0.00022251305699207136
21.183436687337466	-0.00020546520514909059
21.226845369073814	-0.00018710190997092355
21.27025405081016	-0.0001675643056937466
21.313662732546508	-0.00014701014009255511
21.357071414282856	-0.00012561145168243568
21.4004800960192	-0.0001035518703904302
21.44388877775555	-8.102362179753658e-05
21.4872974594919	-5.822433905141103e-05
21.530706141228244	-3.5353817206162236e-05
21.574114822964592	-1.2610858221163979e-05
21.617523504700937	9.809685686507086e-06
21.660932186437286	3.17196702615298e-05
21.704340868173635	5.2940334801653e-05
21.74774954990998	7.33050089680859e-05
21.791158231646328	9.266175769079635e-05
21.834566913382677	0.00011087555175461408
21.877975595119022	0.00012782939560807352
21.92138427685537	0.00014342408821937935
21.964792958591715	0.00015757686667553644
22.008201640328064	0.0001702196968006789
22.051610322064413	0.00018129804198487032
22.095019003800758	0.00019077051628497294
22.138427685537106	0.00019860923072012593
22.181836367273455	0.00020480026260370418
22.2252450490098	0.00020934368656713373
22.26865373074615	0.0002122529040068863
22.312062412482497	0.00021355337081113354
22.355471094218842	0.0002132810576755441
22.39887977595519	0.00021148099942595866
22.442288457691536	0.00020820613744837804
22.485697139427884	0.00020351645324318338
22.529105821164233	0.000197478257604973
22.572514502900578	0.00019016349585738307
22.615923184636927	0.00018164902069505232
22.659331866373275	0.00017201588717101826
22.70274054810962	0.00016134877130669079
22.74614922984597	0.00014973558950246574
22.789557911582314	0.00013726733146083442
22.832966593318663	0.00012403805989657027
22.87637527505501	0.00011014500500330579
22.919783956791356	9.568869110461106e-05
22.963192638527705	8.077305596410761e-05
23.006601320264053	6.550553494167471e-05
23.0500100020004	4.999707200304196e-05
23.093418683736747	3.436199772639467e-05
23.136827365473092	1.8717701705219664e-05
23.18023604720944	3.184036380977917e-06
23.22364472894579	-1.2117582507204655e-05
23.267053410682134	-2.706538113556381e-05
23.310462092418483	-4.1538714172350416e-05
23.35387077415483	-5.541978786187743e-05
23.397279455891177	-6.859555520484853e-05
23.440688137627525	-8.095969876740355e-05
23.48409681936387	-9.241460190379316e-05
23.52750550110022	-0.0001028732104108171
23.570914182836567	-0.00011226071145253522
23.614322864572912	-0.0001205159969174599
23.65773154630926	-0.00012759290204408802
23.70114022804561	-0.00013346117708520205
23.744548909781955	-0.00013810705902613657
23.787957591518303	-0.0001415332376780709
23.83136627325465	-0.00014375807004296526
23.874774954990997	-0.00014481412522203072
23.918183636727345	-0.00014474641439899544
23.96159231846369	-0.00014361075948163618
24.00500100020004	-0.0001414725613297571
24.048409681936388	-0.00013840585229290062
24.091818363672733	-0.00013449222033091665
24.13522704540908	-0.00012981918279128535
24.178635727145426	-0.0001244778727509735
24.222044408881775	-0.00011856029812372382
24.265453090618124	-0.00011215670942167633
24.30886177235447	-0.0001053536179319442
24.352270454090817	-9.82327494754194e-05
24.395679135827166	-9.087084844889085e-05
24.43908781756351	-8.333996482579042e-05
24.48249649929986	-7.570779863865645e-05
24.525905181036205	-6.803783195914043e-05
24.569313862772553	-6.038921470373146e-05
24.6127225445089	-5.281653785482732e-05
24.656131226245247	-4.536965849885263e-05
24.699539907981595	-3.809367048200965e-05
24.742948589717944	-3.102902469976146e-05
24.78635727145429	-2.421175461473843e-05
24.829765953190638	-1.7673764803726594e-05
24.873174634926983	-1.144316662738884e-05
24.91658331666333	-5.544665050590675e-06
24.95999199839968	0.0
