0.0	-0.3528705741148235
0.043408681736347265	-0.3514702940588119
0.08681736347269453	-0.3486697339467897
0.1302260452090418	-0.3444688937787559
0.17363472694538906	-0.3388677735547114
0.21704340868173633	-0.3318663732746554
0.2604520904180836	-0.3234646929385878
0.30386077215443086	-0.31366273254650956
0.3472694538907781	-0.30246049209841974
0.3906781356271254	-0.28985797159431925
0.43408681736347265	-0.2772554510902179
0.4774954990998199	-0.26185237047409515
0.5209041808361672	-0.24644928985797154
0.5643128625725145	-0.22964592918583726
0.6077215443088617	-0.21144228845769142
0.651130226045209	-0.19323864772954646
0.6945389077815562	-0.17363472694538906
0.7379475895179035	-0.15403080616123255
0.7813562712542508	-0.13442688537707603
0.824764952990598	-0.11342268453690796
0.8681736347269453	-0.09101820364072832
0.9115823164632926	-0.07001400280056025
0.9549909981996398	-0.0476095219043815
0.9983996799359871	-0.026605321064213427
1.0418083616723344	-0.0042008401680337926
1.0852170434086816	0.018203640728144954
1.128625725145029	0.03920784156831303
1.1720344068813762	0.0602120424084811
1.2154430886177234	0.08121624324864918
1.2588517703540707	0.10222044408881725
1.302260452090418	0.12182436487297466
1.3456691338267652	0.14142828565713117
1.3890778155631125	0.159631926385277
1.4324864972994598	0.1764352870574113
1.475895179035807	0.19323864772954558
1.5193038607721543	0.21004200840167986
1.5627125425085016	0.2240448089617919
1.6061212242448488	0.23804760952190396
1.649529905981196	0.25065013002600534
1.6929385877175434	0.26185237047409426
1.7363472694538906	0.2716543308661725
1.7797559511902379	0.2800560112022401
1.8231646329265851	0.28705741148229613
1.8665733146629324	0.2926585317063406
1.9099819963992797	0.29825965193038595
1.953390678135627	0.3010602120424082
1.9967993598719742	0.30246049209841974
2.0402080416083215	0.30246049209841974
2.0836167233446687	0.3010602120424082
2.127025405081016	0.29825965193038595
2.1704340868173633	0.29405881176235216
2.2138427685537105	0.2884576915383077
2.257251450290058	0.28145629125825167
2.300660132026405	0.2730546109221841
2.3440688137627523	0.2632526505301058
2.3874774954990996	0.252050410082016
2.430886177235447	0.23944788957791552
2.474294858971794	0.22544508901780347
2.5177035407081414	0.21144228845769142
2.5611122224444887	0.1960392078415678
2.604520904180836	0.17923584716943353
2.647929585917183	0.16103220644128768
2.6913382676535305	0.14282856571314273
2.7347469493898777	0.12462492498499689
2.778155631126225	0.10502100420083949
2.8215643128625723	0.0840168033606723
2.8649729945989195	0.0644128825765149
2.908381676335267	0.04340868173634682
2.951790358071614	0.022404480896178747
2.9951990398079613	0.001400280056010672
3.0386077215443086	-0.018203640728145842
3.082016403280656	-0.03920784156831392
3.125425085017003	-0.06021204240848199
3.1688337667533504	-0.0798159631926385
3.2122424484896976	-0.09941988397679591
3.255651130226045	-0.11762352470494086
3.299059811962392	-0.1358271654330867
3.3424684936987394	-0.152630526105221
3.3858771754350867	-0.16943388677735616
3.429285857171434	-0.18483696739347888
3.4726945389077812	-0.19883976795359093
3.5161032206441285	-0.21144228845769142
3.5595119023804758	-0.2240448089617928
3.602920584116823	-0.23384676935387105
3.6463292658531703	-0.2436487297459493
3.6897379475895176	-0.2520504100820169
3.733146629325865	-0.25765153030606136
3.776555311062212	-0.2632526505301067
3.8199639927985594	-0.26605321064212895
3.8633726745349066	-0.2688537707541512
3.906781356271254	-0.27025405081016274
3.950190038007601	-0.2688537707541512
3.9935987197439484	-0.2674534906981396
4.037007401480296	-0.2632526505301067
4.080416083216643	-0.25765153030606136
4.123824764952991	-0.2520504100820169
4.1672334466893375	-0.24504900980196087
4.210642128425685	-0.2352470494098826
4.254050810162032	-0.22544508901780347
4.29745949189838	-0.21424284856971454
4.3408681736347265	-0.20164032806561316
4.384276855371074	-0.18903780756151267
4.427685537107421	-0.17503500700140062
4.471094218843769	-0.159631926385277
4.514502900580116	-0.1442288457691543
4.557911582316463	-0.12882576515303068
4.60132026405281	-0.1120224044808964
4.644728945789158	-0.09381876375275056
4.688137627525505	-0.07701540308061627
4.731546309261852	-0.05881176235247043
4.774954990998199	-0.04060812162432548
4.818363672734547	-0.023804760952190307
4.861772354470894	-0.005601120224045353
4.905181036207241	0.01260252050410049
4.948589717943588	0.02940588117623477
4.991998399679936	0.046209241848369054
5.035407081416283	0.06301260252050422
5.0788157631526305	0.07841568313662695
5.122224444888977	0.09381876375275056
5.165633126625325	0.10922184436887328
5.209041808361672	0.12322464492898533
5.25245049009802	0.1358271654330867
5.295859171834366	0.1484296859371872
5.339267853570714	0.159631926385277
5.382676535307061	0.16943388677735527
5.426085217043409	0.17923584716943353
5.4694938987797554	0.1876375275055011
5.512902580516103	0.19463892778555714
5.55631126225245	0.2002400480096016
5.599719943988798	0.20584116823364607
5.6431286257251445	0.2086417283456692
5.686537307461492	0.21144228845769142
5.729945989197839	0.2128425685137021
5.773354670934187	0.2128425685137021
5.816763352670534	0.21144228845769142
5.860172034406881	0.21004200840167986
5.903580716143228	0.20724144828965763
5.946989397879576	0.20164032806561316
5.990398079615923	0.1960392078415678
6.03380676135227	0.19043808761752334
6.077215443088617	0.18203640728145576
6.120624124824965	0.17363472694538906
6.164032806561312	0.16523304660932148
6.207441488297659	0.15403080616123166
6.250850170034006	0.1442288457691534
6.294258851770354	0.1316263252650529
6.337667533506701	0.11902380476095153
6.3810762152430485	0.10642128425685105
6.424484896979395	0.09381876375275056
6.467893578715743	0.0798159631926385
6.51130226045209	0.06581316263252646
6.5547109421884375	0.050410082016402846
6.598119623924784	0.036407281456290796
6.641528305661132	0.021004200840168075
6.684936987397479	0.007001400280056025
6.728345669133827	-0.008401680336067585
6.771754350870173	-0.022404480896179635
6.815163032606521	-0.03780756151230236
6.858571714342868	-0.051810362072414406
6.901980396079216	-0.06441288257651578
6.9453890778155625	-0.07841568313662783
6.98879775955191	-0.09101820364072832
7.032206441288257	-0.10222044408881814
7.075615123024605	-0.11342268453690796
7.1190238047609515	-0.12462492498499689
7.162432486497299	-0.13442688537707603
7.205841168233646	-0.14282856571314273
7.249249849969994	-0.15123024604921032
7.292658531706341	-0.15823164632926634
7.336067213442688	-0.16523304660932236
7.379475895179035	-0.17083416683336683
7.422884576915383	-0.17503500700140062
7.46629325865173	-0.17783556711342285
7.509701940388077	-0.1806361272254451
7.553110622124424	-0.18203640728145665
7.596519303860772	-0.18203640728145665
7.639927985597119	-0.1806361272254451
7.683336667333466	-0.17923584716943441
7.726745349069813	-0.17783556711342285
7.770154030806161	-0.17363472694538906
7.813562712542508	-0.16943388677735616
7.8569713942788555	-0.1638327665533108
7.900380076015202	-0.15823164632926634
7.94378875775155	-0.152630526105221
7.987197439487897	-0.1442288457691543
8.030606121224244	-0.13722744548909827
8.074014802960592	-0.12882576515303068
8.117423484696939	-0.11902380476095242
8.160832166433286	-0.10922184436887417
8.204240848169633	-0.09941988397679591
8.247649529905981	-0.08961792358471765
8.291058211642328	-0.07841568313662783
8.334466893378675	-0.06721344268853802
8.377875575115022	-0.05741148229645976
8.42128425685137	-0.04620924184836994
8.464692938587717	-0.035007001400280124
8.508101620324064	-0.023804760952190307
8.55151030206041	-0.012602520504101378
8.59491898379676	-0.0014002800560115602
8.638327665533106	0.009801960392078257
8.681736347269453	0.019603920784156514
8.7251450290058	0.030806161232246332
8.768553710742149	0.04060812162432459
8.811962392478495	0.050410082016402846
8.855371074214842	0.05881176235247043
8.898779755951189	0.06721344268853713
8.942188437687538	0.07561512302460471
8.985597119423884	0.08261652330466074
9.029005801160231	0.08961792358471676
9.072414482896578	0.09661932386477279
9.115823164632927	0.10222044408881725
9.159231846369273	0.10642128425685105
9.20264052810562	0.11062212442488484
9.246049209841967	0.11482296459291863
9.289457891578316	0.11762352470494086
9.332866573314663	0.1204240848169631
9.37627525505101	0.12182436487297466
9.419683936787356	0.12182436487297466
9.463092618523705	0.12182436487297466
9.506501300260052	0.12182436487297466
9.549909981996398	0.1204240848169631
9.593318663732745	0.11762352470494086
9.636727345469094	0.11482296459291863
9.68013602720544	0.11202240448089551
9.723544708941787	0.1078215643128626
9.766953390678134	0.10362072414482881
9.810362072414483	0.09801960392078346
9.85377075415083	0.092418483696739
9.897179435887177	0.08681736347269453
9.940588117623523	0.0798159631926385
9.983996799359872	0.07281456291258248
10.027405481096219	0.06581316263252646
10.070814162832566	0.05881176235247043
10.114222844568912	0.050410082016402846
10.157631526305261	0.04200840168033615
10.201040208041608	0.033606721344268564
10.244448889777955	0.02520504100820098
10.287857571514301	0.016803360672134282
10.33126625325065	0.008401680336066697
10.374674934986997	0.0
10.418083616723344	-0.008401680336067585
10.46149229845969	-0.016803360672134282
10.50490098019604	-0.025205041008201867
10.548309661932386	-0.03360672134426945
10.591718343668733	-0.04060812162432548
10.63512702540508	-0.049009801960392174
10.678535707141428	-0.0560112022404482
10.721944388877775	-0.06301260252050422
10.765353070614122	-0.06861372274454958
10.808761752350469	-0.0756151230246056
10.852170434086817	-0.08121624324865007
10.895579115823164	-0.08541708341668386
10.938987797559511	-0.09101820364072832
10.982396479295858	-0.09521904380876212
11.025805161032206	-0.09801960392078435
11.069213842768553	-0.10082016403280658
11.1126225245049	-0.10362072414482881
11.156031206241249	-0.10642128425685193
11.199439887977595	-0.1078215643128626
11.242848569713942	-0.1078215643128626
11.286257251450289	-0.1078215643128626
11.329665933186638	-0.1078215643128626
11.373074614922984	-0.1078215643128626
11.416483296659331	-0.10642128425685193
11.459891978395678	-0.10362072414482881
11.503300660132027	-0.10222044408881814
11.546709341868373	-0.09941988397679591
11.59011802360472	-0.09521904380876212
11.633526705341067	-0.09241848369673988
11.676935387077416	-0.08821764352870609
11.720344068813763	-0.0840168033606723
11.76375275055011	-0.07841568313662783
11.807161432286456	-0.07421484296859404
11.850570114022805	-0.06861372274454958
11.893978795759152	-0.06301260252050422
11.937387477495498	-0.05741148229645976
11.980796159231845	-0.051810362072414406
12.024204840968194	-0.04480896179235838
12.06761352270454	-0.03920784156831392
12.111022204440888	-0.03220644128825789
12.154430886177234	-0.026605321064213427
12.197839567913583	-0.021004200840168075
12.24124824964993	-0.01400280056011205
12.284656931386277	-0.008401680336067585
12.328065613122623	-0.0028005601120231205
12.371474294858972	0.004200840168032904
12.414882976595319	0.009801960392078257
12.458291658331666	0.015403080616122722
12.501700340068012	0.019603920784156514
12.545109021804361	0.02520504100820098
12.588517703540708	0.02940588117623477
12.631926385277055	0.033606721344268564
12.675335067013402	0.03780756151230236
12.71874374874975	0.04200840168033615
12.762152430486097	0.046209241848369054
12.805561112222444	0.049009801960392174
12.84896979395879	0.051810362072414406
12.89237847569514	0.05321064212842508
12.935787157431486	0.0560112022404482
12.979195839167833	0.05741148229645887
13.02260452090418	0.05881176235247043
13.066013202640528	0.05881176235247043
13.109421884376875	0.05881176235247043
13.152830566113222	0.05881176235247043
13.196239247849569	0.05881176235247043
13.239647929585917	0.05881176235247043
13.283056611322264	0.05741148229645887
13.326465293058611	0.0560112022404482
13.369873974794958	0.05321064212842508
13.413282656531306	0.051810362072414406
13.456691338267653	0.049009801960392174
13.500100020004	0.046209241848369054
13.543508701740347	0.04340868173634682
13.586917383476695	0.04060812162432459
13.630326065213042	0.036407281456290796
13.673734746949389	0.033606721344268564
13.717143428685736	0.02940588117623477
13.760552110422084	0.02520504100820098
13.803960792158431	0.021004200840168075
13.847369473894778	0.016803360672134282
13.890778155631125	0.01260252050410049
13.934186837367474	0.008401680336066697
13.97759551910382	0.004200840168032904
14.021004200840167	0.0
14.064412882576514	-0.0042008401680337926
14.107821564312863	-0.008401680336067585
14.15123024604921	-0.012602520504101378
14.194638927785556	-0.016803360672134282
14.238047609521903	-0.021004200840168075
14.281456291258252	-0.025205041008201867
14.324864972994598	-0.0280056011202241
14.368273654730945	-0.03220644128825789
14.411682336467292	-0.035007001400280124
14.45509101820364	-0.03780756151230236
14.498499699939988	-0.04060812162432548
14.541908381676334	-0.04340868173634771
14.585317063412681	-0.04620924184836994
14.62872574514903	-0.049009801960392174
14.672134426885377	-0.050410082016403734
14.715543108621723	-0.051810362072414406
14.75895179035807	-0.05321064212842597
14.802360472094419	-0.05461092218443753
14.845769153830766	-0.0560112022404482
14.889177835567112	-0.0560112022404482
14.93258651730346	-0.05741148229645976
14.975995199039808	-0.05741148229645976
15.019403880776155	-0.05741148229645976
15.062812562512502	-0.05741148229645976
15.106221244248848	-0.0560112022404482
15.149629925985197	-0.0560112022404482
15.193038607721544	-0.05461092218443753
15.23644728945789	-0.05321064212842597
15.279855971194237	-0.051810362072414406
15.323264652930586	-0.050410082016403734
15.366673334666933	-0.049009801960392174
15.41008201640328	-0.0476095219043815
15.453490698139627	-0.04480896179235838
15.496899379875975	-0.04340868173634771
15.540308061612322	-0.04060812162432548
15.583716743348669	-0.03920784156831392
15.627125425085016	-0.036407281456291685
15.670534106821364	-0.03360672134426945
15.713942788557711	-0.030806161232246332
15.757351470294058	-0.02940588117623566
15.800760152030405	-0.026605321064213427
15.844168833766753	-0.023804760952190307
15.8875775155031	-0.021004200840168075
15.930986197239447	-0.018203640728145842
15.974394878975794	-0.01540308061612361
16.017803560712142	-0.012602520504101378
16.061212242448487	-0.009801960392078257
16.104620924184836	-0.007001400280056025
16.148029605921185	-0.005601120224045353
16.19143828765753	-0.0028005601120231205
16.234846969393878	0.0
16.278255651130227	0.001400280056010672
16.321664332866572	0.004200840168032904
16.36507301460292	0.005601120224044465
16.408481696339265	0.007001400280056025
16.451890378075614	0.009801960392078257
16.495299059811963	0.01120224044808893
16.538707741548308	0.01260252050410049
16.582116423284656	0.01400280056011205
16.625525105021005	0.015403080616122722
16.66893378675735	0.015403080616122722
16.7123424684937	0.016803360672134282
16.755751150230044	0.018203640728144954
16.799159831966392	0.018203640728144954
16.84256851370274	0.018203640728144954
16.885977195439086	0.018203640728144954
16.929385877175434	0.019603920784156514
16.972794558911783	0.019603920784156514
17.016203240648128	0.018203640728144954
17.059611922384477	0.018203640728144954
17.10302060412082	0.018203640728144954
17.14642928585717	0.018203640728144954
17.18983796759352	0.016803360672134282
17.233246649329864	0.016803360672134282
17.276655331066213	0.015403080616122722
17.32006401280256	0.01400280056011205
17.363472694538906	0.01260252050410049
17.406881376275255	0.01260252050410049
17.4502900580116	0.01120224044808893
17.49369873974795	0.009801960392078257
17.537107421484297	0.008401680336066697
17.580516103220642	0.007001400280056025
17.62392478495699	0.005601120224044465
17.66733346669334	0.0028005601120222323
17.710742148429684	0.001400280056010672
17.754150830166033	0.0
17.797559511902378	-0.0014002800560115602
17.840968193638727	-0.0028005601120231205
17.884376875375075	-0.0042008401680337926
17.92778555711142	-0.007001400280056025
17.97119423884777	-0.008401680336067585
18.014602920584117	-0.009801960392078257
18.058011602320462	-0.011202240448089817
18.10142028405681	-0.01400280056011205
18.144828965793156	-0.01540308061612361
18.188237647529505	-0.016803360672134282
18.231646329265853	-0.018203640728145842
18.2750550110022	-0.019603920784157403
18.318463692738547	-0.021004200840168075
18.361872374474896	-0.022404480896179635
18.40528105621124	-0.023804760952190307
18.44868973794759	-0.025205041008201867
18.492098419683934	-0.026605321064213427
18.535507101420283	-0.0280056011202241
18.57891578315663	-0.0280056011202241
18.622324464892976	-0.02940588117623566
18.665733146629325	-0.030806161232246332
18.709141828365674	-0.030806161232246332
18.75255051010202	-0.03220644128825789
18.795959191838367	-0.03220644128825789
18.839367873574712	-0.03360672134426945
18.88277655531106	-0.03360672134426945
18.92618523704741	-0.03360672134426945
18.969593918783755	-0.03360672134426945
19.013002600520103	-0.03360672134426945
19.05641128225645	-0.03360672134426945
19.099819963992797	-0.03360672134426945
19.143228645729145	-0.03360672134426945
19.18663732746549	-0.03360672134426945
19.23004600920184	-0.03360672134426945
19.273454690938188	-0.03220644128825789
19.316863372674533	-0.03220644128825789
19.36027205441088	-0.030806161232246332
19.40368073614723	-0.030806161232246332
19.447089417883575	-0.02940588117623566
19.490498099619924	-0.0280056011202241
19.53390678135627	-0.026605321064213427
19.577315463092617	-0.026605321064213427
19.620724144828966	-0.025205041008201867
19.66413282656531	-0.023804760952190307
19.70754150830166	-0.022404480896179635
19.750950190038008	-0.021004200840168075
19.794358871774353	-0.019603920784157403
19.8377675535107	-0.018203640728145842
19.881176235247047	-0.016803360672134282
19.924584916983395	-0.01540308061612361
19.967993598719744	-0.01400280056011205
20.01140228045609	-0.012602520504101378
20.054810962192438	-0.009801960392078257
20.098219643928786	-0.008401680336067585
20.14162832566513	-0.007001400280056025
20.18503700740148	-0.005601120224045353
20.228445689137825	-0.0042008401680337926
20.271854370874173	-0.0028005601120231205
20.315263052610522	-0.0014002800560115602
20.358671734346867	-0.0014002800560115602
20.402080416083216	0.0
20.445489097819564	0.001400280056010672
20.48889777955591	0.0028005601120222323
20.532306461292258	0.004200840168032904
20.575715143028603	0.004200840168032904
20.61912382476495	0.005601120224044465
20.6625325065013	0.005601120224044465
20.705941188237645	0.007001400280056025
20.749349869973994	0.007001400280056025
20.792758551710342	0.007001400280056025
20.836167233446687	0.008401680336066697
20.879575915183036	0.008401680336066697
20.92298459691938	0.008401680336066697
20.96639327865573	0.008401680336066697
21.00980196039208	0.008401680336066697
21.053210642128423	0.008401680336066697
21.096619323864772	0.007001400280056025
21.14002800560112	0.007001400280056025
21.183436687337466	0.007001400280056025
21.226845369073814	0.005601120224044465
21.27025405081016	0.005601120224044465
21.313662732546508	0.004200840168032904
21.357071414282856	0.004200840168032904
21.4004800960192	0.0028005601120222323
21.44388877775555	0.0028005601120222323
21.4872974594919	0.001400280056010672
21.530706141228244	0.0
21.574114822964592	-0.0014002800560115602
21.617523504700937	-0.0028005601120231205
21.660932186437286	-0.0028005601120231205
21.704340868173635	-0.0042008401680337926
21.74774954990998	-0.005601120224045353
21.791158231646328	-0.007001400280056025
21.834566913382677	-0.008401680336067585
21.877975595119022	-0.009801960392078257
21.92138427685537	-0.011202240448089817
21.964792958591715	-0.012602520504101378
22.008201640328064	-0.01400280056011205
22.051610322064413	-0.01540308061612361
22.095019003800758	-0.016803360672134282
22.138427685537106	-0.018203640728145842
22.181836367273455	-0.019603920784157403
22.2252450490098	-0.019603920784157403
22.26865373074615	-0.021004200840168075
22.312062412482497	-0.022404480896179635
22.355471094218842	-0.023804760952190307
22.39887977595519	-0.023804760952190307
22.442288457691536	-0.025205041008201867
22.485697139427884	-0.025205041008201867
22.529105821164233	-0.026605321064213427
22.572514502900578	-0.026605321064213427
22.615923184636927	-0.0280056011202241
22.659331866373275	-0.0280056011202241
22.70274054810962	-0.0280056011202241
22.74614922984597	-0.0280056011202241
22.789557911582314	-0.0280056011202241
22.832966593318663	-0.0280056011202241
22.87637527505501	-0.0280056011202241
22.919783956791356	-0.0280056011202241
22.963192638527705	-0.0280056011202241
23.006601320264053	-0.0280056011202241
23.0500100020004	-0.026605321064213427
23.093418683736747	-0.026605321064213427
23.136827365473092	-0.026605321064213427
23.18023604720944	-0.025205041008201867
23.22364472894579	-0.025205041008201867
23.267053410682134	-0.023804760952190307
23.310462092418483	-0.023804760952190307
23.35387077415483	-0.022404480896179635
23.397279455891177	-0.021004200840168075
23.440688137627525	-0.021004200840168075
23.48409681936387	-0.019603920784157403
23.52750550110022	-0.018203640728145842
23.570914182836567	-0.016803360672134282
23.614322864572912	-0.01540308061612361
23.65773154630926	-0.01540308061612361
23.70114022804561	-0.01400280056011205
23.744548909781955	-0.012602520504101378
23.787957591518303	-0.011202240448089817
23.83136627325465	-0.009801960392078257
23.874774954990997	-0.009801960392078257
23.918183636727345	-0.008401680336067585
23.96159231846369	-0.007001400280056025
24.00500100020004	-0.005601120224045353
24.048409681936388	-0.005601120224045353
24.091818363672733	-0.0042008401680337926
24.13522704540908	-0.0042008401680337926
24.178635727145426	-0.0028005601120231205
24.222044408881775	-0.0014002800560115602
24.265453090618124	-0.0014002800560115602
24.30886177235447	0.0
24.352270454090817	0.0
24.395679135827166	0.0
24.43908781756351	0.001400280056010672
24.48249649929986	0.001400280056010672
24.525905181036205	0.001400280056010672
24.569313862772553	0.001400280056010672
24.6127225445089	0.001400280056010672
24.656131226245247	0.001400280056010672
24.699539907981595	0.001400280056010672
24.742948589717944	0.001400280056010672
24.78635727145429	0.001400280056010672
24.829765953190638	0.001400280056010672
24.873174634926983	0.0
24.91658331666333	0.0
24.95999199839968	0.0
