0.0	0.029708699851365563
0.043408681736347265	0.029523880363447042
0.08681736347269453	0.02896736599003624
0.1302260452090418	0.028064673874114942
0.17363472694538906	0.026852611199546312
0.21704340868173633	0.02537633633896322
0.2604520904180836	0.023686061351014084
0.30386077215443086	0.02183378043457931
0.3472694538907781	0.019870348369542903
0.3906781356271254	0.017843132051768806
0.43408681736347265	0.015794343868274153
0.4774954990998199	0.013760062101238434
0.5209041808361672	0.011769866851973686
0.5643128625725145	0.009846976686238056
0.6077215443088617	0.008008762312147807
0.651130226045209	0.00626754795715094
0.6945389077815562	0.004631806428462924
0.7379475895179035	0.003108989399110376
0.7813562712542508	0.0017066065958977646
0.824764952990598	0.00040476798110643947
0.8681736347269453	-0.0008359609568454815
0.9115823164632926	-0.002002393425047936
0.9549909981996398	-0.0030660405908050324
0.9983996799359871	-0.004025403964408095
1.0418083616723344	-0.004890883879843145
1.0852170434086816	-0.005671929945866613
1.128625725145029	-0.006375793808694644
1.1720344068813762	-0.00700848802138224
1.2154430886177234	-0.007575286973070323
1.2588517703540707	-0.008080906822969195
1.302260452090418	-0.00852957901968021
1.3456691338267652	-0.008925090745437955
1.3890778155631125	-0.009270814059236347
1.4324864972994598	-0.00956973069548884
1.475895179035807	-0.00982445482088765
1.5193038607721543	-0.01003725442261783
1.5627125425085016	-0.01021007142169009
1.6061212242448488	-0.010344540428123468
1.649529905981196	-0.01044200603691183
1.6929385877175434	-0.010503538607094928
1.7363472694538906	-0.010529948530583578
1.7797559511902379	-0.01052179906699926
1.8231646329265851	-0.010479417890899382
1.8665733146629324	-0.010402907568505896
1.9099819963992797	-0.010292155254823196
1.953390678135627	-0.010146841982227348
1.9967993598719742	-0.009966452002019986
2.0402080416083215	-0.009750282744775171
2.0836167233446687	-0.009497456086672301
2.127025405081016	-0.009206931749267473
2.1704340868173633	-0.00887752381916265
2.2138427685537105	-0.008507921548834351
2.257251450290058	-0.008096715783868431
2.300660132026405	-0.0076424325436354815
2.3440688137627523	-0.007143575444219778
2.3874774954990996	-0.0065986787676411245
2.430886177235447	-0.006006373012989209
2.474294858971794	-0.005365464666473432
2.5177035407081414	-0.0046750316486600454
2.5611122224444887	-0.003934535393485584
2.604520904180836	-0.003143949747153575
2.647929585917183	-0.0023039058047193903
2.6913382676535305	-0.0014158503741635957
2.7347469493898777	-0.0004822139171144456
2.778155631126225	0.0004934184675165453
2.8215643128625723	0.0015061421608639838
2.8649729945989195	0.0025495864041610583
2.908381676335267	0.0036158010729591267
2.951790358071614	0.004695194363520557
2.9951990398079613	0.005776540367505637
3.0386077215443086	0.006847075583851881
3.082016403280656	0.007892700288118896
3.125425085017003	0.008898292128052484
3.1688337667533504	0.00984812665948569
3.2122424484896976	0.010726387663238541
3.255651130226045	0.011517741556249992
3.299059811962392	0.012207943046667887
3.3424684936987394	0.012784431653449339
3.3858771754350867	0.013236872995270332
3.429285857171434	0.013557599044187175
3.4726945389077812	0.01374191015682662
3.5161032206441285	0.013788217303967908
3.5595119023804758	0.013698021533122638
3.602920584116823	0.01347574480436953
3.6463292658531703	0.013128438614245213
3.6897379475895176	0.012665402987359155
3.733146629325865	0.0120977491581114
3.776555311062212	0.011437936400881834
3.8199639927985594	0.010699308896779326
3.8633726745349066	0.009895653562167265
3.906781356271254	0.009040795014849373
3.950190038007601	0.008148239453667657
3.9935987197439484	0.007230875146262611
4.037007401480296	0.006300733456073761
4.080416083216643	0.0053688109727668375
4.123824764952991	0.004444950461712987
4.1672334466893375	0.0035377761123253013
4.210642128425685	0.0026546769615263845
4.254050810162032	0.0018018313429220556
4.29745949189838	0.0009842646725537613
4.3408681736347265	0.00020593273653349287
4.384276855371074	-0.0005301771771358092
4.427685537107421	-0.0012219345024433344
4.471094218843769	-0.0018679494451286048
4.514502900580116	-0.0024674583116848364
4.557911582316463	-0.0030202142494570074
4.60132026405281	-0.0035263859166971175
4.644728945789158	-0.003986464796727571
4.688137627525505	-0.004401180148408974
4.731546309261852	-0.004771419485807213
4.774954990998199	-0.005098152799129441
4.818363672734547	-0.005382361253590821
4.861772354470894	-0.0056249759903587195
4.905181036207241	-0.005826838591794427
4.948589717943588	-0.005988698427925442
4.991998399679936	-0.006111258657346283
5.035407081416283	-0.006195268205725867
5.0788157631526305	-0.006241632863062507
5.122224444888977	-0.006251495377167855
5.165633126625325	-0.006226230976474279
5.209041808361672	-0.006167336109685093
5.25245049009802	-0.0060762463234690645
5.295859171834366	-0.00595416769392584
5.339267853570714	-0.005802005853037799
5.382676535307061	-0.00562042323150231
5.426085217043409	-0.005409986687969
5.4694938987797554	-0.0051713303999834995
5.512902580516103	-0.004905269501358906
5.55631126225245	-0.004612839436510165
5.599719943988798	-0.004295271101029514
5.6431286257251445	-0.003953919604113246
5.686537307461492	-0.0035901400969663225
5.729945989197839	-0.0032050464704635566
5.773354670934187	-0.0027989727127150366
5.816763352670534	-0.0023702249601781668
5.860172034406881	-0.0019124111929075954
5.903580716143228	-0.001410076125872628
5.946989397879576	-0.0008367567390241797
5.990398079615923	-0.0001718196585890515
6.03380676135227	0.0005503559833550491
6.077215443088617	0.0012213852751631928
6.120624124824965	0.0017451161560970568
6.164032806561312	0.0021081560142011263
6.207441488297659	0.0023479397277950988
6.250850170034006	0.0025059115650801593
6.294258851770354	0.0026115169131156607
6.337667533506701	0.0026827825538494297
6.3810762152430485	0.002730090620341602
6.424484896979395	0.002759208040213762
6.467893578715743	0.002773212718088159
6.51130226045209	0.002773648218846632
6.5547109421884375	0.002761215531734123
6.598119623924784	0.0027361986622042866
6.641528305661132	0.0026987360757373645
6.684936987397479	0.002648996055229627
6.728345669133827	0.00258728060223724
6.771754350870173	0.0025140652837002883
6.815163032606521	0.0024299840555951947
6.858571714342868	0.0023357899232850712
6.901980396079216	0.0022323497108492317
6.9453890778155625	0.002120727731384813
6.98879775955191	0.0020023476339145994
7.032206441288257	0.0018791232276374956
7.075615123024605	0.0017534148287691592
7.1190238047609515	0.0016277625939702146
7.162432486497299	0.0015045039608251216
7.205841168233646	0.0013854589945893683
7.249249849969994	0.0012718090223802075
7.292658531706341	0.001164168234692179
7.336067213442688	0.0010627550699300048
7.379475895179035	0.0009675563506218905
7.422884576915383	0.0008784227341445509
7.46629325865173	0.0007950897637659972
7.509701940388077	0.0007171452373405385
7.553110622124424	0.0006439469542677025
7.596519303860772	0.0005744382861697407
7.639927985597119	0.0005067406730973195
7.683336667333466	0.0004375005446543567
7.726745349069813	0.00036166518154719454
7.770154030806161	0.00027424898669248937
7.813562712542508	0.00017417168044536746
7.8569713942788555	6.673062369561347e-05
7.900380076015202	-3.809406978950991e-05
7.94378875775155	-0.00012966861403327506
7.987197439487897	-0.00019976100021104268
8.030606121224244	-0.00024352463458655882
8.074014802960592	-0.00025912012664723247
8.117423484696939	-0.0002468995826385191
8.160832166433286	-0.00020865799154045836
8.204240848169633	-0.00014710361223660429
8.247649529905981	-6.553682947348788e-05
8.291058211642328	3.231909487238019e-05
8.334466893378675	0.00014239228404949386
8.377875575115022	0.00026028820852415716
8.42128425685137	0.0003813056710094166
8.464692938587717	0.0005004765539600615
8.508101620324064	0.0006126595464037259
8.55151030206041	0.0007127108629978278
8.59491898379676	0.0007957396261552528
8.638327665533106	0.0008574310335327656
8.681736347269453	0.0008943918076565263
8.7251450290058	0.0009044508897907179
8.768553710742149	0.0008868461119696733
8.811962392478495	0.000842249983059911
8.855371074214842	0.0007726279772748493
8.898779755951189	0.0006809644984207587
8.942188437687538	0.000570918518024547
8.985597119423884	0.00044647518471516157
9.029005801160231	0.00031164508321668283
9.072414482896578	0.00017023934516318534
9.115823164632927	2.5726377368476966e-05
9.159231846369273	-0.000118839669480824
9.20264052810562	-0.00026083620455467915
9.246049209841967	-0.000398054087326849
9.289457891578316	-0.0005286605024774349
9.332866573314663	-0.0006511553623317103
9.37627525505101	-0.0007643299543255815
9.419683936787356	-0.0008672334627707751
9.463092618523705	-0.0009591508316182593
9.506501300260052	-0.0010395940574489948
9.549909981996398	-0.001108308002987942
9.593318663732745	-0.0011652905100286437
9.636727345469094	-0.0012108240471686467
9.68013602720544	-0.001245511561055252
9.723544708941787	-0.0012703027570983919
9.766953390678134	-0.0012864908293566714
9.810362072414483	-0.0012956580977788248
9.85377075415083	-0.0012995571362252843
9.897179435887177	-0.001299933529966893
9.940588117623523	-0.0012983220160833371
9.983996799359872	-0.0012958675066725295
10.027405481096219	-0.0012932244523028574
10.070814162832566	-0.0012905682764819508
10.114222844568912	-0.0012877177808469052
10.157631526305261	-0.0012843300179514738
10.201040208041608	-0.0012801017754247301
10.244448889777955	-0.0012749047409087028
10.287857571514301	-0.0012688010418674955
10.33126625325065	-0.0012619299051682513
10.374674934986997	-0.0012543083543586665
10.418083616723344	-0.0012456232376086077
10.46149229845969	-0.0012350898393506358
10.50490098019604	-0.001221417668600757
10.548309661932386	-0.0012028796546960305
10.591718343668733	-0.0011774503652889588
10.63512702540508	-0.0011429709757706866
10.678535707141428	-0.0010973079651594164
10.721944388877775	-0.001038487967861653
10.765353070614122	-0.0009648046123121139
10.808761752350469	-0.0008749012464249646
10.852170434086817	-0.0007678364051380317
10.895579115823164	-0.0006431382500280275
10.938987797559511	-0.0005008515116375692
10.982396479295858	-0.0003415767830891453
11.025805161032206	-0.00016649816738777481
11.069213842768553	2.2607916577113696e-05
11.1126225245049	0.00022339157915784655
11.156031206241249	0.00043298387941599625
11.199439887977595	0.0006480908340769226
11.242848569713942	0.0008651244679112151
11.286257251450289	0.0010803606966198198
11.329665933186638	0.0012901075671955323
11.373074614922984	0.00149086494640217
11.416483296659331	0.0016794592311163599
11.459891978395678	0.0018531430852867757
11.503300660132027	0.002009658030910518
11.546709341868373	0.002147264119197745
11.59011802360472	0.0022647440895892275
11.633526705341067	0.002361389137532012
11.676935387077416	0.0024369706744806693
11.720344068813763	0.0024916989596409644
11.76375275055011	0.002526166997057485
11.807161432286456	0.0025412779576141076
11.850570114022805	0.0025381569201318975
11.893978795759152	0.002518051987464045
11.937387477495498	0.0024822340905155636
11.980796159231845	0.0024319074898374524
12.024204840968194	0.002368143422564535
12.06761352270454	0.0022918475004162706
12.111022204440888	0.0022037672286839803
12.154430886177234	0.0021045387972149117
12.197839567913583	0.0019947618960421097
12.24124824964993	0.0018750797892982535
12.284656931386277	0.0017462345036312749
12.328065613122623	0.0016090699735761757
12.371474294858972	0.0014644715440319082
12.414882976595319	0.0013132532832609983
12.458291658331666	0.0011560253082722842
12.501700340068012	0.0009930838242800492
12.545109021804361	0.0008243649766549177
12.588517703540708	0.0006494924665126148
12.631926385277055	0.00046793052306850005
12.675335067013402	0.00027922849074868417
12.71874374874975	8.331272537450904e-05
12.762152430486097	-0.00011924532784504671
12.805561112222444	-0.00032706317666731516
12.84896979395879	-0.0005379374840750219
12.89237847569514	-0.0007489948144227612
12.935787157431486	-0.0009569563543314757
12.979195839167833	-0.0011584428513457083
13.02260452090418	-0.0013502507548403993
13.066013202640528	-0.0015295566274401672
13.109421884376875	-0.0016940369902551482
13.152830566113222	-0.0018419127176602414
13.196239247849569	-0.0019719375071450412
13.239647929585917	-0.0020833512763356495
13.283056611322264	-0.002175815744075986
13.326465293058611	-0.0022493443066048356
13.369873974794958	-0.0023042335531135334
13.413282656531306	-0.0023410001616148077
13.456691338267653	-0.0023603245976436503
13.500100020004	-0.0023630018119002658
13.543508701740347	-0.00234989868406529
13.586917383476695	-0.0023219179603146817
13.630326065213042	-0.002279968603666426
13.673734746949389	-0.0022249426212863493
13.717143428685736	-0.002157698439424153
13.760552110422084	-0.002079050738512365
13.803960792158431	-0.001989766386786697
13.847369473894778	-0.001890565808134296
13.890778155631125	-0.0017821288657195664
13.934186837367474	-0.0016651041760714046
13.97759551910382	-0.0015401206942464024
14.021004200840167	-0.0014078004137321222
14.064412882576514	-0.0012687710751739384
14.107821564312863	-0.001123677855810929
14.15123024604921	-0.0009731931480014971
14.194638927785556	-0.000818023813071448
14.238047609521903	-0.0006589157590054032
14.281456291258252	-0.0004966562240212753
14.324864972994598	-0.00033207449178497897
14.368273654730945	-0.0001660416988264156
14.411682336467292	5.300409324365818e-07
14.45509101820364	0.00016668947020210406
14.498499699939988	0.0003314494901026574
14.541908381676334	0.0004937923167394435
14.585317063412681	0.0006526765947015602
14.62872574514903	0.0008070463815807068
14.672134426885377	0.0009558419169384269
14.715543108621723	0.0010980121641264023
14.75895179035807	0.0012325291053303725
14.802360472094419	0.0013584036209541676
14.845769153830766	0.0014747025462794293
14.889177835567112	0.0015805662587742401
14.93258651730346	0.0016752259771577911
14.975995199039808	0.0017580198853662347
15.019403880776155	0.0018284072313128619
15.062812562512502	0.001885979658705364
15.106221244248848	0.0019304691697120437
15.149629925985197	0.001961752266959351
15.193038607721544	0.0019798499869603386
15.23644728945789	0.0019849237213086166
15.279855971194237	0.0019772669304241805
15.323264652930586	0.0019572930830597385
15.366673334666933	0.0019255203867948947
15.41008201640328	0.0018825540845791126
15.453490698139627	0.0018290672585570475
15.496899379875975	0.0017657811954668139
15.540308061612322	0.0016934464187608397
15.583716743348669	0.0016128254593899896
15.627125425085016	0.001524678296713225
15.670534106821364	0.0014297511564340913
15.713942788557711	0.0013287690418607827
15.757351470294058	0.0012224320481671776
15.800760152030405	0.0011114152022763252
15.844168833766753	0.0009963713020230344
15.8875775155031	0.0008779360132201569
15.930986197239447	0.0007567343423220581
15.974394878975794	0.0006333875512278889
16.017803560712142	0.0005085196190015573
16.061212242448487	0.00038276246747133424
16.104620924184836	0.0002567593376063583
16.148029605921185	0.00013116592582159206
16.19143828765753	6.649160270502663e-06
16.234846969393878	-0.00011611621089244878
16.278255651130227	-0.00023645279838720168
16.321664332866572	-0.00035368696446265446
16.36507301460292	-0.00046715589106008024
16.408481696339265	-0.0005762149082764317
16.451890378075614	-0.0006802448146163154
16.495299059811963	-0.0007786590199300725
16.538707741548308	-0.0008709103753157324
16.582116423284656	-0.0009564975468008309
16.625525105021005	-0.00103497077444022
16.66893378675735	-0.0011059368512155963
16.7123424684937	-0.0011690631575957608
16.755751150230044	-0.0012240806009408411
16.799159831966392	-0.0012707853478840375
16.84256851370274	-0.00130903931634355
16.885977195439086	-0.0013387695063700224
16.929385877175434	-0.0013599663608494898
16.972794558911783	-0.001372681407472081
17.016203240648128	-0.001377024407984137
17.059611922384477	-0.0013731601414719331
17.10302060412082	-0.0013613048365409032
17.14642928585717	-0.0013417222216295412
17.18983796759352	-0.001314719229886279
17.233246649329864	-0.0012806415509843162
17.276655331066213	-0.0012398693680175168
17.32006401280256	-0.0011928136146743262
17.363472694538906	-0.0011399128255504508
17.406881376275255	-0.001081630128456447
17.4502900580116	-0.001018449303572283
17.49369873974795	-0.0009508684168014758
17.537107421484297	-0.0008793896564628992
17.580516103220642	-0.0008045048432265903
17.62392478495699	-0.0007266775250114252
17.66733346669334	-0.0006463241832982795
17.710742148429684	-0.0005637982807802852
17.754150830166033	-0.0004793811936069439
17.797559511902378	-0.0003932833519389202
17.840968193638727	-0.00030565740644160344
17.884376875375075	-0.00021662340578494296
17.92778555711142	-0.00012630419767784007
17.97119423884777	-3.486768685397393e-05
18.014602920584117	5.7428852787078793e-05
18.058011602320462	0.0001501984962691133
18.10142028405681	0.00024289534838493887
18.144828965793156	0.0003348029962818022
18.188237647529505	0.0004250458842282971
18.231646329265853	0.0005126253403852782
18.2750550110022	0.0005964772452055171
18.318463692738547	0.0006755434749778494
18.361872374474896	0.0007488458988401739
18.40528105621124	0.0008155511446959925
18.44868973794759	0.0008750168347642501
18.492098419683934	0.0009268145766286387
18.535507101420283	0.0009707300348132282
18.57891578315663	0.001006744367893591
18.622324464892976	0.0010350033705754831
18.665733146629325	0.0010557808146675653
18.709141828365674	0.0010694413193253482
18.75255051010202	0.0010764063617906307
18.795959191838367	0.0010771253832281488
18.839367873574712	0.0010720526770559777
18.88277655531106	0.0010616299322744119
18.92618523704741	0.0010462738592180963
18.969593918783755	0.0010263681337299366
19.013002600520103	0.001002258862738855
19.05641128225645	0.0009742528336229121
19.099819963992797	0.0009426179200219889
19.143228645729145	0.0009075851551447085
19.18663732746549	0.0008693521317605438
19.23004600920184	0.0008280875128380584
19.273454690938188	0.0007839364885544944
19.316863372674533	0.0007370269558893659
19.36027205441088	0.0006874760366123826
19.40368073614723	0.0006353963609066621
19.447089417883575	0.0005809014379874189
19.490498099619924	0.0005241095105772385
19.53390678135627	0.0004651455833627714
19.577315463092617	0.00040414177951508465
19.620724144828966	0.0003412367053378003
19.66413282656531	0.00027657496550216945
19.70754150830166	0.00021030825590954635
19.750950190038008	0.00014259946743701984
19.794358871774353	7.363088352514702e-05
19.8377675535107	3.6168281000933944e-06
19.881176235247047	-6.717990950571781e-05
19.924584916983395	-0.0001384297183298841
19.967993598719744	-0.00020971881752919475
20.01140228045609	-0.000280536600595023
20.054810962192438	-0.0003502714490194042
20.098219643928786	-0.0004182179773175483
20.14162832566513	-0.00048359691395161164
20.18503700740148	-0.0005455864532711956
20.228445689137825	-0.0006033615871077307
20.271854370874173	-0.0006561363590264248
20.315263052610522	-0.000703203627508607
20.358671734346867	-0.0007439677688723459
20.402080416083216	-0.0007779673953456981
20.445489097819564	-0.000804887046629385
20.48889777955591	-0.000824558453536399
20.532306461292258	-0.000836953101616203
20.575715143028603	-0.0008421683896967722
20.61912382476495	-0.0008404097754880074
20.6625325065013	-0.0008319710772304832
20.705941188237645	-0.0008172147020251118
20.749349869973994	-0.0007965531114111114
20.792758551710342	-0.000770432389101329
20.836167233446687	-0.0007393183861493652
20.879575915183036	-0.0007036855995416688
20.92298459691938	-0.0006640086910702434
20.96639327865573	-0.0006207563728646455
21.00980196039208	-0.0005743872752788093
21.053210642128423	-0.0005253473684466228
21.096619323864772	-0.0004740685161685916
21.14002800560112	-0.00042096777995335316
21.183436687337466	-0.0003664471492374581
21.226845369073814	-0.0003108934482514633
21.27025405081016	-0.0002546782566326053
21.313662732546508	-0.00019815776522105408
21.357071414282856	-0.00014167255451522087
21.4004800960192	-8.554733183390936e-05
21.44388877775555	-3.0090713693343984e-05
21.4872974594919	2.4404794888334413e-05
21.530706141228244	7.766241327796311e-05
21.574114822964592	0.0001294200752153321
21.617523504700937	0.00017942866958564618
21.660932186437286	0.00022744958054219874
21.704340868173635	0.0002732517866326917
21.74774954990998	0.0003166089575104454
21.791158231646328	0.000357297069198733
21.834566913382677	0.0003950930096907439
21.877975595119022	0.00042977449192238906
21.92138427685537	0.0004611214139152095
21.964792958591715	0.0004889186782635925
22.008201640328064	0.0005129604000302657
22.051610322064413	0.0005330553358789542
22.095019003800758	0.000549033233782286
22.138427685537106	0.0005607516728032939
22.181836367273455	0.0005681028894231541
22.2252450490098	0.0005710200878449971
22.26865373074615	0.0005694828013317714
22.312062412482497	0.0005635210071464093
22.355471094218842	0.0005532178813817644
22.39887977595519	0.0005387112530976929
22.442288457691536	0.0005201939039794629
22.485697139427884	0.0004979128286267016
22.529105821164233	0.00047216746241996246
22.572514502900578	0.0004433067755371216
22.615923184636927	0.00041172507767462535
22.659331866373275	0.0003778563886525331
22.70274054810962	0.0003421672925995982
22.74614922984597	0.0003051482975942911
22.789557911582314	0.0002673038609743786
22.832966593318663	0.0002291413934568734
22.87637527505501	0.00019115968830101318
22.919783956791356	0.00015383730196549816
22.963192638527705	0.00011762142648179957
23.006601320264053	8.291775002582102e-05
23.0500100020004	5.0081721848366234e-05
23.093418683736747	1.9411542181116404e-05
23.136827365473092	-8.85689667042694e-06
23.18023604720944	-3.455297531859344e-05
23.22364472894579	-5.7572146586436224e-05
23.267053410682134	-7.787456277043997e-05
23.310462092418483	-9.548159582492902e-05
23.35387077415483	-0.00011047039910587822
23.397279455891177	-0.000122966750342908
23.440688137627525	-0.00013313649999356983
23.48409681936387	-0.00014117601528636572
23.52750550110022	-0.00014730205592523513
23.570914182836567	-0.00015174154559058003
23.614322864572912	-0.00015472171236236357
23.65773154630926	-0.00015646105476601127
23.70114022804561	-0.00015716154961698675
23.744548909781955	-0.00015700246699328763
23.787957591518303	-0.00015613610153612095
23.83136627325465	-0.00015468563368451274
23.874774954990997	-0.00015274513818259658
23.918183636727345	-0.00015038145032695086
23.96159231846369	-0.00014763729802681064
24.00500100020004	-0.00014453500400819427
24.048409681936388	-0.00014108026069636556
24.091818363672733	-0.00013726586270874572
24.13522704540908	-0.00013307557996369151
24.178635727145426	-0.00012848836912666625
24.222044408881775	-0.00012348287624464743
24.265453090618124	-0.00011804187864391733
24.30886177235447	-0.00011215615646479812
24.352270454090817	-0.0001058273594874426
24.395679135827166	-9.906969038619984e-05
24.43908781756351	-9.191052666079544e-05
24.48249649929986	-8.43903104274929e-05
24.525905181036205	-7.656206893532497e-05
24.569313862772553	-6.849080311033262e-05
24.6127225445089	-6.0252784310363405e-05
24.656131226245247	-5.193463294366277e-05
24.699539907981595	-4.363197727746959e-05
24.742948589717944	-3.544750975487468e-05
24.78635727145429	-2.7488339785539107e-05
24.829765953190638	-1.9862651180049817e-05
24.873174634926983	-1.2675785299363918e-05
24.91658331666333	-6.025971595404606e-06
24.95999199839968	0.0
