0.0	-0.00980196039207848
0.04270854170834167	-0.14842968593718742
0.08541708341668335	-0.063012602520504
0.128125625125025	-0.03780756151230236
0.1708341668333667	-0.025205041008201645
0.21354270854170834	-0.01400280056011205
0.25625125025005	-0.0042008401680335705
0.2989597919583917	0.005601120224044909
0.3416683336667334	0.015403080616123166
0.38437687537507503	0.02660532106421276
0.4270854170834167	0.03640728145629124
0.46979395879175834	0.047609521904380836
0.5125025005001	0.05881176235247043
0.5552110422084418	0.07001400280056003
0.5979195839167833	0.0798159631926385
0.6406281256251251	0.0910182036407281
0.6833366673334668	0.10082016403280658
0.7260452090418084	0.11062212442488506
0.7687537507501501	0.12042408481696332
0.8114622924584918	0.12882576515303068
0.8541708341668334	0.13722744548909782
0.8968793758751751	0.14422884576915385
0.9395879175835167	0.14982996599319853
0.9822964592918584	0.15543108621724344
1.0250050010002	0.159631926385277
1.0677135427085418	0.16103220644128835
1.1104220844168835	0.16243248649729947
1.153130626125225	0.16243248649729947
1.1958391678335667	0.16103220644128835
1.2385477095419084	0.15683136627325456
1.2812562512502501	0.14982996599319853
1.3239647929585918	0.14002800560112028
1.3666733346669335	0.12602520504100823
1.409381876375275	0.10642128425685127
1.4520904180836167	0.0798159631926385
1.4947989597919584	0.047609521904380836
1.5375075015003001	0.008401680336067141
1.5802160432086418	-0.033606721344268786
1.6229245849169835	-0.07561512302460494
1.665633126625325	-0.11762352470494108
1.7083416683336667	-0.1582316463292659
1.7510502100420084	-0.1988397679535906
1.7937587517503502	-0.23944788957791552
1.8364672934586919	-0.277255451090218
1.8791758351670333	-0.3136627325465092
1.921884376875375	-0.347269453890778
1.9645929185837168	-0.37807561512302446
2.0073014602920582	-0.40468093618723733
2.0500100020004	-0.4256851370274054
2.0927185437087417	-0.4382876575315062
2.1354270854170836	-0.44108821764352857
2.178135627125425	-0.4312862572514502
2.220844168833767	-0.4032806561312261
2.2635527105421085	-0.35567113422684526
2.30626125225045	-0.2884576915383076
2.348969793958792	-0.21144228845769142
2.3916783356671334	-0.1316263252650529
2.4343868773754753	-0.051810362072414406
2.477095419083817	0.02380476095219053
2.5198039607921583	0.09381876375275056
2.5625125025005002	0.15543108621724344
2.6052210442088417	0.21144228845769164
2.6479295859171836	0.2590518103620725
2.690638127625525	0.30246049209841974
2.733346669333867	0.338867773554711
2.7760552110422085	0.37107421484296865
2.81876375275055	0.39907981596319253
2.861472294458892	0.42148429685937194
2.9041808361672334	0.43968793758751756
2.9468893778755754	0.4536907381476296
2.989597919583917	0.46349269853970787
3.0323064612922583	0.4704940988197639
3.0750150030006003	0.47189437887577523
3.1177235447089418	0.4704940988197639
3.1604320864172837	0.4648929785957192
3.203140628125625	0.45649129825965185
3.245849169833967	0.44388877775555113
3.2885577115423086	0.42708541708341663
3.33126625325065	0.40608121624324856
3.373974794958992	0.38367673534706936
3.4166833366673335	0.3570714142828566
3.4593918783756754	0.3276655331066214
3.502100420084017	0.2954590918183637
3.5448089617923584	0.2604520904180836
3.5875175035007003	0.22544508901780347
3.630226045209042	0.1876375275055011
3.6729345869173837	0.14982996599319853
3.715643128625725	0.11202240448089618
3.7583516703340667	0.07561512302460494
3.8010602120424086	0.039207841568313695
3.84376875375075	0.0042008401680335705
3.886477295459092	-0.0280056011202241
3.9291858371674335	-0.05881176235247043
3.9718943788757755	-0.08681736347269453
4.0146029205841165	-0.11062212442488506
4.057311462292459	-0.1316263252650529
4.1000200040008	-0.14842968593718742
4.142728545709142	-0.16243248649729947
4.185437087417483	-0.17223444688937795
4.228145629125826	-0.17783556711342263
4.270854170834167	-0.17923584716943397
4.313562712542509	-0.17643528705741152
4.35627125425085	-0.1708341668333666
4.398979795959192	-0.16243248649729947
4.441688337667534	-0.15123024604920987
4.4843968793758755	-0.13862772554510894
4.527105421084217	-0.12462492498499711
4.5698139627925585	-0.10922184436887372
4.6125225045009	-0.09381876375275056
4.655231046209242	-0.0798159631926385
4.697939587917584	-0.06581316263252646
4.740648129625925	-0.051810362072414406
4.783356671334267	-0.039207841568313695
4.826065213042608	-0.0280056011202241
4.868773754750951	-0.019603920784156736
4.911482296459292	-0.011202240448089595
4.954190838167634	-0.0042008401680335705
4.996899379875975	0.0
5.039607921584317	0.0042008401680335705
5.082316463292659	0.005601120224044909
5.1250250050010004	0.005601120224044909
5.167733546709342	0.0042008401680335705
5.210442088417683	0.0014002800560111162
5.253150630126025	-0.0028005601120224544
5.295859171834367	-0.007001400280056025
5.338567713542709	-0.012602520504100712
5.38127625525105	-0.01820364072814562
5.423984796959392	-0.02380476095219053
5.466693338667734	-0.029405881176235216
5.509401880376076	-0.035007001400280124
5.552110422084417	-0.04060812162432481
5.594818963792759	-0.04480896179235838
5.6375275055011	-0.047609521904380836
5.680236047209442	-0.051810362072414406
5.722944588917784	-0.053210642128425745
5.765653130626125	-0.05461092218443686
5.808361672334467	-0.05461092218443686
5.851070214042808	-0.05461092218443686
5.893778755751151	-0.053210642128425745
5.936487297459492	-0.05041008201640329
5.979195839167834	-0.047609521904380836
6.021904380876175	-0.043408681736347265
6.064612922584517	-0.03780756151230236
6.107321464292859	-0.03220644128825767
6.1500300060012005	-0.025205041008201645
6.192738547709542	-0.01820364072814562
6.2354470894178835	-0.00980196039207848
6.278155631126225	-0.0028005601120224544
6.320864172834567	0.007001400280056025
6.363572714542909	0.015403080616123166
6.40628125625125	0.02380476095219053
6.448989797959592	0.033606721344268786
6.491698339667934	0.04200840168033615
6.534406881376276	0.051810362072414406
6.577115423084617	0.06021204240848177
6.619823964792959	0.06861372274454891
6.6625325065013	0.07701540308061605
6.7052410482096425	0.08541708341668341
6.747949589917984	0.09241848369673944
6.7906581316263255	0.09801960392078413
6.833366673334667	0.10362072414482904
6.8760752150430084	0.1078215643128626
6.918783756751351	0.11202240448089618
6.961492298459692	0.11482296459291863
7.004200840168034	0.11622324464892975
7.046909381876375	0.11622324464892975
7.089617923584717	0.11482296459291863
7.132326465293059	0.11342268453690729
7.175035007001401	0.10922184436887372
7.217743548709742	0.10502100420084015
7.260452090418084	0.09941988397679546
7.303160632126425	0.09241848369673944
7.3458691738347675	0.08401680336067208
7.388577715543109	0.07421484296859382
7.43128625725145	0.063012602520504
7.473994798959792	0.051810362072414406
7.516703340668133	0.04060812162432481
7.559411882376476	0.02660532106421276
7.602120424084817	0.01400280056011205
7.644828965793159	0.0
7.6875375075015	-0.01400280056011205
7.730246049209843	-0.0280056011202241
7.772954590918184	-0.04200840168033615
7.815663132626526	-0.05461092218443686
7.858371674334867	-0.0672134426885378
7.9010802160432085	-0.0798159631926385
7.943788757751551	-0.08961792358471699
7.986497299459892	-0.09801960392078413
8.029205841168233	-0.10642128425685127
8.071914382876576	-0.11062212442488506
8.114622924584918	-0.11482296459291863
8.15733146629326	-0.11622324464892975
8.2000400080016	-0.11482296459291863
8.242748549709942	-0.11202240448089618
8.285457091418284	-0.1078215643128626
8.328165633126625	-0.10082016403280658
8.370874174834967	-0.09241848369673944
8.413582716543308	-0.08401680336067208
8.456291258251651	-0.07281456291258248
8.498999799959993	-0.061612322464492886
8.541708341668334	-0.05041008201640329
8.584416883376676	-0.039207841568313695
8.627125425085017	-0.02660532106421276
8.669833966793359	-0.015403080616123166
8.7125425085017	-0.0042008401680335705
8.755251050210042	0.005601120224044909
8.797959591918383	0.015403080616123166
8.840668133626725	0.02380476095219053
8.883376675335068	0.030806161232246554
8.92608521704341	0.03780756151230236
8.968793758751751	0.043408681736347265
9.011502300460092	0.047609521904380836
9.054210842168434	0.051810362072414406
9.096919383876775	0.05461092218443686
9.139627925585117	0.05601120224044798
9.182336467293458	0.05601120224044798
9.2250450090018	0.05601120224044798
9.267753550710141	0.05461092218443686
9.310462092418485	0.051810362072414406
9.353170634126826	0.05041008201640329
9.395879175835168	0.04620924184836972
9.43858771754351	0.043408681736347265
9.48129625925185	0.039207841568313695
9.524004800960192	0.035007001400280124
9.566713342668534	0.030806161232246554
9.609421884376875	0.02660532106421276
9.652130426085217	0.02240448089617919
9.69483896779356	0.01820364072814562
9.737547509501901	0.01400280056011205
9.780256051210243	0.011202240448089595
9.822964592918584	0.007001400280056025
9.865673134626926	0.0042008401680335705
9.908381676335267	0.0014002800560111162
9.951090218043609	0.0
9.99379875975195	-0.0014002800560111162
10.036507301460292	-0.0028005601120224544
10.079215843168633	-0.0042008401680335705
10.121924384876976	-0.0042008401680335705
10.164632926585318	-0.0042008401680335705
10.20734146829366	-0.0042008401680335705
10.250050010002001	-0.0042008401680335705
10.292758551710342	-0.0042008401680335705
10.335467093418684	-0.0028005601120224544
10.378175635127025	-0.0014002800560111162
10.420884176835367	0.0
10.463592718543708	0.0014002800560111162
10.50630126025205	0.0028005601120224544
10.549009801960393	0.0028005601120224544
10.591718343668735	0.0042008401680335705
10.634426885377076	0.005601120224044909
10.677135427085418	0.007001400280056025
10.719843968793759	0.007001400280056025
10.7625525105021	0.008401680336067141
10.805261052210442	0.008401680336067141
10.847969593918783	0.008401680336067141
10.890678135627125	0.008401680336067141
10.933386677335468	0.008401680336067141
10.97609521904381	0.007001400280056025
11.018803760752151	0.007001400280056025
11.061512302460493	0.005601120224044909
11.104220844168834	0.0042008401680335705
11.146929385877176	0.0028005601120224544
11.189637927585517	0.0
11.232346469293859	-0.0014002800560111162
11.2750550110022	-0.0028005601120224544
11.317763552710542	-0.005601120224044909
11.360472094418885	-0.007001400280056025
11.403180636127226	-0.00980196039207848
11.445889177835568	-0.012602520504100712
11.48859771954391	-0.01400280056011205
11.53130626125225	-0.016803360672134504
11.574014802960592	-0.01820364072814562
11.616723344668934	-0.021004200840168075
11.659431886377275	-0.02240448089617919
11.702140428085617	-0.02380476095219053
11.74484896979396	-0.025205041008201645
11.787557511502301	-0.02660532106421276
11.830266053210643	-0.02660532106421276
11.872974594918984	-0.0280056011202241
11.915683136627326	-0.0280056011202241
11.958391678335667	-0.0280056011202241
12.001100220044009	-0.0280056011202241
12.04380876175235	-0.02660532106421276
12.086517303460692	-0.025205041008201645
12.129225845169033	-0.02380476095219053
12.171934386877377	-0.02240448089617919
12.214642928585718	-0.021004200840168075
12.25735147029406	-0.01820364072814562
12.300060012002401	-0.015403080616123166
12.342768553710743	-0.012602520504100712
12.385477095419084	-0.00980196039207848
12.428185637127426	-0.007001400280056025
12.470894178835767	-0.0042008401680335705
12.513602720544108	0.0
12.55631126225245	0.0028005601120224544
12.599019803960793	0.007001400280056025
12.641728345669135	0.00980196039207848
12.684436887377476	0.012602520504100712
12.727145429085818	0.015403080616123166
12.76985397079416	0.01820364072814562
12.8125625125025	0.021004200840168075
12.855271054210842	0.02380476095219053
12.897979595919184	0.025205041008201645
12.940688137627525	0.0280056011202241
12.983396679335868	0.0280056011202241
13.02610522104421	0.029405881176235216
13.068813762752551	0.030806161232246554
13.111522304460893	0.030806161232246554
13.154230846169234	0.030806161232246554
13.196939387877576	0.029405881176235216
13.239647929585917	0.029405881176235216
13.282356471294259	0.0280056011202241
13.3250650130026	0.02660532106421276
13.367773554710942	0.02380476095219053
13.410482096419285	0.02240448089617919
13.453190638127626	0.019603920784156736
13.495899179835968	0.016803360672134504
13.53860772154431	0.01400280056011205
13.581316263252651	0.011202240448089595
13.624024804960992	0.008401680336067141
13.666733346669334	0.005601120224044909
13.709441888377675	0.0028005601120224544
13.752150430086017	0.0
13.794858971794358	-0.0028005601120224544
13.837567513502702	-0.005601120224044909
13.880276055211043	-0.008401680336067141
13.922984596919385	-0.00980196039207848
13.965693138627726	-0.012602520504100712
14.008401680336068	-0.01400280056011205
14.051110222044409	-0.015403080616123166
14.09381876375275	-0.016803360672134504
14.136527305461092	-0.016803360672134504
14.179235847169434	-0.016803360672134504
14.221944388877777	-0.01820364072814562
14.264652930586118	-0.01820364072814562
14.30736147229446	-0.016803360672134504
14.350070014002801	-0.016803360672134504
14.392778555711143	-0.015403080616123166
14.435487097419484	-0.015403080616123166
14.478195639127826	-0.01400280056011205
14.520904180836167	-0.012602520504100712
14.563612722544509	-0.011202240448089595
14.60632126425285	-0.00980196039207848
14.649029805961193	-0.008401680336067141
14.691738347669535	-0.007001400280056025
14.734446889377876	-0.005601120224044909
14.777155431086218	-0.0042008401680335705
14.81986397279456	-0.0028005601120224544
14.8625725145029	-0.0028005601120224544
14.905281056211242	-0.0014002800560111162
14.947989597919584	0.0
14.990698139627925	0.0
15.033406681336267	0.0
15.07611522304461	0.0014002800560111162
15.118823764752952	0.0014002800560111162
15.161532306461293	0.0014002800560111162
15.204240848169635	0.0014002800560111162
15.246949389877976	0.0014002800560111162
15.289657931586317	0.0014002800560111162
15.332366473294659	0.0014002800560111162
15.375075015003	0.0014002800560111162
15.417783556711342	0.0014002800560111162
15.460492098419685	0.0
15.503200640128027	0.0
15.545909181836368	0.0
15.58861772354471	0.0
15.631326265253051	0.0
15.674034806961393	-0.0014002800560111162
15.716743348669734	-0.0014002800560111162
15.759451890378076	-0.0014002800560111162
15.802160432086417	-0.0014002800560111162
15.844868973794759	-0.0014002800560111162
15.887577515503102	-0.0014002800560111162
15.930286057211443	-0.0014002800560111162
15.972994598919785	-0.0014002800560111162
16.015703140628126	-0.0014002800560111162
16.058411682336466	0.0
16.10112022404481	0.0
16.143828765753153	0.0
16.186537307461492	0.0
16.229245849169835	0.0014002800560111162
16.271954390878175	0.0014002800560111162
16.31466293258652	0.0028005601120224544
16.357371474294858	0.0028005601120224544
16.4000800160032	0.0028005601120224544
16.44278855771154	0.0042008401680335705
16.485497099419884	0.0042008401680335705
16.528205641128228	0.0042008401680335705
16.570914182836567	0.005601120224044909
16.61362272454491	0.005601120224044909
16.65633126625325	0.005601120224044909
16.699039807961594	0.005601120224044909
16.741748349669933	0.005601120224044909
16.784456891378277	0.007001400280056025
16.827165433086616	0.007001400280056025
16.86987397479496	0.007001400280056025
16.912582516503303	0.007001400280056025
16.955291058211643	0.005601120224044909
16.997999599919986	0.005601120224044909
17.040708141628325	0.005601120224044909
17.08341668333667	0.005601120224044909
17.12612522504501	0.0042008401680335705
17.16883376675335	0.0042008401680335705
17.21154230846169	0.0042008401680335705
17.254250850170035	0.0028005601120224544
17.296959391878374	0.0028005601120224544
17.339667933586718	0.0014002800560111162
17.38237647529506	0.0014002800560111162
17.4250850170034	0.0
17.467793558711744	-0.0014002800560111162
17.510502100420084	-0.0014002800560111162
17.553210642128427	-0.0028005601120224544
17.595919183836767	-0.0028005601120224544
17.63862772554511	-0.0042008401680335705
17.68133626725345	-0.0042008401680335705
17.724044808961793	-0.005601120224044909
17.766753350670136	-0.005601120224044909
17.809461892378476	-0.007001400280056025
17.85217043408682	-0.007001400280056025
17.89487897579516	-0.007001400280056025
17.937587517503502	-0.008401680336067141
17.98029605921184	-0.008401680336067141
18.023004600920185	-0.008401680336067141
18.065713142628525	-0.008401680336067141
18.108421684336868	-0.008401680336067141
18.15113022604521	-0.008401680336067141
18.19383876775355	-0.008401680336067141
18.236547309461894	-0.007001400280056025
18.279255851170234	-0.007001400280056025
18.321964392878577	-0.007001400280056025
18.364672934586917	-0.005601120224044909
18.40738147629526	-0.005601120224044909
18.4500900180036	-0.0042008401680335705
18.492798559711943	-0.0042008401680335705
18.535507101420283	-0.0028005601120224544
18.578215643128626	-0.0028005601120224544
18.62092418483697	-0.0014002800560111162
18.66363272654531	-0.0014002800560111162
18.706341268253652	0.0
18.749049809961992	0.0
18.791758351670335	0.0014002800560111162
18.834466893378675	0.0014002800560111162
18.87717543508702	0.0028005601120224544
18.919883976795358	0.0028005601120224544
18.9625925185037	0.0028005601120224544
19.005301060212044	0.0042008401680335705
19.048009601920384	0.0042008401680335705
19.090718143628727	0.0042008401680335705
19.133426685337067	0.0042008401680335705
19.17613522704541	0.0042008401680335705
19.21884376875375	0.0042008401680335705
19.261552310462093	0.0042008401680335705
19.304260852170433	0.0042008401680335705
19.346969393878776	0.0042008401680335705
19.38967793558712	0.0042008401680335705
19.43238647729546	0.0042008401680335705
19.475095019003803	0.0042008401680335705
19.517803560712142	0.0028005601120224544
19.560512102420486	0.0028005601120224544
19.603220644128825	0.0028005601120224544
19.64592918583717	0.0028005601120224544
19.68863772754551	0.0014002800560111162
19.73134626925385	0.0014002800560111162
19.77405481096219	0.0014002800560111162
19.816763352670534	0.0
19.859471894378878	0.0
19.902180436087217	0.0
19.94488897779556	0.0
19.9875975195039	0.0
