0.0	0.024942331884213763
0.043408681736347265	0.024815810946077238
0.08681736347269453	0.024428632183939467
0.1302260452090418	0.023794751513020407
0.17363472694538906	0.02293416431037637
0.21704340868173633	0.021871723326817617
0.2604520904180836	0.02063576979385797
0.30386077215443086	0.01925669931747369
0.3472694538907781	0.017765576745273848
0.3906781356271254	0.016192894811406004
0.43408681736347265	0.014567544239407967
0.4774954990998199	0.012916032973353246
0.5209041808361672	0.011261964309025332
0.5643128625725145	0.009625762298690305
0.6077215443088617	0.008024621755635106
0.651130226045209	0.006472666384430788
0.6945389077815562	0.004981359154781484
0.7379475895179035	0.0035606635224636404
0.7813562712542508	0.0022222875431449005
0.824764952990598	0.0009720692978436585
0.8681736347269453	-0.00022057915761199837
0.9115823164632926	-0.0013819813141457485
0.9549909981996398	-0.002484029030292722
0.9983996799359871	-0.0034982053956525636
1.0418083616723344	-0.004422564542472578
1.0852170434086816	-0.005264805379966299
1.128625725145029	-0.006031665844377709
1.1720344068813762	-0.0067280724655540795
1.2154430886177234	-0.007358020644819236
1.2588517703540707	-0.007925031059761167
1.302260452090418	-0.008432304475250701
1.3456691338267652	-0.008882771424162942
1.3890778155631125	-0.009279108785829288
1.4324864972994598	-0.00962374600382664
1.475895179035807	-0.009918868662780082
1.5193038607721543	-0.010166422188980801
1.5627125425085016	-0.010368116582692877
1.6061212242448488	-0.010525432351329574
1.649529905981196	-0.010639627536716347
1.6929385877175434	-0.010711745665538983
1.7363472694538906	-0.010742624490911616
1.7797559511902379	-0.010732905478609563
1.8231646329265851	-0.010683044087720778
1.8665733146629324	-0.010593320977026331
1.9099819963992797	-0.010463854323091736
1.953390678135627	-0.010294613469636876
1.9967993598719742	-0.010085434164193403
2.0402080416083215	-0.009836035709273796
2.0836167233446687	-0.009546040482166882
2.127025405081016	-0.009214996452054851
2.1704340868173633	-0.008842403505589732
2.2138427685537105	-0.00842774452856769
2.257251450290058	-0.007970522242290893
2.300660132026405	-0.007470302750107061
2.3440688137627523	-0.006926766627139473
2.3874774954990996	-0.006339768197897201
2.430886177235447	-0.00570940338709372
2.474294858971794	-0.005036086180828781
2.5177035407081414	-0.004320633293256465
2.5611122224444887	-0.0035643561171049797
2.604520904180836	-0.002769158437084574
2.647929585917183	-0.001937637559066379
2.6913382676535305	-0.0010731851435104578
2.7347469493898777	-0.00018008188734424183
2.778155631126225	0.0007364224347069341
2.8215643128625723	0.0016700541504446227
2.8649729945989195	0.0026134971031285675
2.908381676335267	0.003558420017086797
2.951790358071614	0.004495557540066884
2.9951990398079613	0.005414850407108596
3.0386077215443086	0.0063056465416890875
3.082016403280656	0.007156958986935913
3.125425085017003	0.007957769280505449
3.1688337667533504	0.008697358493693845
3.2122424484896976	0.009365644416656105
3.255651130226045	0.009953502751464303
3.299059811962392	0.010453052252943316
3.3424684936987394	0.010857887935066077
3.3858771754350867	0.011163252066628417
3.429285857171434	0.011366138649280183
3.4726945389077812	0.011465332218662645
3.5161032206441285	0.011461385566723818
3.5595119023804758	0.011356543448366667
3.602920584116823	0.011154620712585647
3.6463292658531703	0.010860843693423577
3.6897379475895176	0.01048166337285008
3.733146629325865	0.010024548299976337
3.776555311062212	0.009497764957298704
3.8199639927985594	0.008910153208595978
3.8633726745349066	0.008270904292908693
3.906781356271254	0.007589348283111072
3.950190038007601	0.006874757098094125
3.9935987197439484	0.006136168260330768
4.037007401480296	0.005382233590346126
4.080416083216643	0.004621095655204868
4.123824764952991	0.003860292931004067
4.1672334466893375	0.003106692631664909
4.210642128425685	0.002366448622076786
4.254050810162032	0.0016449813231883825
4.29745949189838	0.0009469772505359061
4.3408681736347265	0.0002764075831793132
4.384276855371074	-0.0003634328389432069
4.427685537107421	-0.0009698638341910891
4.471094218843769	-0.0015407352578261334
4.514502900580116	-0.002074325170571996
4.557911582316463	-0.0025692357637327468
4.60132026405281	-0.0030243109737353273
4.644728945789158	-0.003438602624458529
4.688137627525505	-0.0038114030736880328
4.731546309261852	-0.00414233972112785
4.774954990998199	-0.004431495624175243
4.818363672734547	-0.004679494763900605
4.861772354470894	-0.004887488790111527
4.905181036207241	-0.005057015860491811
4.948589717943588	-0.005189761266419495
4.991998399679936	-0.005287300030795548
5.035407081416283	-0.005350908177476327
5.0788157631526305	-0.0053814860064882175
5.122224444888977	-0.00537957390876783
5.165633126625325	-0.00534539922575291
5.209041808361672	-0.005278890262201762
5.25245049009802	-0.0051796229585959475
5.295859171834366	-0.005046711735009729
5.339267853570714	-0.004878717367686126
5.382676535307061	-0.004673735375186772
5.426085217043409	-0.004429941351361485
5.4694938987797554	-0.0041468957024733445
5.512902580516103	-0.0038275797843888362
5.55631126225245	-0.003480253179511672
5.599719943988798	-0.0031183793195652676
5.6431286257251445	-0.002757568696138704
5.686537307461492	-0.0024109881822980336
5.729945989197839	-0.0020862528185191243
5.773354670934187	-0.0017853348838829802
5.816763352670534	-0.0015065188870439991
5.860172034406881	-0.0012466320744633358
5.903580716143228	-0.0010025476891101191
5.946989397879576	-0.0007718545735871524
5.990398079615923	-0.000552975840686136
6.03380676135227	-0.00034503321398884207
6.077215443088617	-0.00014764570871248633
6.120624124824965	3.924907631670804e-05
6.164032806561312	0.00021552462546300596
6.207441488297659	0.00038094943430091663
6.250850170034006	0.0005352388738989466
6.294258851770354	0.0006780892724230977
6.337667533506701	0.0008092047658575172
6.3810762152430485	0.0009283218905043605
6.424484896979395	0.0010352305993824272
6.467893578715743	0.001129784808741062
6.51130226045209	0.0012118936896628948
6.5547109421884375	0.0012814909517343126
6.598119623924784	0.0013384956810868105
6.641528305661132	0.001382799700848928
6.684936987397479	0.0014143262282056215
6.728345669133827	0.0014331810498233108
6.771754350870173	0.0014398561773172024
6.815163032606521	0.0014353827131233995
6.858571714342868	0.0014213244532606216
6.901980396079216	0.0013995796893243873
6.9453890778155625	0.001372064143227797
6.98879775955191	0.0013404024306683006
7.032206441288257	0.0013057271716172755
7.075615123024605	0.0012686093295935785
7.1190238047609515	0.0012290797454590253
7.162432486497299	0.0011866896847468646
7.205841168233646	0.0011406049536179172
7.249249849969994	0.001089806869442926
7.292658531706341	0.0010335086819129487
7.336067213442688	0.0009717834481941176
7.379475895179035	0.0009061470102031399
7.422884576915383	0.0008396956670300923
7.46629325865173	0.0007766091359186905
7.509701940388077	0.0007212419175784031
7.553110622124424	0.0006772385526633423
7.596519303860772	0.0006469859360807746
7.639927985597119	0.0006314629795334675
7.683336667333466	0.0006303792935518325
7.726745349069813	0.0006424565821846646
7.770154030806161	0.0006657422761788233
7.813562712542508	0.0006978950039096161
7.8569713942788555	0.0007364181124285656
7.900380076015202	0.0007788368169238148
7.94378875775155	0.0008228222854712586
7.987197439487897	0.000866268470892443
8.030606121224244	0.0009073288338859661
8.074014802960592	0.0009444216400866061
8.117423484696939	0.0009762138910628174
8.160832166433286	0.0010015942825071754
8.204240848169633	0.0010196443789208393
8.247649529905981	0.0010296146469876179
8.291058211642328	0.0010309087839301054
8.334466893378675	0.0010230767155277702
8.377875575115022	0.001005814343981705
8.42128425685137	0.0009789668894756784
8.464692938587717	0.0009425324378959724
8.508101620324064	0.0008966627993856474
8.55151030206041	0.0008416596813643554
8.59491898379676	0.000777965270605873
8.638327665533106	0.0007061474646602901
8.681736347269453	0.0006268810112510098
8.7251450290058	0.0005409264496290533
8.768553710742149	0.0004491088176283853
8.811962392478495	0.00035229765349120007
8.855371074214842	0.00025138917504755054
8.898779755951189	0.00014729098091120427
8.942188437687538	4.090933368761443e-05
8.985597119423884	-6.686101567625335e-05
9.029005801160231	-0.00017514459222952097
9.072414482896578	-0.0002830908933112615
9.115823164632927	-0.0003898787251661387
9.159231846369273	-0.0004947203232520472
9.20264052810562	-0.0005968667558333939
9.246049209841967	-0.0006956162209073927
9.289457891578316	-0.0007903265608187084
9.332866573314663	-0.0008804325281892844
9.37627525505101	-0.0009654670094199971
9.419683936787356	-0.0010450836497472513
9.463092618523705	-0.0011190764150964573
9.506501300260052	-0.0011873900571369132
9.549909981996398	-0.0012501148510992537
9.593318663732745	-0.001307460023398925
9.636727345469094	-0.0013597035507053323
9.68013602720544	-0.0014071217851664396
9.723544708941787	-0.0014499103813813835
9.766953390678134	-0.0014881170455126567
9.810362072414483	-0.0015216139826652875
9.85377075415083	-0.0015501389948242468
9.897179435887177	-0.001573422970978365
9.940588117623523	-0.0015913932062870846
9.983996799359872	-0.0016043988750828256
10.027405481096219	-0.0016133636762697134
10.070814162832566	-0.0016197621496205974
10.114222844568912	-0.001625367445097333
10.157631526305261	-0.001631820343856203
10.201040208041608	-0.0016401646541987225
10.244448889777955	-0.00165051556960185
10.287857571514301	-0.0016619598482146732
10.33126625325065	-0.0016726808890057607
10.374674934986997	-0.001680225491187199
10.418083616723344	-0.0016818118001176476
10.46149229845969	-0.0016746045924985152
10.50490098019604	-0.0016559237564480363
10.548309661932386	-0.0016233831136091767
10.591718343668733	-0.0015749732986974664
10.63512702540508	-0.0015091071141465802
10.678535707141428	-0.0014246438039701922
10.721944388877775	-0.001320904096630996
10.765353070614122	-0.001197682892314405
10.808761752350469	-0.001055262034334238
10.852170434086817	-0.0008944219494674555
10.895579115823164	-0.00071644808508654
10.938987797559511	-0.0005231260600263958
10.982396479295858	-0.0003167184996092712
11.025805161032206	-9.991706756351873e-05
11.069213842768553	0.00012423430543051853
11.1126225245049	0.0003524445257921359
11.156031206241249	0.0005813026771902124
11.199439887977595	0.0008074163503986077
11.242848569713942	0.0010275467482300862
11.286257251450289	0.0012387265302883504
11.329665933186638	0.0014383495916943032
11.373074614922984	0.0016242272024601379
11.416483296659331	0.0017946105013242133
11.459891978395678	0.0019481835782399412
11.503300660132027	0.002084033435643534
11.546709341868373	0.002201603259138908
11.59011802360472	0.0023006345977826873
11.633526705341067	0.0023811032070483323
11.676935387077416	0.0024431531312873525
11.720344068813763	0.0024870345067629362
11.76375275055011	0.0025130525246141733
11.807161432286456	0.0025215372081763762
11.850570114022805	0.0025128443122731173
11.893978795759152	0.0024873940649498133
11.937387477495498	0.002445744295894288
11.980796159231845	0.0023886783945049964
12.024204840968194	0.0023172728601384973
12.06761352270454	0.0022329046303738234
12.111022204440888	0.0021371724851474705
12.154430886177234	0.0020317360130645487
12.197839567913583	0.001918105621572349
12.24124824964993	0.0017974333601378407
12.284656931386277	0.0016703523656190246
12.328065613122623	0.0015368986168488863
12.371474294858972	0.0013965317147441904
12.414882976595319	0.0012482568777777599
12.458291658331666	0.0010908377282068324
12.501700340068012	0.0009230755868862295
12.545109021804361	0.0007441150542282018
12.588517703540708	0.0005537222115061663
12.631926385277055	0.0003524793280573618
12.675335067013402	0.00014185478943810198
12.71874374874975	-7.586320556006096e-05
12.762152430486097	-0.00029774707364407446
12.805561112222444	-0.0005204785260586632
12.84896979395879	-0.0007406130907803947
12.89237847569514	-0.000954817110500477
12.935787157431486	-0.0011600509608900335
12.979195839167833	-0.0013536895561972427
13.02260452090418	-0.0015335839880453207
13.066013202640528	-0.0016980751611357855
13.109421884376875	-0.0018459725581207627
13.152830566113222	-0.001976510533356273
13.196239247849569	-0.0020892923635526077
13.239647929585917	-0.0021842297280835407
13.283056611322264	-0.002261482930703076
13.326465293058611	-0.0023214052501591004
13.369873974794958	-0.00236449336495732
13.413282656531306	-0.0023913447883588713
13.456691338267653	-0.0024026225954740174
13.500100020004	-0.0023990273419761503
13.543508701740347	-0.002381275869046226
13.586917383476695	-0.0023500865521115417
13.630326065213042	-0.0023061703864835185
13.673734746949389	-0.002250227080543569
13.717143428685736	-0.002182945101819111
13.760552110422084	-0.0021050044902479574
13.803960792158431	-0.0020170812708341992
13.847369473894778	-0.001919852420928913
13.890778155631125	-0.0018140004658665741
13.934186837367474	-0.0017002168347942902
13.97759551910382	-0.0015792032150434496
14.021004200840167	-0.0014516705259479713
14.064412882576514	-0.0013183358946804412
14.107821564312863	-0.001179918898675185
14.15123024604921	-0.0010371387987398901
14.194638927785556	-0.0008907141275303239
14.238047609521903	-0.000741364967824773
14.281456291258252	-0.0005898171821918027
14.324864972994598	-0.00043680734684547334
14.368273654730945	-0.00028308732225199723
14.411682336467292	-0.00012942789530711804
14.45509101820364	2.3378721012518033e-05
14.498499699939988	0.0001745177486539469
14.541908381676334	0.00032315250603251466
14.585317063412681	0.0004684274709383304
14.62872574514903	0.0006094742595039171
14.672134426885377	0.0007454206991067483
14.715543108621723	0.0008754027140061467
14.75895179035807	0.0009985783247134158
14.802360472094419	0.0011141428050785093
14.845769153830766	0.0012213439766887123
14.889177835567112	0.0013194966960167996
14.93258651730346	0.0014079957215920036
14.975995199039808	0.0014863262847413967
15.019403880776155	0.0015540718329710504
15.062812562512502	0.0016109186010185815
15.106221244248848	0.0016566569023649808
15.149629925985197	0.0016911792950658061
15.193038607721544	0.0017144760070226563
15.23644728945789	0.0017266281610939758
15.279855971194237	0.0017277994068046372
15.323264652930586	0.001718226569573652
15.366673334666933	0.0016982099166868297
15.41008201640328	0.0016681036400947521
15.453490698139627	0.001628307152302777
15.496899379875975	0.00157925773063285
15.540308061612322	0.0015214248870515645
15.583716743348669	0.0014553066038106369
15.627125425085016	0.0013814273279990422
15.670534106821364	0.0013003374144643955
15.713942788557711	0.0012126135318621355
15.757351470294058	0.0011188593563144153
15.800760152030405	0.0010197057033666974
15.844168833766753	0.000915809238209643
15.8875775155031	0.0008078491966953295
15.930986197239447	0.0006965221060728499
15.974394878975794	0.0005825350771338951
16.017803560712142	0.00046659859276235865
16.061212242448487	0.00034941975035823053
16.104620924184836	0.0002316966991284114
16.148029605921185	0.00011411465075798072
16.19143828765753	-2.656602867842639e-06
16.234846969393878	-0.00011796418165668093
16.278255651130227	-0.0002311734531323141
16.321664332866572	-0.00034167009315427127
16.36507301460292	-0.0004488635052627525
16.408481696339265	-0.0005521918012962451
16.451890378075614	-0.0006511280776138502
16.495299059811963	-0.0007451872943271681
16.538707741548308	-0.0008339326937079374
16.582116423284656	-0.000916980420311974
16.625525105021005	-0.0009940009570943535
16.66893378675735	-0.0010647163233101012
16.7123424684937	-0.001128892742217523
16.755751150230044	-0.001186329548090271
16.799159831966392	-0.0012368461878866817
16.84256851370274	-0.0012802699748580282
16.885977195439086	-0.001316427523921821
16.929385877175434	-0.0013451424141850792
16.972794558911783	-0.0013662406106621124
17.016203240648128	-0.0013795637349469404
17.059611922384477	-0.001384988726513367
17.10302060412082	-0.0013824511128892013
17.14642928585717	-0.001371968240993407
17.18983796759352	-0.0013536585311750456
17.233246649329864	-0.0013277531525819376
17.276655331066213	-0.0012945974964723196
17.32006401280256	-0.0012546413684922895
17.363472694538906	-0.0012084186997757436
17.406881376275255	-0.0011565194023433235
17.4502900580116	-0.0010995573359516633
17.49369873974795	-0.0010381389026061921
17.537107421484297	-0.0009728364609822675
17.580516103220642	-0.0009041696858338236
17.62392478495699	-0.0008325964357547948
17.66733346669334	-0.0007585129483314509
17.710742148429684	-0.0006822616304886023
17.754150830166033	-0.0006041437432839809
17.797559511902378	-0.0005244341294345888
17.840968193638727	-0.00044339570965069505
17.884376875375075	-0.00036129239270379226
17.92778555711142	-0.00027839985789767513
17.97119423884777	-0.00019501412990324818
18.014602920584117	-0.00011145799781613411
18.058011602320462	-2.8085304092401175e-05
18.10142028405681	5.4716903113039006e-05
18.144828965793156	0.0001365283468775999
18.188237647529505	0.0002168975865609879
18.231646329265853	0.000295346113189935
18.2750550110022	0.0003713744179900426
18.318463692738547	0.0004444699544691108
18.361872374474896	0.0005141168219520917
18.40528105621124	0.0005798068198266323
18.44868973794759	0.0006410512842075361
18.492098419683934	0.0006973928775839966
18.535507101420283	0.0007484163218499859
18.57891578315663	0.0007937570127192345
18.622324464892976	0.0008331065903056066
18.665733146629325	0.0008662148979444138
18.709141828365674	0.0008928883096554416
18.75255051010202	0.0009129850495807612
18.795959191838367	0.0009264087300687555
18.839367873574712	0.000933101767074708
18.88277655531106	0.0009330404868056648
18.92618523704741	0.0009262335459285856
18.969593918783755	0.0009127247274841217
19.013002600520103	0.0008926002947679881
19.05641128225645	0.0008660000206467296
19.099819963992797	0.0008331299721621097
19.143228645729145	0.0007942743715544723
19.18663732746549	0.0007498036048536882
19.23004600920184	0.0007001758433509246
19.273454690938188	0.0006459307604944758
19.316863372674533	0.0005876752664125857
19.36027205441088	0.0005260627030333372
19.40368073614723	0.00046176816261211603
19.447089417883575	0.00039546321514711755
19.490498099619924	0.0003277932422664741
19.53390678135627	0.0002593598694105338
19.577315463092617	0.00019070990871789678
19.620724144828966	0.00012233106879771388
19.66413282656531	5.465370498368774e-05
19.70754150830166	-1.194278598646431e-05
19.750950190038008	-7.71206589411412e-05
19.794358871774353	-0.00014057338274164194
19.8377675535107	-0.00020201566715987232
19.881176235247047	-0.00026117516100254354
19.924584916983395	-0.0003177865080164245
19.967993598719744	-0.00037158793416515803
20.01140228045609	-0.0004223201922853928
20.054810962192438	-0.0004697275700536255
20.098219643928786	-0.0005135606863240806
20.14162832566513	-0.0005535807999979964
20.18503700740148	-0.0005895652485528417
20.228445689137825	-0.0006213134749159244
20.271854370874173	-0.0006486530191653281
20.315263052610522	-0.0006714449211144384
20.358671734346867	-0.0006895881642957277
20.402080416083216	-0.0007030229885846111
20.445489097819564	-0.0007117330303475292
20.48889777955591	-0.0007157463101567889
20.532306461292258	-0.0007151351186952953
20.575715143028603	-0.0007100148817291256
20.61912382476495	-0.0007005421130293794
20.6625325065013	-0.000686911578553006
20.705941188237645	-0.0006693528028698971
20.749349869973994	-0.0006481260691069204
20.792758551710342	-0.000623518100725428
20.836167233446687	-0.0005958376457364488
20.879575915183036	-0.0005654111830325492
20.92298459691938	-0.0005325789239765885
20.96639327865573	-0.0004976911994444902
21.00980196039208	-0.0004611052256164906
21.053210642128423	-0.00042318215383337424
21.096619323864772	-0.00038428424222368765
21.14002800560112	-0.00034477194009545006
21.183436687337466	-0.0003050006593404535
21.226845369073814	-0.00026531705287402563
21.27025405081016	-0.00022605476259368248
21.313662732546508	-0.00018752982772160878
21.357071414282856	-0.00015003618559502815
21.4004800960192	-0.00011384185420670531
21.44388877775555	-7.918639553005855e-05
21.4872974594919	-4.6280110316525985e-05
21.530706141228244	-1.5305128845927163e-05
21.574114822964592	1.358182689870438e-05
21.617523504700937	4.0245651407710276e-05
21.660932186437286	6.45689816022206e-05
21.704340868173635	8.64492302151236e-05
21.74774954990998	0.00010579726241978851
21.791158231646328	0.00012253805855734143
21.834566913382677	0.00013661339906315129
21.877975595119022	0.00014798645789044704
21.92138427685537	0.0001566480456460205
21.964792958591715	0.00016262391953176733
22.008201640328064	0.00016598210010020445
22.051610322064413	0.00016683875890722427
22.095019003800758	0.0001653612359845888
22.138427685537106	0.00016176718382304722
22.181836367273455	0.0001563195556033431
22.2252450490098	0.0001493178892526363
22.26865373074615	0.00014108685588351197
22.312062412482497	0.00013196324533627096
22.355471094218842	0.0001222824992552253
22.39887977595519	0.00011236570080042432
22.442288457691536	0.00010250771136538148
22.485697139427884	9.296696870746135e-05
22.529105821164233	8.39573292330878e-05
22.572514502900578	7.564222929861558e-05
22.615923184636927	6.81313398520969e-05
22.659331866373275	6.147978513800639e-05
22.70274054810962	5.568988305911307e-05
22.74614922984597	5.0715246044368695e-05
22.789557911582314	4.64669723876307e-05
22.832966593318663	4.2821571730234514e-05
22.87637527505501	3.963020083896929e-05
22.919783956791356	3.6728722378386036e-05
22.963192638527705	3.3948033622659135e-05
23.006601320264053	3.112405804632859e-05
23.0500100020004	2.8106779615406918e-05
23.093418683736747	2.476775346540311e-05
23.136827365473092	2.1005652769672672e-05
23.18023604720944	1.674959201785134e-05
23.22364472894579	1.1960175768353093e-05
23.267053410682134	6.6284390492429845e-06
23.310462092418483	7.730504802475058e-07
23.35387077415483	-5.563692293927142e-06
23.397279455891177	-1.2320473921578756e-05
23.440688137627525	-1.9421613821370837e-05
23.48409681936387	-2.6781317547783234e-05
23.52750550110022	-3.430725384264213e-05
23.570914182836567	-4.190336202771969e-05
23.614322864572912	-4.947196159442446e-05
23.65773154630926	-5.6915382294804584e-05
23.70114022804561	-6.41374498291554e-05
23.744548909781955	-7.104523923072079e-05
23.787957591518303	-7.755151849344818e-05
23.83136627325465	-8.357818430014194e-05
23.874774954990997	-8.906067236484627e-05
23.918183636727345	-9.395285159543784e-05
23.96159231846369	-9.823151546331857e-05
24.00500100020004	-0.00010189955389815902
24.048409681936388	-0.0001049872908002146
24.091818363672733	-0.00010755202456196045
24.13522704540908	-0.00010967610793006718
24.178635727145426	-0.0001114637957262167
24.222044408881775	-0.00011303679944773409
24.265453090618124	-0.00011452837978325262
24.30886177235447	-0.0001160760436950195
24.352270454090817	-0.00011781334445715858
24.395679135827166	-0.00011986162548671339
24.43908781756351	-0.00012232261719528556
24.48249649929986	-0.00012527260273915639
24.525905181036205	-0.00012875855282187126
24.569313862772553	-0.00013279633454896592
24.6127225445089	-0.00013737089760712876
24.656131226245247	-0.00014243823205243103
24.699539907981595	-0.00014792883587988817
24.742948589717944	-0.00015375238635657873
24.78635727145429	-0.00015980325845365434
24.829765953190638	-0.00016596648472171766
24.873174634926983	-0.00017212372686538704
24.91658331666333	-0.00017815885182771718
24.95999199839968	-0.0001839627802123732
25.003400680136025	-0.00018943738480784594
25.046809361872374	-0.00019449832696557395
25.090218043608722	-0.0001990767984463189
25.133626725345067	-0.00020312018396865042
25.177035407081416	-0.00020659170119050746
25.22044408881776	-0.00020946913631858521
25.26385277055411	-0.00021174287089581814
25.307261452290458	-0.00021341345238444845
25.350670134026803	-0.00021448895677842958
25.39407881576315	-0.00021498231302708587
25.4374874974995	-0.0002149086442238858
25.480896179235845	-0.0002142826151872064
25.524304860972194	-0.00021311584845586443
25.56771354270854	-0.00021141468122235982
25.611122224444888	-0.00020917873364873982
25.654530906181236	-0.00020640071535265453
25.69793958791758	-0.00020306751230871403
25.74134826965393	-0.00019916205813445137
25.78475695139028	-0.00019466517805146258
25.828165633126623	-0.00018955675728700785
25.871574314862972	-0.00018381613368232547
25.914982996599317	-0.00017742217492867918
25.958391678335666	-0.00017035372277804384
26.001800360072014	-0.00016259088055631601
26.04520904180836	-0.00015411716770654532
26.088617723544708	-0.0001449221487048978
26.132026405281056	-0.0001350039667884391
26.1754350870174	-0.00012437131515677727
26.21884376875375	-0.00011304465521861859
26.262252450490095	-0.00010105677391306425
26.305661132226444	-8.84529202363829e-05
26.349069813962792	-7.529073379047152e-05
26.392478495699137	-6.16400428947797e-05
26.435887177435486	-4.7582482342403004e-05
26.479295859171835	-3.321083809502967e-05
26.52270454090818	-1.8628062952347896e-05
26.56611322264453	-3.94596716330603e-06
26.609521904380873	1.0716373989614475e-05
26.652930586117222	2.5234439844191298e-05
26.69633926785357	3.948024331106373e-05
26.739747949589916	5.332437789169406e-05
26.783156631326264	6.663802050815154e-05
26.826565313062613	7.929478504319076e-05
26.869973994798958	9.117236675001972e-05
26.913382676535306	0.00010215397870631457
26.95679135827165	0.0001121296179366453
27.000200040008	0.0001209971882756948
27.04360872174435	0.00012866346783765858
27.087017403480694	0.0001350448838208923
27.130426085217042	0.00014006807316314582
27.17383476695339	0.0001436702562411657
27.217243448689736	0.00014579951059604662
27.260652130426084	0.00014641508923810345
27.30406081216243	0.00014548795715875126
27.347469493898778	0.00014300164966495749
27.390878175635127	0.0001389533236524909
27.43428685737147	0.00013335455575527733
27.47769553910782	0.00012623130177358277
27.52110422084417	0.0001176227168015985
27.564512902580514	0.00010757917646202556
27.607921584316863	9.616040874662474e-05
27.651330266053208	8.343469391579317e-05
27.694738947789556	6.947954288381852e-05
27.738147629525905	5.4383474280012695e-05
27.78155631126225	3.824794632606085e-05
27.8249649929986	2.1188423085270053e-05
27.868373674734947	3.333930010219338e-06
27.911782356471292	-1.5174947534796895e-05
27.95519103820764	-3.418912928202303e-05
27.998599719943986	-5.3554416440754204e-05
28.042008401680334	-7.311452194165222e-05
28.085417083416683	-9.271343702496951e-05
28.128825765153028	-0.00011219718569042622
28.172234446889377	-0.000131415228665787
28.215643128625725	-0.00015022177235366266
28.25905181036207	-0.00016847709090541188
28.30246049209842	-0.00018604881037353332
28.345869173834764	-0.00020281302639028886
28.389277855571112	-0.00021865514654904883
28.43268653730746	-0.00023347042043529373
28.476095219043806	-0.0002471641869552163
28.519503900780155	-0.00025965190116196066
28.562912582516503	-0.00027085900806318036
28.60632126425285	-0.0002807207317152803
28.649729945989197	-0.00028918185675228317
28.693138627725542	-0.00029619658796793333
28.73654730946189	-0.0003017285639947201
28.77995599119824	-0.00030575106663457627
28.823364672934584	-0.0003082474198305499
28.866773354670933	-0.00030921153146775196
28.91018203640728	-0.0003086485090341845
28.953590718143627	-0.00030657527422981237
28.996999399879975	-0.0003030210974532717
29.04040808161632	-0.000298027948515113
29.08381676335267	-0.00029165049998381223
29.127225445089017	-0.0002839555536922854
29.170634126825362	-0.0002750206881949428
29.21404280856171	-0.0002649321533886341
29.25745149029806	-0.00025378243450282015
29.300860172034405	-0.0002416682101729732
29.344268853770753	-0.00022868930944480378
29.3876775355071	-0.00021494867109387097
29.431086217243447	-0.000200552600717753
29.474494898979795	-0.0001856103534198933
29.51790358071614	-0.00017023247858009502
29.56131226245249	-0.00015452816013075688
29.604720944188838	-0.00013860242132237438
29.648129625925183	-0.00012255416905225178
29.69153830766153	-0.00010647565240633552
29.734946989397876	-9.045329909747324e-05
29.778355671134225	-7.456939896865328e-05
29.821764352870574	-5.89039164987995e-05
29.86517303460692	-4.35358438965576e-05
29.908581716343267	-2.8543823535790575e-05
29.951990398079616	-1.400609312676368e-05
29.99539907981596	0.0
