0.0	-0.5727145429085816
0.043408681736347265	-0.57131426285257
0.08681736347269453	-0.5671134226845371
0.1302260452090418	-0.5601120224044811
0.17363472694538906	-0.550310062012402
0.21704340868173633	-0.5377075415083015
0.2604520904180836	-0.5237047409481894
0.30386077215443086	-0.5055011002200436
0.3472694538907781	-0.48589717943588706
0.3906781356271254	-0.464892978595719
0.43408681736347265	-0.4410882176435287
0.4774954990998199	-0.41448289657931614
0.5209041808361672	-0.38647729545909204
0.5643128625725145	-0.3570714142828564
0.6077215443088617	-0.32626525305061005
0.651130226045209	-0.2926585317063415
0.6945389077815562	-0.25905181036207203
0.7379475895179035	-0.2240448089617919
0.7813562712542508	-0.1876375275055011
0.824764952990598	-0.14982996599319875
0.8681736347269453	-0.1120224044808964
0.9115823164632926	-0.07281456291258248
0.9549909981996398	-0.033606721344268564
0.9983996799359871	0.005601120224045353
1.0418083616723344	0.04480896179235838
1.0852170434086816	0.0840168033606723
1.128625725145029	0.12322464492898622
1.1720344068813762	0.16103220644128857
1.2154430886177234	0.19883976795359093
1.2588517703540707	0.23664732946589329
1.302260452090418	0.2716543308661734
1.3456691338267652	0.30666133226645353
1.3890778155631125	0.3402680536107221
1.4324864972994598	0.37247449489898
1.475895179035807	0.4032806561312263
1.5193038607721543	0.4312862572514504
1.5627125425085016	0.45789157831566296
1.6061212242448488	0.48309661932386483
1.649529905981196	0.5055011002200445
1.6929385877175434	0.5265053010602125
1.7363472694538906	0.5447089417883575
1.7797559511902379	0.5601120224044811
1.8231646329265851	0.5727145429085816
1.8665733146629324	0.5825165033006598
1.9099819963992797	0.5895179035807159
1.953390678135627	0.5951190238047612
1.9967993598719742	0.5965193038607719
2.0402080416083215	0.5951190238047612
2.0836167233446687	0.592318463692739
2.127025405081016	0.585317063412683
2.1704340868173633	0.5769153830766154
2.2138427685537105	0.5643128625725149
2.257251450290058	0.5517103420684135
2.300660132026405	0.5349069813962792
2.3440688137627523	0.5167033406681334
2.3874774954990996	0.4956991398279653
2.430886177235447	0.471894378875775
2.474294858971794	0.4480896179235847
2.5177035407081414	0.42148429685937217
2.5611122224444887	0.3920784156831365
2.604520904180836	0.36267253450690173
2.647929585917183	0.33046609321864384
2.6913382676535305	0.29825965193038595
2.7347469493898777	0.2646529305861174
2.778155631126225	0.22964592918583726
2.8215643128625723	0.19323864772954558
2.8649729945989195	0.15683136627325478
2.908381676335267	0.1204240848169631
2.951790358071614	0.0840168033606723
2.9951990398079613	0.04620924184836994
3.0386077215443086	0.009801960392078257
3.082016403280656	-0.02660532106421254
3.125425085017003	-0.06301260252050422
3.1688337667533504	-0.09941988397679502
3.2122424484896976	-0.13442688537707514
3.255651130226045	-0.1680336067213446
3.299059811962392	-0.2002400480096016
3.3424684936987394	-0.23104620924184793
3.3858771754350867	-0.26185237047409515
3.429285857171434	-0.28985797159431836
3.4726945389077812	-0.3164632926585318
3.5161032206441285	-0.3402680536107221
3.5595119023804758	-0.36267253450690085
3.602920584116823	-0.38227645529105825
3.6463292658531703	-0.4004800960192041
3.6897379475895176	-0.4158831766353268
3.733146629325865	-0.4284856971394282
3.776555311062212	-0.4396879375875171
3.8199639927985594	-0.44668933786757314
3.8633726745349066	-0.4522904580916185
3.906781356271254	-0.45509101820364073
3.950190038007601	-0.45369073814762917
3.9935987197439484	-0.45089017803560694
4.037007401480296	-0.44528905781156247
4.080416083216643	-0.43828765753150645
4.123824764952991	-0.42708541708341663
4.1672334466893375	-0.41448289657931614
4.210642128425685	-0.39907981596319253
4.254050810162032	-0.3808761752350467
4.29745949189838	-0.3612722544508902
4.3408681736347265	-0.3402680536107221
4.384276855371074	-0.3164632926585318
4.427685537107421	-0.2912582516503299
4.471094218843769	-0.2646529305861174
4.514502900580116	-0.23664732946589329
4.557911582316463	-0.20724144828965763
4.60132026405281	-0.17783556711342285
4.644728945789158	-0.14562912582516496
4.688137627525505	-0.11482296459291863
4.731546309261852	-0.08261652330466074
4.774954990998199	-0.050410082016402846
4.818363672734547	-0.018203640728145842
4.861772354470894	0.01400280056011205
4.905181036207241	0.04620924184836994
4.948589717943588	0.07841568313662783
4.991998399679936	0.10922184436887417
5.035407081416283	0.1400280056011205
5.0788157631526305	0.1680336067213446
5.122224444888977	0.19743948789757937
5.165633126625325	0.2240448089617928
5.209041808361672	0.24924984996999378
5.25245049009802	0.27445489097819564
5.295859171834366	0.2968593718743753
5.339267853570714	0.31786357271454335
5.382676535307061	0.33746749349869987
5.426085217043409	0.3556711342268457
5.4694938987797554	0.37107421484296843
5.512902580516103	0.3850770154030805
5.55631126225245	0.3962792558511703
5.599719943988798	0.40608121624324856
5.6431286257251445	0.4130826165233046
5.686537307461492	0.41868373674734993
5.729945989197839	0.42288457691538284
5.773354670934187	0.4242848569713944
5.816763352670534	0.42288457691538284
5.860172034406881	0.4200840168033606
5.903580716143228	0.4158831766353268
5.946989397879576	0.4088817763552708
5.990398079615923	0.4004800960192041
6.03380676135227	0.3892778555711143
6.077215443088617	0.3766753350670138
6.120624124824965	0.36267253450690173
6.164032806561312	0.3472694538907781
6.207441488297659	0.3290658131626323
6.250850170034006	0.30946189237847577
6.294258851770354	0.28985797159431925
6.337667533506701	0.2674534906981396
6.3810762152430485	0.24504900980196087
6.424484896979395	0.22124424884976968
6.467893578715743	0.1960392078415687
6.51130226045209	0.17083416683336683
6.5547109421884375	0.1442288457691543
6.598119623924784	0.11622324464893019
6.641528305661132	0.08961792358471676
6.684936987397479	0.061612322464492664
6.728345669133827	0.033606721344268564
6.771754350870173	0.007001400280056025
6.815163032606521	-0.021004200840168075
6.858571714342868	-0.047609521904380614
6.901980396079216	-0.07281456291258248
6.9453890778155625	-0.09801960392078435
6.98879775955191	-0.12182436487297466
7.032206441288257	-0.14562912582516496
7.075615123024605	-0.16663332666533304
7.1190238047609515	-0.1876375275055011
7.162432486497299	-0.20584116823364695
7.205841168233646	-0.2240448089617919
7.249249849969994	-0.23944788957791552
7.292658531706341	-0.25345069013802757
7.336067213442688	-0.26605321064212806
7.379475895179035	-0.2758551710342063
7.422884576915383	-0.28565713142628546
7.46629325865173	-0.2926585317063415
7.509701940388077	-0.2968593718743744
7.553110622124424	-0.3010602120424082
7.596519303860772	-0.30246049209841974
7.639927985597119	-0.30246049209841974
7.683336667333466	-0.2996599319863975
7.726745349069813	-0.2968593718743744
7.770154030806161	-0.2912582516503299
7.813562712542508	-0.2842568513702739
7.8569713942788555	-0.2758551710342063
7.900380076015202	-0.26605321064212806
7.94378875775155	-0.25485097019403913
7.987197439487897	-0.24224844968993775
8.030606121224244	-0.2282456491298257
8.074014802960592	-0.21284256851370298
8.117423484696939	-0.1960392078415678
8.160832166433286	-0.17923584716943353
8.204240848169633	-0.16243248649729924
8.247649529905981	-0.1442288457691534
8.291058211642328	-0.12462492498499689
8.334466893378675	-0.10502100420084037
8.377875575115022	-0.08541708341668297
8.42128425685137	-0.06581316263252646
8.464692938587717	-0.04480896179235838
8.508101620324064	-0.025205041008201867
8.55151030206041	-0.0042008401680337926
8.59491898379676	0.01540308061612361
8.638327665533106	0.035007001400280124
8.681736347269453	0.05461092218443664
8.7251450290058	0.07281456291258248
8.768553710742149	0.09101820364072832
8.811962392478495	0.1078215643128626
8.855371074214842	0.12462492498499689
8.898779755951189	0.14142828565713117
8.942188437687538	0.15543108621724322
8.985597119423884	0.16943388677735527
9.029005801160231	0.18203640728145665
9.072414482896578	0.19463892778555714
9.115823164632927	0.2044408881776354
9.159231846369273	0.21424284856971365
9.20264052810562	0.22264452890578124
9.246049209841967	0.22964592918583726
9.289457891578316	0.23664732946589329
9.332866573314663	0.24084816963392708
9.37627525505101	0.2436487297459493
9.419683936787356	0.24644928985797154
9.463092618523705	0.24644928985797154
9.506501300260052	0.24644928985797154
9.549909981996398	0.24504900980196087
9.593318663732745	0.24224844968993775
9.636727345469094	0.23804760952190485
9.68013602720544	0.2324464892978595
9.723544708941787	0.22544508901780347
9.766953390678134	0.21844368873774744
9.810362072414483	0.21004200840168075
9.85377075415083	0.2002400480096016
9.897179435887177	0.19043808761752334
9.940588117623523	0.17923584716943441
9.983996799359872	0.16663332666533304
10.027405481096219	0.15403080616123255
10.070814162832566	0.14142828565713117
10.114222844568912	0.12742548509701912
10.157631526305261	0.11342268453690707
10.201040208041608	0.09941988397679591
10.244448889777955	0.0840168033606723
10.287857571514301	0.06861372274454869
10.33126625325065	0.05461092218443664
10.374674934986997	0.03920784156831392
10.418083616723344	0.023804760952190307
10.46149229845969	0.008401680336067585
10.50490098019604	-0.005601120224044465
10.548309661932386	-0.019603920784156514
10.591718343668733	-0.033606721344268564
10.63512702540508	-0.047609521904380614
10.678535707141428	-0.06021204240848199
10.721944388877775	-0.07281456291258248
10.765353070614122	-0.08541708341668297
10.808761752350469	-0.09661932386477279
10.852170434086817	-0.10642128425685105
10.895579115823164	-0.1162232446489293
10.938987797559511	-0.12462492498499689
10.982396479295858	-0.1316263252650529
11.025805161032206	-0.13862772554510894
11.069213842768553	-0.1442288457691534
11.1126225245049	-0.14982996599319875
11.156031206241249	-0.15403080616123255
11.199439887977595	-0.15683136627325478
11.242848569713942	-0.15823164632926545
11.286257251450289	-0.159631926385277
11.329665933186638	-0.159631926385277
11.373074614922984	-0.159631926385277
11.416483296659331	-0.15683136627325478
11.459891978395678	-0.15403080616123255
11.503300660132027	-0.15123024604920943
11.546709341868373	-0.14702940588117652
11.59011802360472	-0.14142828565713117
11.633526705341067	-0.1358271654330867
11.676935387077416	-0.12882576515303068
11.720344068813763	-0.12182436487297466
11.76375275055011	-0.11482296459291863
11.807161432286456	-0.10642128425685105
11.850570114022805	-0.09801960392078435
11.893978795759152	-0.0882176435287052
11.937387477495498	-0.0798159631926385
11.980796159231845	-0.07001400280056025
12.024204840968194	-0.06021204240848199
12.06761352270454	-0.050410082016402846
12.111022204440888	-0.04060812162432459
12.154430886177234	-0.02940588117623477
12.197839567913583	-0.019603920784156514
12.24124824964993	-0.009801960392078257
12.284656931386277	0.0
12.328065613122623	0.009801960392078257
12.371474294858972	0.018203640728145842
12.414882976595319	0.0280056011202241
12.458291658331666	0.036407281456291685
12.501700340068012	0.04480896179235838
12.545109021804361	0.05321064212842597
12.588517703540708	0.061612322464492664
12.631926385277055	0.06861372274454869
12.675335067013402	0.07561512302460471
12.71874374874975	0.08261652330466074
12.762152430486097	0.08821764352870609
12.805561112222444	0.09381876375275056
12.84896979395879	0.09801960392078435
12.89237847569514	0.10222044408881814
12.935787157431486	0.10642128425685105
12.979195839167833	0.10922184436887417
13.02260452090418	0.1120224044808964
13.066013202640528	0.11342268453690707
13.109421884376875	0.11482296459291863
13.152830566113222	0.11622324464893019
13.196239247849569	0.11622324464893019
13.239647929585917	0.11622324464893019
13.283056611322264	0.11622324464893019
13.326465293058611	0.11482296459291863
13.369873974794958	0.1120224044808964
13.413282656531306	0.11062212442488484
13.456691338267653	0.1078215643128626
13.500100020004	0.10502100420084037
13.543508701740347	0.10082016403280658
13.586917383476695	0.09661932386477279
13.630326065213042	0.09241848369673988
13.673734746949389	0.08821764352870609
13.717143428685736	0.0840168033606723
13.760552110422084	0.07841568313662783
13.803960792158431	0.07281456291258248
13.847369473894778	0.06721344268853802
13.890778155631125	0.061612322464492664
13.934186837367474	0.05461092218443664
13.97759551910382	0.049009801960392174
14.021004200840167	0.04200840168033615
14.064412882576514	0.036407281456291685
14.107821564312863	0.02940588117623566
14.15123024604921	0.023804760952190307
14.194638927785556	0.016803360672134282
14.238047609521903	0.011202240448089817
14.281456291258252	0.0042008401680337926
14.324864972994598	-0.001400280056010672
14.368273654730945	-0.007001400280056025
14.411682336467292	-0.01260252050410049
14.45509101820364	-0.018203640728145842
14.498499699939988	-0.023804760952190307
14.541908381676334	-0.02940588117623477
14.585317063412681	-0.033606721344268564
14.62872574514903	-0.03780756151230236
14.672134426885377	-0.04200840168033615
14.715543108621723	-0.04620924184836994
14.75895179035807	-0.049009801960392174
14.802360472094419	-0.05321064212842597
14.845769153830766	-0.0560112022404482
14.889177835567112	-0.05741148229645887
14.93258651730346	-0.06021204240848199
14.975995199039808	-0.061612322464492664
15.019403880776155	-0.06301260252050422
15.062812562512502	-0.0644128825765149
15.106221244248848	-0.06581316263252646
15.149629925985197	-0.06581316263252646
15.193038607721544	-0.06581316263252646
15.23644728945789	-0.06581316263252646
15.279855971194237	-0.0644128825765149
15.323264652930586	-0.0644128825765149
15.366673334666933	-0.06301260252050422
15.41008201640328	-0.061612322464492664
15.453490698139627	-0.06021204240848199
15.496899379875975	-0.05741148229645887
15.540308061612322	-0.0560112022404482
15.583716743348669	-0.05321064212842597
15.627125425085016	-0.050410082016402846
15.670534106821364	-0.047609521904380614
15.713942788557711	-0.04480896179235838
15.757351470294058	-0.04060812162432459
15.800760152030405	-0.03780756151230236
15.844168833766753	-0.033606721344268564
15.8875775155031	-0.02940588117623477
15.930986197239447	-0.02660532106421254
15.974394878975794	-0.022404480896178747
16.017803560712142	-0.018203640728145842
16.061212242448487	-0.01400280056011205
16.104620924184836	-0.009801960392078257
16.148029605921185	-0.005601120224044465
16.19143828765753	-0.001400280056010672
16.234846969393878	0.0028005601120222323
16.278255651130227	0.007001400280056025
16.321664332866572	0.011202240448089817
16.36507301460292	0.01540308061612361
16.408481696339265	0.018203640728145842
16.451890378075614	0.022404480896179635
16.495299059811963	0.02660532106421254
16.538707741548308	0.02940588117623566
16.582116423284656	0.033606721344268564
16.625525105021005	0.036407281456291685
16.66893378675735	0.03920784156831392
16.7123424684937	0.04200840168033615
16.755751150230044	0.04480896179235838
16.799159831966392	0.047609521904380614
16.84256851370274	0.049009801960392174
16.885977195439086	0.051810362072414406
16.929385877175434	0.05321064212842597
16.972794558911783	0.0560112022404482
17.016203240648128	0.05741148229645976
17.059611922384477	0.05741148229645976
17.10302060412082	0.05881176235247043
17.14642928585717	0.06021204240848199
17.18983796759352	0.06021204240848199
17.233246649329864	0.06021204240848199
17.276655331066213	0.06021204240848199
17.32006401280256	0.06021204240848199
17.363472694538906	0.06021204240848199
17.406881376275255	0.05881176235247043
17.4502900580116	0.05881176235247043
17.49369873974795	0.05741148229645976
17.537107421484297	0.0560112022404482
17.580516103220642	0.05461092218443664
17.62392478495699	0.051810362072414406
17.66733346669334	0.050410082016403734
17.710742148429684	0.047609521904380614
17.754150830166033	0.04620924184836994
17.797559511902378	0.04340868173634771
17.840968193638727	0.04060812162432459
17.884376875375075	0.03780756151230236
17.92778555711142	0.033606721344268564
17.97119423884777	0.030806161232246332
18.014602920584117	0.0280056011202241
18.058011602320462	0.023804760952190307
18.10142028405681	0.021004200840168075
18.144828965793156	0.016803360672134282
18.188237647529505	0.01400280056011205
18.231646329265853	0.009801960392078257
18.2750550110022	0.005601120224045353
18.318463692738547	0.0028005601120222323
18.361872374474896	-0.001400280056010672
18.40528105621124	-0.0042008401680337926
18.44868973794759	-0.008401680336066697
18.492098419683934	-0.011202240448089817
18.535507101420283	-0.015403080616122722
18.57891578315663	-0.018203640728145842
18.622324464892976	-0.021004200840168075
18.665733146629325	-0.023804760952190307
18.709141828365674	-0.02660532106421254
18.75255051010202	-0.02940588117623477
18.795959191838367	-0.030806161232246332
18.839367873574712	-0.033606721344268564
18.88277655531106	-0.035007001400280124
18.92618523704741	-0.036407281456290796
18.969593918783755	-0.03780756151230236
19.013002600520103	-0.03920784156831392
19.05641128225645	-0.04060812162432459
19.099819963992797	-0.04060812162432459
19.143228645729145	-0.04060812162432459
19.18663732746549	-0.04200840168033615
19.23004600920184	-0.04060812162432459
19.273454690938188	-0.04060812162432459
19.316863372674533	-0.04060812162432459
19.36027205441088	-0.03920784156831392
19.40368073614723	-0.03780756151230236
19.447089417883575	-0.036407281456290796
19.490498099619924	-0.035007001400280124
19.53390678135627	-0.033606721344268564
19.577315463092617	-0.03220644128825789
19.620724144828966	-0.02940588117623477
19.66413282656531	-0.0280056011202241
19.70754150830166	-0.025205041008201867
19.750950190038008	-0.022404480896178747
19.794358871774353	-0.021004200840168075
19.8377675535107	-0.018203640728145842
19.881176235247047	-0.015403080616122722
19.924584916983395	-0.01260252050410049
19.967993598719744	-0.008401680336066697
20.01140228045609	-0.005601120224044465
20.054810962192438	-0.0028005601120222323
20.098219643928786	0.0
20.14162832566513	0.0028005601120222323
20.18503700740148	0.007001400280056025
20.228445689137825	0.009801960392078257
20.271854370874173	0.01260252050410049
20.315263052610522	0.01540308061612361
20.358671734346867	0.018203640728145842
20.402080416083216	0.021004200840168075
20.445489097819564	0.023804760952190307
20.48889777955591	0.02660532106421254
20.532306461292258	0.02940588117623566
20.575715143028603	0.03220644128825789
20.61912382476495	0.033606721344268564
20.6625325065013	0.036407281456291685
20.705941188237645	0.03780756151230236
20.749349869973994	0.03920784156831392
20.792758551710342	0.04200840168033615
20.836167233446687	0.04200840168033615
20.879575915183036	0.04340868173634771
20.92298459691938	0.04480896179235838
20.96639327865573	0.04480896179235838
21.00980196039208	0.04620924184836994
21.053210642128423	0.04620924184836994
21.096619323864772	0.04620924184836994
21.14002800560112	0.04620924184836994
21.183436687337466	0.04620924184836994
21.226845369073814	0.04480896179235838
21.27025405081016	0.04480896179235838
21.313662732546508	0.04340868173634771
21.357071414282856	0.04200840168033615
21.4004800960192	0.04060812162432459
21.44388877775555	0.03920784156831392
21.4872974594919	0.03780756151230236
21.530706141228244	0.035007001400280124
21.574114822964592	0.033606721344268564
21.617523504700937	0.030806161232246332
21.660932186437286	0.02940588117623566
21.704340868173635	0.02660532106421254
21.74774954990998	0.023804760952190307
21.791158231646328	0.021004200840168075
21.834566913382677	0.018203640728145842
21.877975595119022	0.01540308061612361
21.92138427685537	0.01400280056011205
21.964792958591715	0.011202240448089817
22.008201640328064	0.008401680336067585
22.051610322064413	0.005601120224045353
22.095019003800758	0.0028005601120222323
22.138427685537106	0.0
22.181836367273455	-0.0028005601120222323
22.2252450490098	-0.005601120224044465
22.26865373074615	-0.007001400280056025
22.312062412482497	-0.009801960392078257
22.355471094218842	-0.01260252050410049
22.39887977595519	-0.01400280056011205
22.442288457691536	-0.015403080616122722
22.485697139427884	-0.018203640728145842
22.529105821164233	-0.019603920784156514
22.572514502900578	-0.021004200840168075
22.615923184636927	-0.022404480896178747
22.659331866373275	-0.023804760952190307
22.70274054810962	-0.023804760952190307
22.74614922984597	-0.025205041008201867
22.789557911582314	-0.025205041008201867
22.832966593318663	-0.025205041008201867
22.87637527505501	-0.02660532106421254
22.919783956791356	-0.02660532106421254
22.963192638527705	-0.02660532106421254
23.006601320264053	-0.025205041008201867
23.0500100020004	-0.025205041008201867
23.093418683736747	-0.025205041008201867
23.136827365473092	-0.023804760952190307
23.18023604720944	-0.022404480896178747
23.22364472894579	-0.022404480896178747
23.267053410682134	-0.021004200840168075
23.310462092418483	-0.019603920784156514
23.35387077415483	-0.018203640728145842
23.397279455891177	-0.016803360672134282
23.440688137627525	-0.01400280056011205
23.48409681936387	-0.01260252050410049
23.52750550110022	-0.011202240448089817
23.570914182836567	-0.009801960392078257
23.614322864572912	-0.007001400280056025
23.65773154630926	-0.005601120224044465
23.70114022804561	-0.0028005601120222323
23.744548909781955	-0.001400280056010672
23.787957591518303	0.0014002800560115602
23.83136627325465	0.0028005601120222323
23.874774954990997	0.005601120224045353
23.918183636727345	0.007001400280056025
23.96159231846369	0.008401680336067585
24.00500100020004	0.011202240448089817
24.048409681936388	0.01260252050410049
24.091818363672733	0.01400280056011205
24.13522704540908	0.016803360672134282
24.178635727145426	0.018203640728145842
24.222044408881775	0.019603920784156514
24.265453090618124	0.021004200840168075
24.30886177235447	0.022404480896179635
24.352270454090817	0.023804760952190307
24.395679135827166	0.025205041008201867
24.43908781756351	0.02660532106421254
24.48249649929986	0.02660532106421254
24.525905181036205	0.0280056011202241
24.569313862772553	0.0280056011202241
24.6127225445089	0.02940588117623566
24.656131226245247	0.02940588117623566
24.699539907981595	0.02940588117623566
24.742948589717944	0.02940588117623566
24.78635727145429	0.02940588117623566
24.829765953190638	0.02940588117623566
24.873174634926983	0.02940588117623566
24.91658331666333	0.02940588117623566
24.95999199839968	0.0280056011202241
25.003400680136025	0.0280056011202241
25.046809361872374	0.02660532106421254
25.090218043608722	0.02660532106421254
25.133626725345067	0.025205041008201867
25.177035407081416	0.025205041008201867
25.22044408881776	0.023804760952190307
25.26385277055411	0.022404480896179635
25.307261452290458	0.021004200840168075
25.350670134026803	0.019603920784156514
25.39407881576315	0.018203640728145842
25.4374874974995	0.016803360672134282
25.480896179235845	0.01540308061612361
25.524304860972194	0.01400280056011205
25.56771354270854	0.01260252050410049
25.611122224444888	0.011202240448089817
25.654530906181236	0.009801960392078257
25.69793958791758	0.007001400280056025
25.74134826965393	0.005601120224045353
25.78475695139028	0.0042008401680337926
25.828165633126623	0.0028005601120222323
25.871574314862972	0.0014002800560115602
25.914982996599317	0.0
25.958391678335666	-0.001400280056010672
26.001800360072014	-0.0028005601120222323
26.04520904180836	-0.0042008401680337926
26.088617723544708	-0.005601120224044465
26.132026405281056	-0.005601120224044465
26.1754350870174	-0.007001400280056025
26.21884376875375	-0.008401680336066697
26.262252450490095	-0.008401680336066697
26.305661132226444	-0.009801960392078257
26.349069813962792	-0.009801960392078257
26.392478495699137	-0.011202240448089817
26.435887177435486	-0.011202240448089817
26.479295859171835	-0.011202240448089817
26.52270454090818	-0.011202240448089817
26.56611322264453	-0.011202240448089817
26.609521904380873	-0.011202240448089817
26.652930586117222	-0.011202240448089817
26.69633926785357	-0.011202240448089817
26.739747949589916	-0.011202240448089817
26.783156631326264	-0.011202240448089817
26.826565313062613	-0.011202240448089817
26.869973994798958	-0.009801960392078257
26.913382676535306	-0.009801960392078257
26.95679135827165	-0.008401680336066697
27.000200040008	-0.008401680336066697
27.04360872174435	-0.007001400280056025
27.087017403480694	-0.007001400280056025
27.130426085217042	-0.005601120224044465
27.17383476695339	-0.005601120224044465
27.217243448689736	-0.0042008401680337926
27.260652130426084	-0.0028005601120222323
27.30406081216243	-0.001400280056010672
27.347469493898778	-0.001400280056010672
27.390878175635127	0.0
27.43428685737147	0.0014002800560115602
27.47769553910782	0.0028005601120222323
27.52110422084417	0.0028005601120222323
27.564512902580514	0.0042008401680337926
27.607921584316863	0.005601120224045353
27.651330266053208	0.005601120224045353
27.694738947789556	0.007001400280056025
27.738147629525905	0.008401680336067585
27.78155631126225	0.009801960392078257
27.8249649929986	0.009801960392078257
27.868373674734947	0.011202240448089817
27.911782356471292	0.011202240448089817
27.95519103820764	0.01260252050410049
27.998599719943986	0.01260252050410049
28.042008401680334	0.01400280056011205
28.085417083416683	0.01400280056011205
28.128825765153028	0.01540308061612361
28.172234446889377	0.01540308061612361
28.215643128625725	0.01540308061612361
28.25905181036207	0.016803360672134282
28.30246049209842	0.016803360672134282
28.345869173834764	0.016803360672134282
28.389277855571112	0.016803360672134282
28.43268653730746	0.016803360672134282
28.476095219043806	0.016803360672134282
28.519503900780155	0.016803360672134282
28.562912582516503	0.016803360672134282
28.60632126425285	0.016803360672134282
28.649729945989197	0.016803360672134282
28.693138627725542	0.016803360672134282
28.73654730946189	0.016803360672134282
28.77995599119824	0.01540308061612361
28.823364672934584	0.01540308061612361
28.866773354670933	0.01540308061612361
28.91018203640728	0.01400280056011205
28.953590718143627	0.01400280056011205
28.996999399879975	0.01400280056011205
29.04040808161632	0.01260252050410049
29.08381676335267	0.01260252050410049
29.127225445089017	0.011202240448089817
29.170634126825362	0.011202240448089817
29.21404280856171	0.009801960392078257
29.25745149029806	0.009801960392078257
29.300860172034405	0.008401680336067585
29.344268853770753	0.008401680336067585
29.3876775355071	0.007001400280056025
29.431086217243447	0.007001400280056025
29.474494898979795	0.005601120224045353
29.51790358071614	0.005601120224045353
29.56131226245249	0.005601120224045353
29.604720944188838	0.0042008401680337926
29.648129625925183	0.0042008401680337926
29.69153830766153	0.0028005601120222323
29.734946989397876	0.0028005601120222323
29.778355671134225	0.0014002800560115602
29.821764352870574	0.0014002800560115602
29.86517303460692	0.0014002800560115602
29.908581716343267	0.0
29.951990398079616	0.0
29.99539907981596	0.0
