25.0	-4.2800506236367886e-05
25.04340868173635	-3.869416245631807e-05
25.086817363472694	-3.5089611948754124e-05
25.130226045209042	-3.197470602486763e-05
25.173634726945387	-2.9328484630417734e-05
25.217043408681736	-2.7121179169507098e-05
25.260452090418084	-2.531428643426023e-05
25.30386077215443	-2.3860737649577385e-05
25.347269453890778	-2.270517624668525e-05
25.390678135627127	-2.1784334646075126e-05
25.43408681736347	-2.1027448881560246e-05
25.47749549909982	-2.0356547446264556e-05
25.52090418083617	-1.9686277353055115e-05
25.564312862572514	-1.8922665340086187e-05
25.607721544308863	-1.7959790718537205e-05
25.651130226045208	-1.6672544944740936e-05
25.694538907781556	-1.4901771050630785e-05
25.737947589517905	-1.2422659341204678e-05
25.78135627125425	-8.865307639230324e-06
25.8247649529906	-3.4389281611535427e-06
25.868173634726944	5.874658129543381e-06
25.911582316463292	2.191264776075022e-05
25.95499099819964	4.0951199846820524e-05
25.998399679935986	4.77498383790638e-05
26.041808361672334	3.239308704367991e-05
26.085217043408683	3.229944042015126e-06
26.128625725145028	-2.588821046200021e-05
26.172034406881377	-4.836715199485475e-05
26.215443088617725	-6.417829030321703e-05
26.25885177035407	-7.514402045253124e-05
26.30226045209042	-8.269417982743887e-05
26.345669133826764	-8.763546927009064e-05
26.389077815563112	-9.040385842292928e-05
26.43248649729946	-9.125235558696612e-05
26.475895179035806	-9.034287520150175e-05
26.519303860772155	-8.779013242302125e-05
26.5627125425085	-8.368518126912472e-05
26.60612122424485	-7.810966026272625e-05
26.649529905981197	-7.114507221400723e-05
26.692938587717542	-6.287896038962432e-05
26.73634726945389	-5.340889144815966e-05
26.77975595119024	-4.2844761249466456e-05
26.823164632926584	-3.1309765723627064e-05
26.866573314662933	-1.8940290993769288e-05
26.90998199639928	-5.884923181546237e-06
26.953390678135627	7.697253968680373e-06
26.996799359871975	2.1638917073348723e-05
27.04020804160832	3.576715692356e-05
27.08361672334467	4.990636471355683e-05
27.127025405081017	6.388119663017222e-05
27.170434086817362	7.751948707326872e-05
27.21384276855371	9.065501023823586e-05
27.257251450290056	0.00010313001309710315
27.300660132026405	0.00011479745719403592
27.344068813762753	0.00012552291789685172
27.3874774954991	0.0001351861049951955
27.430886177235447	0.0001436819921195806
27.474294858971795	0.0001509215768429259
27.51770354070814	0.00015683233607476435
27.56111222244449	0.00016135847312684706
27.604520904180838	0.00016446103375301543
27.647929585917183	0.00016611786890962862
27.69133826765353	0.00016632327713861708
27.734746949389876	0.0001650870833556188
27.778155631126225	0.0001624330164996038
27.821564312862574	0.00015839652537354837
27.86497299459892	0.00015302245420610247
27.908381676335267	0.00014636308831424832
27.951790358071612	0.00013847691218694252
27.99519903980796	0.00012942811327719753
28.03860772154431	0.00011928659807044703
28.082016403280655	0.00010812817445019982
28.125425085017003	9.603459624691474e-05
28.16883376675335	8.309330107237126e-05
28.212242448489697	6.939683341162725e-05
28.255651130226045	5.5042074513973055e-05
28.299059811962394	4.0129457383412254e-05
28.34246849369874	2.4762317703600628e-05
28.385877175435088	9.046447682722891e-06
28.429285857171433	-6.910170205702559e-06
28.47269453890778	-2.299752876581615e-05
28.51610322064413	-3.910375254159368e-05
28.559511902380475	-5.511532023089877e-05
28.602920584116823	-7.091740223107851e-05
28.64632926585317	-8.639433857051196e-05
28.689737947589517	-0.00010143026235169203
28.733146629325866	-0.00011590985690915212
28.77655531106221	-0.00012971922317684542
28.81996399279856	-0.0001427468309692509
28.863372674534908	-0.00015488453519260648
28.906781356271253	-0.0001660286516202182
28.9501900380076	-0.00017608109971348207
28.99359871974395	-0.00018495062590494563
29.037007401480295	-0.00019255411764602937
29.080416083216644	-0.00019881800777457256
29.123824764952992	-0.00020367975235332028
29.167233446689337	-0.00020708934401368617
29.210642128425686	-0.0002090107999039234
29.25405081016203	-0.0002094235507456091
29.29745949189838	-0.00020832368847239352
29.340868173634725	-0.0002057251778085946
29.384276855371073	-0.0002016615229014293
29.427685537107422	-0.0001961890726529074
29.471094218843767	-0.00018939379200075268
29.514502900580116	-0.00018140254809377934
29.557911582316464	-0.0001723954143315748
29.60132026405281	-0.00016260616727873864
29.644728945789158	-0.00015228903834343943
29.688137627525506	-0.00014163400435974333
29.73154630926185	-0.0001306430208892935
29.7749549909982	-0.00011902873899812677
29.81836367273455	-0.00010622914930566094
29.861772354470894	-9.160144081459681e-05
29.905181036207242	-7.475658666631149e-05
29.948589717943587	-5.587663181775421e-05
29.991998399679936	-3.581483732650534e-05
30.03540708141628	-1.58783071691794e-05
30.07881576315263	2.612962141629316e-06
30.122224444888978	1.8754333397204975e-05
30.165633126625323	3.226158309100474e-05
30.209041808361672	4.3402120319981086e-05
30.25245049009802	5.2755843835444044e-05
30.295859171834365	6.095755113011761e-05
30.339267853570714	6.852388198546125e-05
30.382676535307063	7.578894403029515e-05
30.426085217043408	8.291862636255684e-05
30.469493898779756	8.995885643727289e-05
30.512902580516105	9.688462428322081e-05
30.55631126225245	0.00010363522120593327
30.5997199439888	0.00011013466149941559
30.643128625725144	0.00011630186524849359
30.686537307461492	0.00012205542502425129
30.729945989197837	0.00012731606117237157
30.773354670934186	0.0001320082397165065
30.816763352670534	0.00013606148443188332
30.86017203440688	0.0001394115230818095
30.903580716143228	0.0001420012879890728
30.946989397879577	0.0001437817643862617
30.99039807961592	0.00014471267860026102
31.03380676135227	0.00014476302602874774
31.07721544308862	0.00014391144883336288
31.120624124824964	0.00014214647727229732
31.164032806561313	0.00013946664563746491
31.20744148829766	0.00013588049505881827
31.250850170034006	0.00013140649951500286
31.294258851770355	0.00012607301525917325
31.3376675335067	0.00011991846180061522
31.38107621524305	0.00011299205406197291
31.424484896979394	0.00010535537014163404
31.467893578715742	9.708456298273063e-05
31.51130226045209	8.827182406121598e-05
31.554710942188436	7.902295297311512e-05
31.598119623924784	6.944668412750543e-05
31.641528305661133	5.9632705957185506e-05
31.684936987397478	4.962065910063887e-05
31.728345669133827	3.937113413673282e-05
31.771754350870175	2.875750689111667e-05
31.81516303260652	1.7597241418563364e-05
31.85857171434287	5.727323915592775e-06
31.901980396079217	-6.896842497494671e-06
31.945389077815562	-2.0122229832116034e-05
31.98879775955191	-3.358276833740487e-05
32.03220644128826	-4.6764928136683315e-05
32.075615123024605	-5.913190613046626e-05
32.11902380476095	-7.02569083700158e-05
32.1624324864973	-7.991592749645102e-05
32.20584116823365	-8.811283607313217e-05
32.24924984996999	-9.503910747805239e-05
32.29265853170634	-0.00010099275343462832
32.33606721344269	-0.00010628913214289284
32.379475895179034	-0.00011119065269880879
32.42288457691538	-0.00011586877603399562
32.46629325865173	-0.00012039754910391984
32.50970194038808	-0.00012476883402768105
32.55311062212442	-0.00012891709073097057
32.596519303860774	-0.00013274422593852545
32.63992798559712	-0.00013613947825048475
32.683336667333464	-0.00013899310323439718
32.726745349069816	-0.00014120476615957916
32.77015403080616	-0.00014268821583912628
32.813562712542506	-0.00014337363592202904
32.85697139427886	-0.0001432086236813207
32.9003800760152	-0.00014215834805764507
32.94378875775155	-0.0001402051805521158
32.9871974394879	-0.0001373479509158837
33.030606121224245	-0.00013360090716143733
33.07401480296059	-0.00012899242770125427
33.11742348469694	-0.0001235635324197508
33.16083216643329	-0.00011736625839836937
33.20424084816963	-0.00011046197916094944
33.247649529905985	-0.00010291971999871335
33.29105821164233	-9.481444425923566e-05
33.334466893378675	-8.622520082865806e-05
33.37787557511502	-7.723303016763869e-05
33.42128425685137	-6.791870482050766e-05
33.46469293858772	-5.8360676896931224e-05
33.50810162032406	-4.8633795414348285e-05
33.55151030206041	-3.8809187513370175e-05
33.59491898379676	-2.8955144132397637e-05
33.638327665533104	-1.9138239463190737e-05
33.68173634726945	-9.423718707716328e-06
33.7251450290058	1.2537568000459132e-07
33.76855371074215	9.450072048746566e-06
33.81196239247849	1.849745183696988e-05
33.855371074214844	2.7221815846110303e-05
33.89877975595119	3.558456901649881e-05
33.942188437687534	4.3552981464568125e-05
33.985597119423886	5.1098408163825076e-05
34.02900580116023	5.819462608389059e-05
34.072414482896576	6.481673929167181e-05
34.11582316463293	7.094077768872789e-05
34.15923184636927	7.654383794516995e-05
34.20264052810562	8.160448196829762e-05
34.24604920984197	8.610312830554384e-05
34.289457891578316	9.002228803601034e-05
34.33286657331466	9.33466296306959e-05
34.37627525505101	9.606294766749054e-05
34.41968393678736	9.81601372762736e-05
34.4630926185237	9.962925126177566e-05
34.506501300260055	0.00010046366753106717
34.5499099819964	0.00010065934896211909
34.593318663732745	0.00010021515429125757
34.6367273454691	9.913315965257019e-05
34.68013602720544	9.741896558570703e-05
34.72354470894179	9.508197864431869e-05
34.76695339067813	9.213565933978776e-05
34.810362072414485	8.859771544738812e-05
34.85377075415083	8.449019662986473e-05
34.897179435887175	7.983943282840675e-05
34.94058811762352	7.467579108515546e-05
34.98399679935987	6.90333250524082e-05
35.02740548109622	6.294951001000262e-05
35.07081416283256	5.646526932338164e-05
35.114222844568914	4.9625311617174095e-05
35.15763152630526	4.2478488257870206e-05
35.201040208041604	3.507769232917804e-05
35.244448889777956	2.747896252270482e-05
35.2878575715143	1.973988912786634e-05
35.33126625325065	1.1917862354830083e-05
35.374674934987	4.068851875552171e-06
35.418083616723344	-3.7528472555739545e-06
35.46149229845969	-1.1493996653396538e-05
35.50490098019604	-1.9101571318014265e-05
35.548309661932386	-2.6522656732589495e-05
35.59171834366873	-3.370595448091637e-05
35.63512702540508	-4.060519866094445e-05
35.67853570714143	-4.7183891685956963e-05
35.72194438887777	-5.341988615294169e-05
35.765353070614125	-5.9307893083976326e-05
35.80876175235047	-6.48582815240932e-05
35.852170434086815	-7.009153803898618e-05
35.89557911582317	-7.502913825234783e-05
35.93898779755951	-7.968283467596482e-05
35.98239647929586	-8.404502794649715e-05
36.02580516103221	-8.808273652283899e-05
36.069213842768555	-9.173678423687534e-05
36.1126225245049	-9.492650202966649e-05
36.15603120624125	-9.75589163825924e-05
36.1994398879776	-9.954045025800315e-05
36.24284856971394	-0.00010078880227867848
36.28625725145029	-0.00010124289945632678
36.32966593318664	-0.0001008694769652034
36.373074614922984	-9.966568585818153e-05
36.41648329665933	-9.765793415190266e-05
36.459891978395675	-9.489776173747522e-05
36.50330066013203	-9.145585813614965e-05
36.54670934186837	-8.741536266985636e-05
36.59011802360472	-8.286540903608419e-05
36.63352670534107	-7.789558725463525e-05
36.676935387077414	-7.2591684519549e-05
36.72034406881376	-6.703279157476219e-05
36.76375275055011	-6.12896500794026e-05
36.807161432286456	-5.542398209671534e-05
36.8505701140228	-4.9488501927173745e-05
36.89397879575915	-4.352737572211815e-05
36.9373874774955	-3.7577040257138344e-05
36.98079615923184	-3.166743251105386e-05
37.024204840968196	-2.5823701060304766e-05
37.06761352270454	-2.006830721786035e-05
37.111022204440886	-1.442314230886213e-05
37.15443088617724	-8.911069335322541e-06
37.19783956791358	-3.556336448690134e-06
37.24124824964993	1.6163320020190497e-06
37.28465693138628	6.583624010590705e-06
37.328065613122625	1.1325715959971394e-05
37.37147429485897	1.5827607723308684e-05
37.41488297659532	2.0079033907601657e-05
37.45829165833167	2.407281913045442e-05
37.50170034006801	2.780223282754235e-05
37.545109021804365	3.125846788720396e-05
37.58851770354071	3.442949905609061e-05
37.631926385277055	3.730106699509003e-05
37.6753350670134	3.9859536131874734e-05
37.71874374874975	4.209541375331874e-05
37.7621524304861	4.400594344798267e-05
37.80556111222244	4.559556574481108e-05
37.84896979395879	4.687388977455201e-05
37.89237847569514	4.7851694742289536e-05
37.935787157431484	4.853607171551033e-05
37.97919583916783	4.8926032247265105e-05
38.02260452090418	4.9009781463525e-05
38.06601320264053	4.8764452998940194e-05
38.10942188437687	4.8158535129065594e-05
38.152830566113224	4.715661605061636e-05
38.19623924784957	4.5725580807773336e-05
38.239647929585914	4.38411079692648e-05
38.283056611322266	4.149328818081263e-05
38.32646529305861	3.869040926026551e-05
38.369873974794956	3.546036393178853e-05
38.41328265653131	3.1849624855508074e-05
38.45669133826765	2.7920148361223335e-05
38.500100020004	2.374480672504009e-05
38.54350870174035	1.9402039694929596e-05
38.586917383476695	1.4970484490509778e-05
38.63032606521304	1.0524406353587534e-05
38.67373474694939	6.130610889054644e-06
38.71714342868574	1.8469894186370905e-06
38.76055211042208	-2.2778852923691084e-06
38.803960792158435	-6.20508093410882e-06
38.84736947389478	-9.906132453788019e-06
38.890778155631125	-1.3364032083653526e-05
38.93418683736748	-1.65733236810843e-05
38.97759551910382	-1.9538378512679033e-05
39.02100420084017	-2.226986196995906e-05
39.06441288257651	-2.478043733731075e-05
39.107821564312864	-2.7081172435963058e-05
39.15123024604921	-2.917971566399405e-05
39.194638927785554	-3.108044800065671e-05
39.2380476095219	-3.278603789640816e-05
39.28145629125825	-3.429946401512299e-05
39.3248649729946	-3.5625645910798004e-05
39.36827365473094	-3.677215920485505e-05
39.411682336467294	-3.774891044396045e-05
39.45509101820364	-3.8566977718507145e-05
39.498499699939984	-3.9237032128425914e-05
39.541908381676336	-3.976783119863381e-05
39.58531706341268	-4.016522017901217e-05
39.628725745149026	-4.043189701177438e-05
39.67213442688538	-4.0567918156125815e-05
39.71554310862172	-4.0571620528489366e-05
39.75895179035807	-4.044044304221325e-05
39.80236047209442	-4.017119478826742e-05
39.845769153830766	-3.975968377733022e-05
39.88917783556711	-3.9200139369043735e-05
39.93258651730346	-3.8485205413510415e-05
39.97599519903981	-3.760714199902912e-05
40.01940388077615	-3.6560221615959676e-05
40.062812562512505	-3.534349029660558e-05
40.10622124424885	-3.3962629142701706e-05
40.149629925985195	-3.242995480022548e-05
40.19303860772155	-3.076251847320896e-05
40.23644728945789	-2.8979243011578032e-05
40.27985597119424	-2.709845707307701e-05
40.32326465293059	-2.513680543134167e-05
40.366673334666935	-2.310963518432907e-05
40.41008201640328	-2.1032174508398005e-05
40.453490698139625	-1.8920588142901096e-05
40.49689937987598	-1.6792338629580822e-05
40.54030806161232	-1.466585714330823e-05
40.58371674334867	-1.2559917286755762e-05
40.62712542508501	-1.0493122578801584e-05
40.670534106821364	-8.483673631268923e-06
40.71394278855771	-6.549315634787195e-06
40.757351470294054	-4.707243210635287e-06
40.800760152030406	-2.973773921444156e-06
40.84416883376675	-1.3637387933085332e-06
40.8875775155031	1.102752965990994e-07
40.93098619723945	1.4385265264919844e-06
40.974394878975794	2.6142121602144852e-06
41.01780356071214	3.6328828664257407e-06
41.06121224244849	4.491380840996456e-06
41.104620924184836	5.186882305083934e-06
41.14802960592118	5.716719453329605e-06
41.19143828765753	6.079303711669509e-06
41.23484696939388	6.275802243885936e-06
41.27825565113022	6.3116447350415605e-06
41.321664332866575	6.19688815551786e-06
41.36507301460292	5.945052870371531e-06
41.408481696339265	5.570922055865568e-06
41.45189037807562	5.0883943314566915e-06
41.49529905981196	4.509400216703291e-06
41.53870774154831	3.844194106043114e-06
41.58211642328466	3.102479860215418e-06
41.625525105021005	2.2943826139543155e-06
41.66893378675735	1.4305404340379801e-06
41.7123424684937	5.213796114740543e-07
41.75575115023004	-4.2362145817945174e-07
41.79915983196639	-1.3957789337486204e-06
41.842568513702744	-2.3859378718085744e-06
41.88597719543908	-3.3828033675631364e-06
41.929385877175434	-4.3719863191196695e-06
41.97279455891179	-5.336428849353481e-06
42.016203240648125	-6.257986195298132e-06
42.05961192238448	-7.1193841834904514e-06
42.10302060412082	-7.90589765673963e-06
42.14642928585717	-8.606573133163736e-06
42.18983796759352	-9.215093125066603e-06
42.233246649329864	-9.730278277327725e-06
42.27665533106621	-1.0156026841477706e-05
42.32006401280256	-1.050050505183378e-05
42.363472694538906	-1.0774634510209852e-05
42.40688137627525	-1.0990173892104493e-05
42.4502900580116	-1.1157806553151878e-05
42.49369873974795	-1.128560567772302e-05
42.53710742148429	-1.1378118851382985e-05
42.580516103220646	-1.1436169133575286e-05
42.62392478495699	-1.1457338470449024e-05
42.667333466693336	-1.1436948404226766e-05
42.71074214842969	-1.1369182607065542e-05
42.75415083016603	-1.1247949940885321e-05
42.79755951190238	-1.1067343342982539e-05
42.84096819363873	-1.0822020001802907e-05
42.884376875375075	-1.050808021217653e-05
42.92778555711142	-1.0124679214160853e-05
42.97119423884777	-9.675836487855333e-06
43.01460292058412	-9.171382853188914e-06
43.05801160232046	-8.626258301027562e-06
43.101420284056815	-8.058309876445707e-06
43.14482896579315	-7.485626141702506e-06
43.188237647529505	-6.924634620222858e-06
43.23164632926586	-6.389621540821289e-06
43.275055011002195	-5.8934883537947735e-06
43.31846369273855	-5.448991103974843e-06
43.3618723744749	-5.0696472595895825e-06
43.40528105621124	-4.769801699069931e-06
43.44868973794759	-4.563741381830022e-06
43.492098419683934	-4.464061262813429e-06
43.53550710142028	-4.479703496988036e-06
43.57891578315663	-4.614260927442854e-06
43.622324464892976	-4.8652067824728196e-06
43.66573314662932	-5.224543960302003e-06
43.709141828365674	-5.6808829343689415e-06
43.75255051010202	-6.222311872451647e-06
43.795959191838364	-6.838979325150818e-06
43.839367873574716	-7.524395138864409e-06
43.88277655531106	-8.275077748587378e-06
43.926185237047406	-9.088969193497137e-06
43.96959391878376	-9.963512525516804e-06
44.0130026005201	-1.0894192156430532e-05
44.05641128225645	-1.1873841638546101e-05
44.0998199639928	-1.2892535903835656e-05
44.143228645729145	-1.3937718718510378e-05
44.18663732746549	-1.4994373565831859e-05
44.23004600920184	-1.6045294210721012e-05
44.27345469093819	-1.707162405818405e-05
44.31686337267453	-1.8053760301440375e-05
44.360272054410885	-1.8972554775210926e-05
44.40368073614723	-1.9810597151701664e-05
44.447089417883575	-2.055329146634366e-05
44.49049809961993	-2.1189466182108124e-05
44.533906781356265	-2.1711427212162127e-05
44.57731546309262	-2.2114646140269922e-05
44.62072414482897	-2.2397506260141836e-05
44.66413282656531	-2.256146984967733e-05
44.70754150830166	-2.2611598891990325e-05
44.75095019003801	-2.2556806089268217e-05
44.79435887177435	-2.2409003696668983e-05
44.8377675535107	-2.2180770318361298e-05
44.88117623524705	-2.1882096906896548e-05
44.92458491698339	-2.151758408444615e-05
44.967993598719744	-2.108552319568871e-05
45.01140228045609	-2.057946991059975e-05
45.054810962192434	-1.999168574971094e-05
45.098219643928786	-1.9316919764301305e-05
45.14162832566513	-1.8554925979432507e-05
45.185037007401476	-1.7710829238626324e-05
45.22844568913783	-1.6793505369577105e-05
45.27185437087417	-1.5812990624548134e-05
45.31526305261052	-1.4778245609286395e-05
45.35867173434687	-1.3696314514720365e-05
45.402080416083216	-1.257318925878409e-05
45.44548909781956	-1.1415798161922702e-05
45.48889777955591	-1.0233889713523459e-05
45.53230646129226	-9.040562949740732e-06
45.5757151430286	-7.850924270490223e-06
45.619123824764955	-6.679472845334822e-06
45.6625325065013	-5.5376382963982784e-06
45.705941188237645	-4.432835103134608e-06
45.749349869974	-3.3694467490644198e-06
45.79275855171034	-2.350939339902658e-06
45.83616723344669	-1.38168459921581e-06
45.87957591518304	-4.674829624309873e-07
45.92298459691938	3.8514031624331535e-07
45.96639327865573	1.169938354899508e-06
46.00980196039208	1.8813682715022872e-06
46.05321064212842	2.5143640459100725e-06
46.09661932386477	3.0640958858414724e-06
46.140028005601124	3.5262815861469843e-06
46.18343668733746	3.897882360701099e-06
46.226845369073814	4.177436950452557e-06
46.27025405081016	4.364518266825046e-06
46.313662732546504	4.45865847977997e-06
46.357071414282856	4.458747723090628e-06
46.4004800960192	4.363698510811975e-06
46.44388877775555	4.174200863387573e-06
46.4872974594919	3.894441554682521e-06
46.530706141228244	3.5324688722609965e-06
46.57411482296459	3.0986104327390684e-06
46.61752350470094	2.602522525787382e-06
46.660932186437286	2.0503248074343894e-06
46.70434086817363	1.4433096647628596e-06
46.74774954990998	7.788814998764548e-07
46.79115823164633	5.3186651836206744e-08
46.83456691338267	-7.359308953937271e-07
46.877975595119025	-1.5870090361892741e-06
46.92138427685537	-2.494716966616739e-06
46.964792958591715	-3.451001650198876e-06
47.00820164032807	-4.446814426517509e-06
47.05161032206441	-5.4736101998201225e-06
47.09501900380076	-6.524175967852208e-06
47.13842768553711	-7.592720778461931e-06
47.181836367273455	-8.674339560092031e-06
47.2252450490098	-9.76399357155433e-06
47.26865373074615	-1.0855211584493568e-05
47.3120624124825	-1.1938901957858628e-05
47.35547109421884	-1.3002855618567122e-05
47.398879775955194	-1.4032471402646712e-05
47.44228845769153	-1.5012816561917053e-05
47.485697139427884	-1.5931482147832354e-05
47.52910582116424	-1.678115228297486e-05
47.572514502900574	-1.7560721823180886e-05
47.61592318463693	-1.8274298118833854e-05
47.65933186637328	-1.8928334966805682e-05
47.70274054810962	-1.9528052529943496e-05
47.74614922984597	-2.0074721146127322e-05
47.789557911582314	-2.056504436495979e-05
47.83296659331866	-2.099286334947617e-05
47.87637527505501	-2.1352208849217957e-05
47.919783956791356	-2.1640005638260545e-05
47.9631926385277	-2.185694243373587e-05
48.00660132026405	-2.200609465784209e-05
48.0500100020004	-2.2090219023104124e-05
48.09341868373674	-2.2109419004344433e-05
48.136827365473096	-2.2060629293430695e-05
48.18023604720944	-2.1939265888681198e-05
48.223644728945786	-2.174214261893917e-05
48.26705341068214	-2.147009697936117e-05
48.31046209241848	-2.112898735252486e-05
48.35387077415483	-2.072856741899831e-05
48.39727945589118	-2.0279694051758557e-05
48.440688137627525	-1.9790960779319383e-05
48.48409681936387	-1.9266008857734412e-05
48.52750550110022	-1.870248958396256e-05
48.57091418283657	-1.8093060049337306e-05
48.61432286457291	-1.74280754578586e-05
48.657731546309265	-1.6699046226305997e-05
48.70114022804561	-1.5901704261314653e-05
48.744548909781955	-1.5037768466511642e-05
48.78795759151831	-1.4115077403186599e-05
48.831366273254645	-1.3146363856565008e-05
48.874774954991	-1.2147298718973715e-05
48.91818363672735	-1.1134430319990896e-05
48.96159231846369	-1.0123403816612864e-05
49.00500100020004	-9.127587426219913e-06
49.04840968193639	-8.157139277754216e-06
49.09181836367273	-7.218644846811173e-06
49.13522704540908	-6.315585533482604e-06
49.178635727145426	-5.449824423065658e-06
49.22204440888177	-4.623885487699264e-06
49.265453090618124	-3.843214206190881e-06
49.30886177235447	-3.1172584877836584e-06
49.352270454090814	-2.458481988234368e-06
49.395679135827166	-1.8793155195477584e-06
49.43908781756351	-1.3881131890776388e-06
49.482496499299856	-9.85811377220841e-07
49.52590518103621	-6.648469078260333e-07
49.56931386277255	-4.1103797613142867e-07
49.6127225445089	-2.079225549338204e-07
49.65613122624525	-4.1964290976165275e-08
49.699539907981595	9.344415644735315e-08
49.74294858971794	1.968228352487722e-07
49.78635727145429	2.6070900411082065e-07
49.82976595319064	2.7600164801896976e-07
49.87317463492698	2.3660918568868539e-07
49.916583316663335	1.4249046217940098e-07
49.95999199839968	0.0
