0.0	-0.8345669133826767
0.043408681736347265	-0.8331666333266652
0.08681736347269453	-0.8261652330466092
0.1302260452090418	-0.8163632726545309
0.17363472694538906	-0.8023604720944189
0.21704340868173633	-0.784156831366273
0.2604520904180836	-0.7617523504700943
0.30386077215443086	-0.7365473094618924
0.3472694538907781	-0.7085417083416683
0.3906781356271254	-0.6763352670534104
0.43408681736347265	-0.6427285457091418
0.4774954990998199	-0.6049209841968395
0.5209041808361672	-0.5643128625725149
0.5643128625725145	-0.5209041808361672
0.6077215443088617	-0.4760952190438088
0.651130226045209	-0.42988597719543886
0.6945389077815562	-0.3808761752350467
0.7379475895179035	-0.33046609321864384
0.7813562712542508	-0.27865573114622944
0.824764952990598	-0.22544508901780347
0.8681736347269453	-0.1722344468893775
0.9115823164632926	-0.11762352470494086
0.9549909981996398	-0.06301260252050422
0.9983996799359871	-0.007001400280056025
1.0418083616723344	0.047609521904380614
1.0852170434086816	0.10082016403280658
1.128625725145029	0.15543108621724322
1.1720344068813762	0.20724144828965763
1.2154430886177234	0.25905181036207203
1.2588517703540707	0.30946189237847577
1.302260452090418	0.35847169433886794
1.3456691338267652	0.404680936187237
1.3890778155631125	0.44948989797959626
1.4324864972994598	0.4914982996599315
1.475895179035807	0.532106421284257
1.5193038607721543	0.5699139827965594
1.5627125425085016	0.6049209841968395
1.6061212242448488	0.6371274254850974
1.649529905981196	0.6665333066613321
1.6929385877175434	0.6931386277255447
1.7363472694538906	0.7155431086217243
1.7797559511902379	0.7365473094618924
1.8231646329265851	0.751950390078016
1.8665733146629324	0.7659531906381272
1.9099819963992797	0.7757551510302063
1.953390678135627	0.7813562712542508
1.9967993598719742	0.784156831366273
2.0402080416083215	0.784156831366273
2.0836167233446687	0.7785557111422285
2.127025405081016	0.770154030806161
2.1704340868173633	0.7589517903580711
2.2138427685537105	0.7435487097419484
2.257251450290058	0.7239447889577919
2.300660132026405	0.7001400280056007
2.3440688137627523	0.6735347069413882
2.3874774954990996	0.6427285457091418
2.430886177235447	0.6091218243648733
2.474294858971794	0.5727145429085816
2.5177035407081414	0.5335067013402677
2.5611122224444887	0.4928985797159431
2.604520904180836	0.44948989797959626
2.647929585917183	0.404680936187237
2.6913382676535305	0.3570714142828564
2.7347469493898777	0.30946189237847577
2.778155631126225	0.2604520904180836
2.8215643128625723	0.21004200840167986
2.8649729945989195	0.159631926385277
2.908381676335267	0.1078215643128626
2.951790358071614	0.0560112022404482
2.9951990398079613	0.005601120224044465
3.0386077215443086	-0.04620924184836994
3.082016403280656	-0.09661932386477279
3.125425085017003	-0.14562912582516496
3.1688337667533504	-0.19463892778555714
3.2122424484896976	-0.24224844968993775
3.255651130226045	-0.28705741148229613
3.299059811962392	-0.3318663732746554
3.3424684936987394	-0.37247449489898
3.3858771754350867	-0.4130826165233046
3.429285857171434	-0.44948989797959626
3.4726945389077812	-0.4844968993798764
3.5161032206441285	-0.5167033406681334
3.5595119023804758	-0.5447089417883575
3.602920584116823	-0.5713142628525709
3.6463292658531703	-0.5937187437487497
3.6897379475895176	-0.6119223844768955
3.733146629325865	-0.6273254650930182
3.776555311062212	-0.6399279855971196
3.8199639927985594	-0.6469293858771756
3.8633726745349066	-0.6511302260452094
3.906781356271254	-0.6525305061012201
3.950190038007601	-0.6497299459891979
3.9935987197439484	-0.6427285457091418
4.037007401480296	-0.6329265853170636
4.080416083216643	-0.6189237847569515
4.123824764952991	-0.6021204240848173
4.1672334466893375	-0.5811162232446492
4.210642128425685	-0.5573114622924589
4.254050810162032	-0.5307061412282454
4.29745949189838	-0.5013002600520107
4.3408681736347265	-0.47049409881976434
4.384276855371074	-0.4354870974194842
4.427685537107421	-0.39907981596319253
4.471094218843769	-0.3612722544508902
4.514502900580116	-0.3206641328265656
4.557911582316463	-0.2800560112022401
4.60132026405281	-0.23804760952190485
4.644728945789158	-0.19463892778555714
4.688137627525505	-0.14982996599319875
4.731546309261852	-0.10642128425685105
4.774954990998199	-0.061612322464492664
4.818363672734547	-0.018203640728145842
4.861772354470894	0.025205041008201867
4.905181036207241	0.06861372274454869
4.948589717943588	0.11062212442488484
4.991998399679936	0.15123024604920943
5.035407081416283	0.19043808761752334
5.0788157631526305	0.22964592918583726
5.122224444888977	0.26605321064212806
5.165633126625325	0.3010602120424082
5.209041808361672	0.3332666533306661
5.25245049009802	0.3640728145629124
5.295859171834366	0.3920784156831365
5.339267853570714	0.41868373674734904
5.382676535307061	0.44248849769954024
5.426085217043409	0.4634926985397083
5.4694938987797554	0.48309661932386483
5.512902580516103	0.49849969993998755
5.55631126225245	0.5125025005000996
5.599719943988798	0.5223044608921787
5.6431286257251445	0.5307061412282454
5.686537307461492	0.5349069813962792
5.729945989197839	0.5377075415083015
5.773354670934187	0.5363072614522908
5.816763352670534	0.5335067013402677
5.860172034406881	0.5279055811162232
5.903580716143228	0.518103620724145
5.946989397879576	0.5069013802760551
5.990398079615923	0.4928985797159431
6.03380676135227	0.4760952190438088
6.077215443088617	0.45789157831566296
6.120624124824965	0.4368873774754949
6.164032806561312	0.4130826165233046
6.207441488297659	0.3878775755151027
6.250850170034006	0.3612722544508902
6.294258851770354	0.3318663732746545
6.337667533506701	0.3010602120424082
6.3810762152430485	0.2688537707541512
6.424484896979395	0.23664732946589329
6.467893578715743	0.20164032806561316
6.51130226045209	0.16663332666533304
6.5547109421884375	0.13022604520904135
6.598119623924784	0.09381876375275056
6.641528305661132	0.05741148229645887
6.684936987397479	0.019603920784156514
6.728345669133827	-0.016803360672134282
6.771754350870173	-0.05321064212842597
6.815163032606521	-0.08961792358471676
6.858571714342868	-0.12462492498499689
6.901980396079216	-0.15823164632926545
6.9453890778155625	-0.19043808761752334
6.98879775955191	-0.22264452890578124
7.032206441288257	-0.252050410082016
7.075615123024605	-0.2800560112022401
7.1190238047609515	-0.30666133226645353
7.162432486497299	-0.33046609321864384
7.205841168233646	-0.3528705741148226
7.249249849969994	-0.37247449489898
7.292658531706341	-0.3892778555711143
7.336067213442688	-0.4046809361872379
7.379475895179035	-0.4172834566913384
7.422884576915383	-0.4284856971394282
7.46629325865173	-0.4354870974194842
7.509701940388077	-0.4410882176435287
7.553110622124424	-0.4438887777555509
7.596519303860772	-0.4438887777555509
7.639927985597119	-0.44248849769954024
7.683336667333466	-0.4368873774754949
7.726745349069813	-0.4312862572514504
7.770154030806161	-0.42148429685937217
7.813562712542508	-0.41028205641128235
7.8569713942788555	-0.39767953590718186
7.900380076015202	-0.38227645529105825
7.94378875775155	-0.3640728145629124
7.987197439487897	-0.34586917383476656
8.030606121224244	-0.32626525305061005
8.074014802960592	-0.3038607721544313
8.117423484696939	-0.28145629125825167
8.160832166433286	-0.2562512502500498
8.204240848169633	-0.2324464892978595
8.247649529905981	-0.20584116823364695
8.291058211642328	-0.17923584716943353
8.334466893378675	-0.152630526105221
8.377875575115022	-0.12462492498499689
8.42128425685137	-0.09801960392078435
8.464692938587717	-0.07001400280056025
8.508101620324064	-0.04200840168033615
8.55151030206041	-0.01540308061612361
8.59491898379676	0.011202240448089817
8.638327665533106	0.03780756151230236
8.681736347269453	0.06301260252050422
8.7251450290058	0.08821764352870609
8.768553710742149	0.11062212442488484
8.811962392478495	0.13442688537707514
8.855371074214842	0.15543108621724322
8.898779755951189	0.1764352870574113
8.942188437687538	0.19463892778555714
8.985597119423884	0.21284256851370298
9.029005801160231	0.22964592918583726
9.072414482896578	0.2436487297459493
9.115823164632927	0.2562512502500498
9.159231846369273	0.2688537707541512
9.20264052810562	0.27865573114622944
9.246049209841967	0.28565713142628546
9.289457891578316	0.2926585317063415
9.332866573314663	0.2968593718743753
9.37627525505101	0.3010602120424082
9.419683936787356	0.30246049209841974
9.463092618523705	0.3010602120424082
9.506501300260052	0.2996599319863975
9.549909981996398	0.2954590918183637
9.593318663732745	0.28985797159431925
9.636727345469094	0.2828565713142632
9.68013602720544	0.27445489097819564
9.723544708941787	0.2646529305861174
9.766953390678134	0.25345069013802757
9.810362072414483	0.24084816963392708
9.85377075415083	0.22684536907381503
9.897179435887177	0.21144228845769142
9.940588117623523	0.1960392078415687
9.983996799359872	0.17923584716943353
10.027405481096219	0.16103220644128857
10.070814162832566	0.14142828565713117
10.114222844568912	0.12322464492898533
10.157631526305261	0.10222044408881814
10.201040208041608	0.08261652330466074
10.244448889777955	0.061612322464492664
10.287857571514301	0.04060812162432459
10.33126625325065	0.019603920784156514
10.374674934986997	-0.0014002800560115602
10.418083616723344	-0.021004200840168075
10.46149229845969	-0.04200840168033615
10.50490098019604	-0.061612322464492664
10.548309661932386	-0.08261652330466074
10.591718343668733	-0.10082016403280658
10.63512702540508	-0.11902380476095242
10.678535707141428	-0.13722744548909827
10.721944388877775	-0.15403080616123255
10.765353070614122	-0.16943388677735527
10.808761752350469	-0.18483696739347888
10.852170434086817	-0.19743948789757937
10.895579115823164	-0.21004200840168075
10.938987797559511	-0.22124424884976968
10.982396479295858	-0.23104620924184882
11.025805161032206	-0.23944788957791552
11.069213842768553	-0.2478495699139831
11.1126225245049	-0.25345069013802757
11.156031206241249	-0.25765153030606136
11.199439887977595	-0.2604520904180836
11.242848569713942	-0.2632526505301058
11.286257251450289	-0.2632526505301058
11.329665933186638	-0.26185237047409515
11.373074614922984	-0.2604520904180836
11.416483296659331	-0.2562512502500498
11.459891978395678	-0.252050410082016
11.503300660132027	-0.24504900980196087
11.546709341868373	-0.23804760952190485
11.59011802360472	-0.22964592918583726
11.633526705341067	-0.22124424884976968
11.676935387077416	-0.21144228845769142
11.720344068813763	-0.2002400480096016
11.76375275055011	-0.18903780756151267
11.807161432286456	-0.1764352870574113
11.850570114022805	-0.1638327665533108
11.893978795759152	-0.14982996599319875
11.937387477495498	-0.1358271654330867
11.980796159231845	-0.12182436487297466
12.024204840968194	-0.10642128425685105
12.06761352270454	-0.092418483696739
12.111022204440888	-0.07701540308061627
12.154430886177234	-0.061612322464492664
12.197839567913583	-0.04620924184836994
12.24124824964993	-0.03220644128825789
12.284656931386277	-0.016803360672134282
12.328065613122623	-0.0028005601120222323
12.371474294858972	0.011202240448089817
12.414882976595319	0.025205041008201867
12.458291658331666	0.03780756151230236
12.501700340068012	0.050410082016402846
12.545109021804361	0.061612322464492664
12.588517703540708	0.07281456291258248
12.631926385277055	0.08261652330466074
12.675335067013402	0.092418483696739
12.71874374874975	0.10082016403280658
12.762152430486097	0.1078215643128626
12.805561112222444	0.11482296459291863
12.84896979395879	0.1204240848169631
12.89237847569514	0.12602520504100845
12.935787157431486	0.13022604520904135
12.979195839167833	0.13302660532106447
13.02260452090418	0.1358271654330867
13.066013202640528	0.13722744548909738
13.109421884376875	0.13722744548909738
13.152830566113222	0.13722744548909738
13.196239247849569	0.1358271654330867
13.239647929585917	0.13302660532106447
13.283056611322264	0.13022604520904135
13.326465293058611	0.12742548509701912
13.369873974794958	0.12322464492898533
13.413282656531306	0.11762352470494086
13.456691338267653	0.1120224044808964
13.500100020004	0.10642128425685105
13.543508701740347	0.09941988397679502
13.586917383476695	0.092418483696739
13.630326065213042	0.0840168033606723
13.673734746949389	0.07561512302460471
13.717143428685736	0.06721344268853802
13.760552110422084	0.05881176235247043
13.803960792158431	0.049009801960392174
13.847369473894778	0.04060812162432459
13.890778155631125	0.030806161232246332
13.934186837367474	0.021004200840168075
13.97759551910382	0.011202240448089817
14.021004200840167	0.0014002800560115602
14.064412882576514	-0.008401680336067585
14.107821564312863	-0.016803360672134282
14.15123024604921	-0.02660532106421254
14.194638927785556	-0.036407281456291685
14.238047609521903	-0.04480896179235838
14.281456291258252	-0.05321064212842597
14.324864972994598	-0.061612322464492664
14.368273654730945	-0.07001400280056025
14.411682336467292	-0.07701540308061627
14.45509101820364	-0.08541708341668297
14.498499699939988	-0.092418483696739
14.541908381676334	-0.09801960392078435
14.585317063412681	-0.10502100420084037
14.62872574514903	-0.11062212442488484
14.672134426885377	-0.11482296459291863
14.715543108621723	-0.1204240848169631
14.75895179035807	-0.12462492498499689
14.802360472094419	-0.12742548509701912
14.845769153830766	-0.13022604520904224
14.889177835567112	-0.13302660532106447
14.93258651730346	-0.13442688537707514
14.975995199039808	-0.1358271654330867
15.019403880776155	-0.1358271654330867
15.062812562512502	-0.1358271654330867
15.106221244248848	-0.1358271654330867
15.149629925985197	-0.13442688537707514
15.193038607721544	-0.13302660532106447
15.23644728945789	-0.1316263252650529
15.279855971194237	-0.12882576515303068
15.323264652930586	-0.12602520504100845
15.366673334666933	-0.12182436487297466
15.41008201640328	-0.11762352470494086
15.453490698139627	-0.11342268453690707
15.496899379875975	-0.10922184436887417
15.540308061612322	-0.10502100420084037
15.583716743348669	-0.09941988397679502
15.627125425085016	-0.09381876375275056
15.670534106821364	-0.08821764352870609
15.713942788557711	-0.08261652330466074
15.757351470294058	-0.07701540308061627
15.800760152030405	-0.07001400280056025
15.844168833766753	-0.06441288257651578
15.8875775155031	-0.05741148229645976
15.930986197239447	-0.051810362072414406
15.974394878975794	-0.04620924184836994
16.017803560712142	-0.03920784156831392
16.061212242448487	-0.033606721344268564
16.104620924184836	-0.0280056011202241
16.148029605921185	-0.021004200840168075
16.19143828765753	-0.01540308061612361
16.234846969393878	-0.009801960392078257
16.278255651130227	-0.005601120224044465
16.321664332866572	0.0
16.36507301460292	0.005601120224044465
16.408481696339265	0.009801960392078257
16.451890378075614	0.01400280056011205
16.495299059811963	0.018203640728145842
16.538707741548308	0.022404480896179635
16.582116423284656	0.02660532106421254
16.625525105021005	0.02940588117623477
16.66893378675735	0.03220644128825789
16.7123424684937	0.035007001400280124
16.755751150230044	0.03780756151230236
16.799159831966392	0.03920784156831392
16.84256851370274	0.04060812162432459
16.885977195439086	0.04200840168033615
16.929385877175434	0.04340868173634682
16.972794558911783	0.04340868173634682
17.016203240648128	0.04480896179235838
17.059611922384477	0.04480896179235838
17.10302060412082	0.04340868173634682
17.14642928585717	0.04340868173634682
17.18983796759352	0.04200840168033615
17.233246649329864	0.04060812162432459
17.276655331066213	0.03920784156831392
17.32006401280256	0.03780756151230236
17.363472694538906	0.036407281456290796
17.406881376275255	0.033606721344268564
17.4502900580116	0.030806161232246332
17.49369873974795	0.0280056011202241
17.537107421484297	0.025205041008201867
17.580516103220642	0.022404480896179635
17.62392478495699	0.018203640728145842
17.66733346669334	0.01540308061612361
17.710742148429684	0.011202240448089817
17.754150830166033	0.008401680336067585
17.797559511902378	0.0042008401680337926
17.840968193638727	0.0
17.884376875375075	-0.0042008401680337926
17.92778555711142	-0.008401680336067585
17.97119423884777	-0.01260252050410049
18.014602920584117	-0.016803360672134282
18.058011602320462	-0.022404480896179635
18.10142028405681	-0.02660532106421254
18.144828965793156	-0.030806161232246332
18.188237647529505	-0.035007001400280124
18.231646329265853	-0.03920784156831392
18.2750550110022	-0.04340868173634771
18.318463692738547	-0.047609521904380614
18.361872374474896	-0.051810362072414406
18.40528105621124	-0.0560112022404482
18.44868973794759	-0.06021204240848199
18.492098419683934	-0.06301260252050422
18.535507101420283	-0.06721344268853802
18.57891578315663	-0.07001400280056025
18.622324464892976	-0.07281456291258248
18.665733146629325	-0.07561512302460471
18.709141828365674	-0.07841568313662695
18.75255051010202	-0.08121624324865007
18.795959191838367	-0.08261652330466074
18.839367873574712	-0.08541708341668297
18.88277655531106	-0.08681736347269453
18.92618523704741	-0.08821764352870609
18.969593918783755	-0.08821764352870609
19.013002600520103	-0.08961792358471676
19.05641128225645	-0.08961792358471676
19.099819963992797	-0.08961792358471676
19.143228645729145	-0.08821764352870609
19.18663732746549	-0.08821764352870609
19.23004600920184	-0.08681736347269453
19.273454690938188	-0.08541708341668297
19.316863372674533	-0.0840168033606723
19.36027205441088	-0.08261652330466074
19.40368073614723	-0.0798159631926385
19.447089417883575	-0.07841568313662695
19.490498099619924	-0.07561512302460471
19.53390678135627	-0.07281456291258248
19.577315463092617	-0.06861372274454869
19.620724144828966	-0.06581316263252646
19.66413282656531	-0.06301260252050422
19.70754150830166	-0.05881176235247043
19.750950190038008	-0.0560112022404482
19.794358871774353	-0.051810362072414406
19.8377675535107	-0.047609521904380614
19.881176235247047	-0.04340868173634771
19.924584916983395	-0.04060812162432459
19.967993598719744	-0.036407281456291685
20.01140228045609	-0.03220644128825789
20.054810962192438	-0.0280056011202241
20.098219643928786	-0.023804760952190307
20.14162832566513	-0.021004200840168075
20.18503700740148	-0.016803360672134282
20.228445689137825	-0.01260252050410049
20.271854370874173	-0.009801960392078257
20.315263052610522	-0.005601120224044465
20.358671734346867	-0.0028005601120222323
20.402080416083216	0.0
20.445489097819564	0.0028005601120222323
20.48889777955591	0.005601120224044465
20.532306461292258	0.008401680336067585
20.575715143028603	0.011202240448089817
20.61912382476495	0.01260252050410049
20.6625325065013	0.01540308061612361
20.705941188237645	0.016803360672134282
20.749349869973994	0.018203640728145842
20.792758551710342	0.019603920784156514
20.836167233446687	0.021004200840168075
20.879575915183036	0.021004200840168075
20.92298459691938	0.022404480896179635
20.96639327865573	0.022404480896179635
21.00980196039208	0.022404480896179635
21.053210642128423	0.021004200840168075
21.096619323864772	0.021004200840168075
21.14002800560112	0.019603920784156514
21.183436687337466	0.019603920784156514
21.226845369073814	0.018203640728145842
21.27025405081016	0.016803360672134282
21.313662732546508	0.01400280056011205
21.357071414282856	0.01260252050410049
21.4004800960192	0.009801960392078257
21.44388877775555	0.008401680336067585
21.4872974594919	0.005601120224044465
21.530706141228244	0.0028005601120222323
21.574114822964592	0.0
21.617523504700937	-0.0028005601120222323
21.660932186437286	-0.007001400280056025
21.704340868173635	-0.009801960392078257
21.74774954990998	-0.01260252050410049
21.791158231646328	-0.016803360672134282
21.834566913382677	-0.019603920784156514
21.877975595119022	-0.023804760952190307
21.92138427685537	-0.02660532106421254
21.964792958591715	-0.030806161232246332
22.008201640328064	-0.033606721344268564
22.051610322064413	-0.036407281456291685
22.095019003800758	-0.04060812162432459
22.138427685537106	-0.04340868173634771
22.181836367273455	-0.04620924184836994
22.2252450490098	-0.049009801960392174
22.26865373074615	-0.051810362072414406
22.312062412482497	-0.05461092218443664
22.355471094218842	-0.05741148229645976
22.39887977595519	-0.06021204240848199
22.442288457691536	-0.061612322464492664
22.485697139427884	-0.06441288257651578
22.529105821164233	-0.06581316263252646
22.572514502900578	-0.06721344268853802
22.615923184636927	-0.06861372274454869
22.659331866373275	-0.07001400280056025
22.70274054810962	-0.07001400280056025
22.74614922984597	-0.07141428285657092
22.789557911582314	-0.07141428285657092
22.832966593318663	-0.07141428285657092
22.87637527505501	-0.07141428285657092
22.919783956791356	-0.07141428285657092
22.963192638527705	-0.07001400280056025
23.006601320264053	-0.07001400280056025
23.0500100020004	-0.06861372274454869
23.093418683736747	-0.06721344268853802
23.136827365473092	-0.06581316263252646
23.18023604720944	-0.06441288257651578
23.22364472894579	-0.061612322464492664
23.267053410682134	-0.06021204240848199
23.310462092418483	-0.05741148229645976
23.35387077415483	-0.0560112022404482
23.397279455891177	-0.05321064212842597
23.440688137627525	-0.050410082016403734
23.48409681936387	-0.047609521904380614
23.52750550110022	-0.04620924184836994
23.570914182836567	-0.04340868173634771
23.614322864572912	-0.04060812162432459
23.65773154630926	-0.03780756151230236
23.70114022804561	-0.035007001400280124
23.744548909781955	-0.03220644128825789
23.787957591518303	-0.02940588117623566
23.83136627325465	-0.02660532106421254
23.874774954990997	-0.023804760952190307
23.918183636727345	-0.021004200840168075
23.96159231846369	-0.018203640728145842
24.00500100020004	-0.01540308061612361
24.048409681936388	-0.01400280056011205
24.091818363672733	-0.011202240448089817
24.13522704540908	-0.009801960392078257
24.178635727145426	-0.007001400280056025
24.222044408881775	-0.005601120224044465
24.265453090618124	-0.0042008401680337926
24.30886177235447	-0.0014002800560115602
24.352270454090817	0.0
24.395679135827166	0.0
24.43908781756351	0.0014002800560115602
24.48249649929986	0.0028005601120222323
24.525905181036205	0.0028005601120222323
24.569313862772553	0.0042008401680337926
24.6127225445089	0.0042008401680337926
24.656131226245247	0.0042008401680337926
24.699539907981595	0.0042008401680337926
24.742948589717944	0.0042008401680337926
24.78635727145429	0.0042008401680337926
24.829765953190638	0.0028005601120222323
24.873174634926983	0.0028005601120222323
24.91658331666333	0.0014002800560115602
24.95999199839968	0.0
25.0	0.03220644128825789
25.04340868173635	0.03220644128825789
25.086817363472694	0.03220644128825789
25.130226045209042	0.03080616123224722
25.173634726945387	0.03080616123224722
25.217043408681736	0.03080616123224722
25.260452090418084	0.02940588117623566
25.30386077215443	0.02940588117623566
25.347269453890778	0.0280056011202241
25.390678135627127	0.026605321064213427
25.43408681736347	0.025205041008201867
25.47749549909982	0.023804760952191195
25.52090418083617	0.022404480896179635
25.564312862572514	0.021004200840168075
25.607721544308863	0.019603920784157403
25.651130226045208	0.01680336067213517
25.694538907781556	0.01540308061612361
25.737947589517905	0.01400280056011205
25.78135627125425	0.011202240448089817
25.8247649529906	0.009801960392079145
25.868173634726944	0.007001400280056025
25.911582316463292	0.005601120224045353
25.95499099819964	0.0042008401680337926
25.998399679935986	0.0014002800560115602
26.041808361672334	0.0
26.085217043408683	-0.0028005601120222323
26.128625725145028	-0.004200840168032904
26.172034406881377	-0.005601120224044465
26.215443088617725	-0.008401680336066697
26.25885177035407	-0.009801960392078257
26.30226045209042	-0.01120224044808893
26.345669133826764	-0.01260252050410049
26.389077815563112	-0.01400280056011205
26.43248649729946	-0.015403080616122722
26.475895179035806	-0.016803360672134282
26.519303860772155	-0.018203640728144954
26.5627125425085	-0.019603920784156514
26.60612122424485	-0.021004200840168075
26.649529905981197	-0.021004200840168075
26.692938587717542	-0.022404480896178747
26.73634726945389	-0.022404480896178747
26.77975595119024	-0.022404480896178747
26.823164632926584	-0.023804760952190307
26.866573314662933	-0.023804760952190307
26.90998199639928	-0.023804760952190307
26.953390678135627	-0.023804760952190307
26.996799359871975	-0.022404480896178747
27.04020804160832	-0.022404480896178747
27.08361672334467	-0.022404480896178747
27.127025405081017	-0.021004200840168075
27.170434086817362	-0.021004200840168075
27.21384276855371	-0.019603920784156514
27.257251450290056	-0.019603920784156514
27.300660132026405	-0.018203640728144954
27.344068813762753	-0.016803360672134282
27.3874774954991	-0.015403080616122722
27.430886177235447	-0.01400280056011205
27.474294858971795	-0.01260252050410049
27.51770354070814	-0.01120224044808893
27.56111222244449	-0.009801960392078257
27.604520904180838	-0.008401680336066697
27.647929585917183	-0.007001400280056025
27.69133826765353	-0.005601120224044465
27.734746949389876	-0.004200840168032904
27.778155631126225	-0.0028005601120222323
27.821564312862574	-0.001400280056010672
27.86497299459892	0.0014002800560115602
27.908381676335267	0.0028005601120231205
27.951790358071612	0.0042008401680337926
27.99519903980796	0.005601120224045353
28.03860772154431	0.007001400280056025
28.082016403280655	0.008401680336067585
28.125425085017003	0.008401680336067585
28.16883376675335	0.009801960392079145
28.212242448489697	0.011202240448089817
28.255651130226045	0.012602520504101378
28.299059811962394	0.01400280056011205
28.34246849369874	0.01400280056011205
28.385877175435088	0.01540308061612361
28.429285857171433	0.01540308061612361
28.47269453890778	0.01680336067213517
28.51610322064413	0.01680336067213517
28.559511902380475	0.01680336067213517
28.602920584116823	0.01680336067213517
28.64632926585317	0.01680336067213517
28.689737947589517	0.018203640728145842
28.733146629325866	0.018203640728145842
28.77655531106221	0.01680336067213517
28.81996399279856	0.01680336067213517
28.863372674534908	0.01680336067213517
28.906781356271253	0.01680336067213517
28.9501900380076	0.01680336067213517
28.99359871974395	0.01540308061612361
29.037007401480295	0.01540308061612361
29.080416083216644	0.01400280056011205
29.123824764952992	0.01400280056011205
29.167233446689337	0.012602520504101378
29.210642128425686	0.012602520504101378
29.25405081016203	0.011202240448089817
29.29745949189838	0.009801960392079145
29.340868173634725	0.009801960392079145
29.384276855371073	0.008401680336067585
29.427685537107422	0.007001400280056025
29.471094218843767	0.007001400280056025
29.514502900580116	0.005601120224045353
29.557911582316464	0.0042008401680337926
29.60132026405281	0.0028005601120231205
29.644728945789158	0.0028005601120231205
29.688137627525506	0.0014002800560115602
29.73154630926185	0.0
29.7749549909982	-0.001400280056010672
29.81836367273455	-0.001400280056010672
29.861772354470894	-0.0028005601120222323
29.905181036207242	-0.004200840168032904
29.948589717943587	-0.004200840168032904
29.991998399679936	-0.005601120224044465
30.03540708141628	-0.005601120224044465
30.07881576315263	-0.007001400280056025
30.122224444888978	-0.007001400280056025
30.165633126625323	-0.008401680336066697
30.209041808361672	-0.008401680336066697
30.25245049009802	-0.009801960392078257
30.295859171834365	-0.009801960392078257
30.339267853570714	-0.009801960392078257
30.382676535307063	-0.01120224044808893
30.426085217043408	-0.01120224044808893
30.469493898779756	-0.01120224044808893
30.512902580516105	-0.01120224044808893
30.55631126225245	-0.01120224044808893
30.5997199439888	-0.01120224044808893
30.643128625725144	-0.01120224044808893
30.686537307461492	-0.01120224044808893
30.729945989197837	-0.01120224044808893
30.773354670934186	-0.01120224044808893
30.816763352670534	-0.009801960392078257
30.86017203440688	-0.009801960392078257
30.903580716143228	-0.009801960392078257
30.946989397879577	-0.009801960392078257
30.99039807961592	-0.008401680336066697
31.03380676135227	-0.008401680336066697
31.07721544308862	-0.007001400280056025
31.120624124824964	-0.007001400280056025
31.164032806561313	-0.007001400280056025
31.20744148829766	-0.005601120224044465
31.250850170034006	-0.005601120224044465
31.294258851770355	-0.004200840168032904
31.3376675335067	-0.004200840168032904
31.38107621524305	-0.0028005601120222323
31.424484896979394	-0.0028005601120222323
31.467893578715742	-0.001400280056010672
31.51130226045209	-0.001400280056010672
31.554710942188436	0.0
31.598119623924784	0.0
31.641528305661133	0.0014002800560115602
31.684936987397478	0.0014002800560115602
31.728345669133827	0.0028005601120231205
31.771754350870175	0.0028005601120231205
31.81516303260652	0.0028005601120231205
31.85857171434287	0.0042008401680337926
31.901980396079217	0.0042008401680337926
31.945389077815562	0.005601120224045353
31.98879775955191	0.005601120224045353
32.03220644128826	0.005601120224045353
32.075615123024605	0.005601120224045353
32.11902380476095	0.007001400280056025
32.1624324864973	0.007001400280056025
32.20584116823365	0.007001400280056025
32.24924984996999	0.007001400280056025
32.29265853170634	0.007001400280056025
32.33606721344269	0.007001400280056025
32.379475895179034	0.007001400280056025
32.42288457691538	0.008401680336067585
32.46629325865173	0.008401680336067585
32.50970194038808	0.008401680336067585
32.55311062212442	0.008401680336067585
32.596519303860774	0.008401680336067585
32.63992798559712	0.007001400280056025
32.683336667333464	0.007001400280056025
32.726745349069816	0.007001400280056025
32.77015403080616	0.007001400280056025
32.813562712542506	0.007001400280056025
32.85697139427886	0.007001400280056025
32.9003800760152	0.007001400280056025
32.94378875775155	0.005601120224045353
32.9871974394879	0.005601120224045353
33.030606121224245	0.005601120224045353
33.07401480296059	0.005601120224045353
33.11742348469694	0.0042008401680337926
33.16083216643329	0.0042008401680337926
33.20424084816963	0.0042008401680337926
33.247649529905985	0.0042008401680337926
33.29105821164233	0.0028005601120231205
33.334466893378675	0.0028005601120231205
33.37787557511502	0.0028005601120231205
33.42128425685137	0.0014002800560115602
33.46469293858772	0.0014002800560115602
33.50810162032406	0.0014002800560115602
33.55151030206041	0.0014002800560115602
33.59491898379676	0.0
33.638327665533104	0.0
33.68173634726945	0.0
33.7251450290058	-0.001400280056010672
33.76855371074215	-0.001400280056010672
33.81196239247849	-0.001400280056010672
33.855371074214844	-0.001400280056010672
33.89877975595119	-0.0028005601120222323
33.942188437687534	-0.0028005601120222323
33.985597119423886	-0.0028005601120222323
34.02900580116023	-0.0028005601120222323
34.072414482896576	-0.0028005601120222323
34.11582316463293	-0.004200840168032904
34.15923184636927	-0.004200840168032904
34.20264052810562	-0.004200840168032904
34.24604920984197	-0.004200840168032904
34.289457891578316	-0.004200840168032904
34.33286657331466	-0.004200840168032904
34.37627525505101	-0.004200840168032904
34.41968393678736	-0.004200840168032904
34.4630926185237	-0.004200840168032904
34.506501300260055	-0.005601120224044465
34.5499099819964	-0.005601120224044465
34.593318663732745	-0.005601120224044465
34.6367273454691	-0.004200840168032904
34.68013602720544	-0.004200840168032904
34.72354470894179	-0.004200840168032904
34.76695339067813	-0.004200840168032904
34.810362072414485	-0.004200840168032904
34.85377075415083	-0.004200840168032904
34.897179435887175	-0.004200840168032904
34.94058811762352	-0.004200840168032904
34.98399679935987	-0.004200840168032904
35.02740548109622	-0.004200840168032904
35.07081416283256	-0.0028005601120222323
35.114222844568914	-0.0028005601120222323
35.15763152630526	-0.0028005601120222323
35.201040208041604	-0.0028005601120222323
35.244448889777956	-0.0028005601120222323
35.2878575715143	-0.001400280056010672
35.33126625325065	-0.001400280056010672
35.374674934987	-0.001400280056010672
35.418083616723344	-0.001400280056010672
35.46149229845969	0.0
35.50490098019604	0.0
35.548309661932386	0.0
35.59171834366873	0.0
35.63512702540508	0.0
35.67853570714143	0.0014002800560115602
35.72194438887777	0.0014002800560115602
35.765353070614125	0.0014002800560115602
35.80876175235047	0.0014002800560115602
35.852170434086815	0.0028005601120231205
35.89557911582317	0.0028005601120231205
35.93898779755951	0.0028005601120231205
35.98239647929586	0.0028005601120231205
36.02580516103221	0.0028005601120231205
36.069213842768555	0.0028005601120231205
36.1126225245049	0.0042008401680337926
36.15603120624125	0.0042008401680337926
36.1994398879776	0.0042008401680337926
36.24284856971394	0.0042008401680337926
36.28625725145029	0.0042008401680337926
36.32966593318664	0.0042008401680337926
36.373074614922984	0.0042008401680337926
36.41648329665933	0.0042008401680337926
36.459891978395675	0.0042008401680337926
36.50330066013203	0.0042008401680337926
36.54670934186837	0.0042008401680337926
36.59011802360472	0.0042008401680337926
36.63352670534107	0.0042008401680337926
36.676935387077414	0.0042008401680337926
36.72034406881376	0.0042008401680337926
36.76375275055011	0.0042008401680337926
36.807161432286456	0.0042008401680337926
36.8505701140228	0.0042008401680337926
36.89397879575915	0.0042008401680337926
36.9373874774955	0.0042008401680337926
36.98079615923184	0.0042008401680337926
37.024204840968196	0.0028005601120231205
37.06761352270454	0.0028005601120231205
37.111022204440886	0.0028005601120231205
37.15443088617724	0.0028005601120231205
37.19783956791358	0.0028005601120231205
37.24124824964993	0.0028005601120231205
37.28465693138628	0.0014002800560115602
37.328065613122625	0.0014002800560115602
37.37147429485897	0.0014002800560115602
37.41488297659532	0.0014002800560115602
37.45829165833167	0.0014002800560115602
37.50170034006801	0.0
37.545109021804365	0.0
37.58851770354071	0.0
37.631926385277055	0.0
37.6753350670134	0.0
37.71874374874975	-0.001400280056010672
37.7621524304861	-0.001400280056010672
37.80556111222244	-0.001400280056010672
37.84896979395879	-0.001400280056010672
37.89237847569514	-0.001400280056010672
37.935787157431484	-0.0028005601120222323
37.97919583916783	-0.0028005601120222323
38.02260452090418	-0.0028005601120222323
38.06601320264053	-0.0028005601120222323
38.10942188437687	-0.0028005601120222323
38.152830566113224	-0.0028005601120222323
38.19623924784957	-0.0028005601120222323
38.239647929585914	-0.0028005601120222323
38.283056611322266	-0.0028005601120222323
38.32646529305861	-0.0028005601120222323
38.369873974794956	-0.0028005601120222323
38.41328265653131	-0.0028005601120222323
38.45669133826765	-0.0028005601120222323
38.500100020004	-0.0028005601120222323
38.54350870174035	-0.0028005601120222323
38.586917383476695	-0.0028005601120222323
38.63032606521304	-0.0028005601120222323
38.67373474694939	-0.0028005601120222323
38.71714342868574	-0.0028005601120222323
38.76055211042208	-0.0028005601120222323
38.803960792158435	-0.0028005601120222323
38.84736947389478	-0.0028005601120222323
38.890778155631125	-0.0028005601120222323
38.93418683736748	-0.0028005601120222323
38.97759551910382	-0.001400280056010672
39.02100420084017	-0.001400280056010672
39.06441288257651	-0.001400280056010672
39.107821564312864	-0.001400280056010672
39.15123024604921	-0.001400280056010672
39.194638927785554	-0.001400280056010672
39.2380476095219	0.0
39.28145629125825	0.0
39.3248649729946	0.0
39.36827365473094	0.0
39.411682336467294	0.0
39.45509101820364	0.0
39.498499699939984	0.0014002800560115602
39.541908381676336	0.0014002800560115602
39.58531706341268	0.0014002800560115602
39.628725745149026	0.0014002800560115602
39.67213442688538	0.0014002800560115602
39.71554310862172	0.0014002800560115602
39.75895179035807	0.0028005601120231205
39.80236047209442	0.0028005601120231205
39.845769153830766	0.0028005601120231205
39.88917783556711	0.0028005601120231205
39.93258651730346	0.0028005601120231205
39.97599519903981	0.0028005601120231205
40.01940388077615	0.0028005601120231205
40.062812562512505	0.0028005601120231205
40.10622124424885	0.0028005601120231205
40.149629925985195	0.0028005601120231205
40.19303860772155	0.0028005601120231205
40.23644728945789	0.0028005601120231205
40.27985597119424	0.0028005601120231205
40.32326465293059	0.0028005601120231205
40.366673334666935	0.0028005601120231205
40.41008201640328	0.0028005601120231205
40.453490698139625	0.0028005601120231205
40.49689937987598	0.0028005601120231205
40.54030806161232	0.0028005601120231205
40.58371674334867	0.0028005601120231205
40.62712542508501	0.0028005601120231205
40.670534106821364	0.0028005601120231205
40.71394278855771	0.0028005601120231205
40.757351470294054	0.0028005601120231205
40.800760152030406	0.0028005601120231205
40.84416883376675	0.0028005601120231205
40.8875775155031	0.0014002800560115602
40.93098619723945	0.0014002800560115602
40.974394878975794	0.0014002800560115602
41.01780356071214	0.0014002800560115602
41.06121224244849	0.0014002800560115602
41.104620924184836	0.0014002800560115602
41.14802960592118	0.0014002800560115602
41.19143828765753	0.0
41.23484696939388	0.0
41.27825565113022	0.0
41.321664332866575	0.0
41.36507301460292	0.0
41.408481696339265	0.0
41.45189037807562	0.0
41.49529905981196	-0.001400280056010672
41.53870774154831	-0.001400280056010672
41.58211642328466	-0.001400280056010672
41.625525105021005	-0.001400280056010672
41.66893378675735	-0.001400280056010672
41.7123424684937	-0.001400280056010672
41.75575115023004	-0.001400280056010672
41.79915983196639	-0.001400280056010672
41.842568513702744	-0.001400280056010672
41.88597719543908	-0.001400280056010672
41.929385877175434	-0.001400280056010672
41.97279455891179	-0.001400280056010672
42.016203240648125	-0.001400280056010672
42.05961192238448	-0.0028005601120222323
42.10302060412082	-0.0028005601120222323
42.14642928585717	-0.0028005601120222323
42.18983796759352	-0.0028005601120222323
42.233246649329864	-0.0028005601120222323
42.27665533106621	-0.001400280056010672
42.32006401280256	-0.001400280056010672
42.363472694538906	-0.001400280056010672
42.40688137627525	-0.001400280056010672
42.4502900580116	-0.001400280056010672
42.49369873974795	-0.001400280056010672
42.53710742148429	-0.001400280056010672
42.580516103220646	-0.001400280056010672
42.62392478495699	-0.001400280056010672
42.667333466693336	-0.001400280056010672
42.71074214842969	-0.001400280056010672
42.75415083016603	-0.001400280056010672
42.79755951190238	-0.001400280056010672
42.84096819363873	-0.001400280056010672
42.884376875375075	0.0
42.92778555711142	0.0
42.97119423884777	0.0
43.01460292058412	0.0
43.05801160232046	0.0
43.101420284056815	0.0
43.14482896579315	0.0
43.188237647529505	0.0
43.23164632926586	0.0
43.275055011002195	0.0014002800560115602
43.31846369273855	0.0014002800560115602
43.3618723744749	0.0014002800560115602
43.40528105621124	0.0014002800560115602
43.44868973794759	0.0014002800560115602
43.492098419683934	0.0014002800560115602
43.53550710142028	0.0014002800560115602
43.57891578315663	0.0014002800560115602
43.622324464892976	0.0014002800560115602
43.66573314662932	0.0014002800560115602
43.709141828365674	0.0014002800560115602
43.75255051010202	0.0014002800560115602
43.795959191838364	0.0014002800560115602
43.839367873574716	0.0014002800560115602
43.88277655531106	0.0014002800560115602
43.926185237047406	0.0014002800560115602
43.96959391878376	0.0014002800560115602
44.0130026005201	0.0014002800560115602
44.05641128225645	0.0014002800560115602
44.0998199639928	0.0014002800560115602
44.143228645729145	0.0014002800560115602
44.18663732746549	0.0014002800560115602
44.23004600920184	0.0014002800560115602
44.27345469093819	0.0014002800560115602
44.31686337267453	0.0014002800560115602
44.360272054410885	0.0014002800560115602
44.40368073614723	0.0014002800560115602
44.447089417883575	0.0014002800560115602
44.49049809961993	0.0014002800560115602
44.533906781356265	0.0014002800560115602
44.57731546309262	0.0014002800560115602
44.62072414482897	0.0014002800560115602
44.66413282656531	0.0014002800560115602
44.70754150830166	0.0014002800560115602
44.75095019003801	0.0014002800560115602
44.79435887177435	0.0
44.8377675535107	0.0
44.88117623524705	0.0
44.92458491698339	0.0
44.967993598719744	0.0
45.01140228045609	0.0
45.054810962192434	0.0
45.098219643928786	0.0
45.14162832566513	0.0
45.185037007401476	0.0
45.22844568913783	0.0
45.27185437087417	0.0
45.31526305261052	0.0
45.35867173434687	0.0
45.402080416083216	-0.001400280056010672
45.44548909781956	-0.001400280056010672
45.48889777955591	-0.001400280056010672
45.53230646129226	-0.001400280056010672
45.5757151430286	-0.001400280056010672
45.619123824764955	-0.001400280056010672
45.6625325065013	-0.001400280056010672
45.705941188237645	-0.001400280056010672
45.749349869974	-0.001400280056010672
45.79275855171034	-0.001400280056010672
45.83616723344669	-0.001400280056010672
45.87957591518304	-0.001400280056010672
45.92298459691938	-0.001400280056010672
45.96639327865573	-0.001400280056010672
46.00980196039208	-0.001400280056010672
46.05321064212842	-0.001400280056010672
46.09661932386477	-0.001400280056010672
46.140028005601124	-0.001400280056010672
46.18343668733746	-0.001400280056010672
46.226845369073814	-0.001400280056010672
46.27025405081016	-0.001400280056010672
46.313662732546504	-0.001400280056010672
46.357071414282856	0.0
46.4004800960192	0.0
46.44388877775555	0.0
46.4872974594919	0.0
46.530706141228244	0.0
46.57411482296459	0.0
46.61752350470094	0.0
46.660932186437286	0.0
46.70434086817363	0.0
46.74774954990998	0.0
46.79115823164633	0.0
46.83456691338267	0.0
46.877975595119025	0.0
46.92138427685537	0.0
46.964792958591715	0.0
47.00820164032807	0.0
47.05161032206441	0.0
47.09501900380076	0.0
47.13842768553711	0.0014002800560115602
47.181836367273455	0.0014002800560115602
47.2252450490098	0.0014002800560115602
47.26865373074615	0.0014002800560115602
47.3120624124825	0.0014002800560115602
47.35547109421884	0.0014002800560115602
47.398879775955194	0.0014002800560115602
47.44228845769153	0.0014002800560115602
47.485697139427884	0.0014002800560115602
47.52910582116424	0.0014002800560115602
47.572514502900574	0.0014002800560115602
47.61592318463693	0.0014002800560115602
47.65933186637328	0.0014002800560115602
47.70274054810962	0.0014002800560115602
47.74614922984597	0.0014002800560115602
47.789557911582314	0.0014002800560115602
47.83296659331866	0.0014002800560115602
47.87637527505501	0.0014002800560115602
47.919783956791356	0.0014002800560115602
47.9631926385277	0.0014002800560115602
48.00660132026405	0.0014002800560115602
48.0500100020004	0.0014002800560115602
48.09341868373674	0.0014002800560115602
48.136827365473096	0.0014002800560115602
48.18023604720944	0.0014002800560115602
48.223644728945786	0.0014002800560115602
48.26705341068214	0.0014002800560115602
48.31046209241848	0.0
48.35387077415483	0.0
48.39727945589118	0.0
48.440688137627525	0.0
48.48409681936387	0.0
48.52750550110022	0.0
48.57091418283657	0.0
48.61432286457291	0.0
48.657731546309265	0.0
48.70114022804561	0.0
48.744548909781955	0.0
48.78795759151831	0.0
48.831366273254645	0.0
48.874774954991	0.0
48.91818363672735	0.0
48.96159231846369	0.0
49.00500100020004	0.0
49.04840968193639	0.0
49.09181836367273	0.0
49.13522704540908	0.0
49.178635727145426	0.0
49.22204440888177	0.0
49.265453090618124	0.0
49.30886177235447	0.0
49.352270454090814	0.0
49.395679135827166	0.0
49.43908781756351	0.0
49.482496499299856	0.0
49.52590518103621	0.0
49.56931386277255	0.0
49.6127225445089	0.0
49.65613122624525	0.0
49.699539907981595	0.0
49.74294858971794	0.0
49.78635727145429	0.0
49.82976595319064	0.0
49.87317463492698	0.0
49.916583316663335	0.0
49.95999199839968	0.0
