0.0	0.0287792217704964
0.043408681736347265	0.02860741306154124
0.08681736347269453	0.028088591503031935
0.1302260452090418	0.027245499823933404
0.17363472694538906	0.02611092326163433
0.21704340868173633	0.02472520241272026
0.2604520904180836	0.023133425472667193
0.30386077215443086	0.021382613432751
0.3472694538907781	0.019519167599579734
0.3906781356271254	0.017586771751274027
0.43408681736347265	0.01562485146312809
0.4774954990998199	0.013667609378104382
0.5209041808361672	0.01174359062194676
0.5643128625725145	0.009875693427845191
0.6077215443088617	0.008081528492449707
0.651130226045209	0.006374055157360486
0.6945389077815562	0.004762573760643624
0.7379475895179035	0.003255126093603882
0.7813562712542508	0.0018607864018185677
0.824764952990598	0.0005662408955489986
0.8681736347269453	-0.0006695671160833229
0.9115823164632926	-0.0018413475145435364
0.9549909981996398	-0.0029172828344616215
0.9983996799359871	-0.0038907995122483517
1.0418083616723344	-0.004770909480941103
1.0852170434086816	-0.005566936204256901
1.128625725145029	-0.006285967491899334
1.1720344068813762	-0.006933762463488886
1.2154430886177234	-0.00751534133819582
1.2588517703540707	-0.008035198774592491
1.302260452090418	-0.008497383299975722
1.3456691338267652	-0.008905535422081912
1.3890778155631125	-0.00926291222954764
1.4324864972994598	-0.009572407304979606
1.475895179035807	-0.00983656890580405
1.5193038607721543	-0.010057617320232476
1.5627125425085016	-0.010237461558644757
1.6061212242448488	-0.010377715291858677
1.649529905981196	-0.010479711900292132
1.6929385877175434	-0.010544518532009179
1.7363472694538906	-0.010572949132823277
1.7797559511902379	-0.010565576487346049
1.8231646329265851	-0.01052274338864123
1.8665733146629324	-0.010444573134576132
1.9099819963992797	-0.01033097963251206
1.953390678135627	-0.01018167748336343
1.9967993598719742	-0.009996192514351559
2.0402080416083215	-0.009773873339696456
2.0836167233446687	-0.009513904651703533
2.127025405081016	-0.009215323081205356
2.1704340868173633	-0.008877036613823332
2.2138427685537105	-0.008497848701849699
2.257251450290058	-0.008076488361878381
2.300660132026405	-0.007611647681820492
2.3440688137627523	-0.007102028257081238
2.3874774954990996	-0.006546398105855576
2.430886177235447	-0.005943660542294806
2.474294858971794	-0.005292936276619212
2.5177035407081414	-0.004593659631036556
2.5611122224444887	-0.003845689183356836
2.604520904180836	-0.0030494323467057417
2.647929585917183	-0.002205982320917857
2.6913382676535305	-0.0013172644607907028
2.7347469493898777	-0.00038618736478650273
2.778155631126225	0.0005832081116984092
2.8215643128625723	0.001585611114423395
2.8649729945989195	0.0026143259901125725
2.908381676335267	0.003661194255258283
2.951790358071614	0.004716568740844983
2.9951990398079613	0.005769356134348511
3.0386077215443086	0.006807143024361816
3.082016403280656	0.007816415397534155
3.125425085017003	0.008782872316046141
3.1688337667533504	0.009691824795928488
3.2122424484896976	0.010528663776040784
3.255651130226045	0.011279375424832223
3.299059811962392	0.011931075385526322
3.3424684936987394	0.012472526341607063
3.3858771754350867	0.012894598926829915
3.429285857171434	0.013190637882258435
3.4726945389077812	0.013356704289386515
3.5161032206441285	0.013391678688554207
3.5595119023804758	0.013297225425911368
3.602920584116823	0.013077632159093622
3.6463292658531703	0.012739547709749176
3.6897379475895176	0.012291645682643838
3.733146629325865	0.01174424129220707
3.776555311062212	0.011108886219220963
3.8199639927985594	0.010397962563078584
3.8633726745349066	0.00962429302623075
3.906781356271254	0.00880078077354755
3.950190038007601	0.007940089010431566
3.9935987197439484	0.00705436717076011
4.037007401480296	0.006155027682821897
4.080416083216643	0.005252574637280183
4.123824764952991	0.004356483392639814
4.1672334466893375	0.0034751282714175283
4.210642128425685	0.0026157540230979243
4.254050810162032	0.0017844856201217306
4.29745949189838	0.0009863701682002249
4.3408681736347265	0.0002254442292381545
4.384276855371074	-0.0004951803167289708
4.427685537107421	-0.0011732185585743918
4.471094218843769	-0.0018071090625041905
4.514502900580116	-0.0023959095671497663
4.557911582316463	-0.0029391952456625653
4.60132026405281	-0.00343696103100144
4.644728945789158	-0.003889527761023824
4.688137627525505	-0.004297451059734631
4.731546309261852	-0.0046614328558566565
4.774954990998199	-0.004982238885874551
4.818363672734547	-0.0052606310163086645
4.861772354470894	-0.0054973285285026055
4.905181036207241	-0.0056930135416429495
4.948589717943588	-0.0058483878656325
4.991998399679936	-0.005964269717921307
5.035407081416283	-0.006041693662877112
5.0788157631526305	-0.006081959778488379
5.122224444888977	-0.006086586664647314
5.165633126625325	-0.006057165108225619
5.209041808361672	-0.005995166734038469
5.25245049009802	-0.0059017956599165915
5.295859171834366	-0.005777952415351423
5.339267853570714	-0.005624318908006517
5.382676535307061	-0.005441513385303028
5.426085217043409	-0.005230242257145527
5.4694938987797554	-0.004991396213483785
5.512902580516103	-0.004726077922507652
5.55631126225245	-0.0044355788418126325
5.599719943988798	-0.0041213283084455335
5.6431286257251445	-0.003784821787588967
5.686537307461492	-0.003427506553792415
5.729945989197839	-0.003050562744528789
5.773354670934187	-0.0026544475195274253
5.816763352670534	-0.002237949164872813
5.860172034406881	-0.0017964109707265252
5.903580716143228	-0.0013192712085079716
5.946989397879576	-0.0007896628432113723
5.990398079615923	-0.00019452227576787287
6.03380676135227	0.00044800256995659177
6.077215443088617	0.0010704834959401367
6.120624124824965	0.0015939675655347423
6.164032806561312	0.0019841299974945846
6.207441488297659	0.0022540863017312673
6.250850170034006	0.002434252697806994
6.294258851770354	0.0025521562238566553
6.337667533506701	0.0026272171599962743
6.3810762152430485	0.0026718201268201916
6.424484896979395	0.002693508537154672
6.467893578715743	0.0026967721159416244
6.51130226045209	0.002684258550255496
6.5547109421884375	0.002657551480870969
6.598119623924784	0.002617665306101847
6.641528305661132	0.0025653588063474474
6.684936987397479	0.0025013252332734895
6.728345669133827	0.002426288777270403
6.771754350870173	0.002341030603931763
6.815163032606521	0.0022463817769318196
6.858571714342868	0.0021432410597840186
6.901980396079216	0.0020326702035332635
6.9453890778155625	0.001916059909857385
6.98879775955191	0.0017952695176297016
7.032206441288257	0.0016726066633861447
7.075615123024605	0.0015505920749252326
7.1190238047609515	0.0014315974975255726
7.162432486497299	0.0013175270273031413
7.205841168233646	0.0012096713158121393
7.249249849969994	0.0011087502945948263
7.292658531706341	0.001015065118893363
7.336067213442688	0.0009286558371693274
7.379475895179035	0.0008493987845926837
7.422884576915383	0.0007770339175833564
7.46629325865173	0.0007111485289526126
7.509701940388077	0.0006511465766994989
7.553110622124424	0.0005962098979900438
7.596519303860772	0.000545222342398996
7.639927985597119	0.0004965973929884453
7.683336667333466	0.0004479807881150044
7.726745349069813	0.0003960376761170427
7.770154030806161	0.0003369900209515865
7.813562712542508	0.00026847536181032194
7.8569713942788555	0.00019182187141962917
7.900380076015202	0.00011264873576121923
7.94378875775155	3.9099326044771815e-05
7.987197439487897	-2.079450012446374e-05
8.030606121224244	-6.094703695435841e-05
8.074014802960592	-7.781172801808733e-05
8.117423484696939	-7.015125876121825e-05
8.160832166433286	-3.850823667413475e-05
8.204240848169633	1.5311251711079554e-05
8.247649529905981	8.86266984374412e-05
8.291058211642328	0.0001781362508979853
8.334466893378675	0.0002800648530145791
8.377875575115022	0.00039024700603400644
8.42128425685137	0.0005041819134578435
8.464692938587717	0.000617095115587947
8.508101620324064	0.0007240364389602162
8.55151030206041	0.0008200368971989537
8.59491898379676	0.000900334042269052
8.638327665533106	0.0009606552208243219
8.681736347269453	0.0009975247422698598
8.7251450290058	0.0010085422128050664
8.768553710742149	0.00099257452846482
8.811962392478495	0.0009498181167360772
8.855371074214842	0.0008817174122473931
8.898779755951189	0.0007907592784172877
8.942188437687538	0.0006801885114435385
8.985597119423884	0.0005536989145801217
9.029005801160231	0.0004151477789939226
9.072414482896578	0.00026832504719752
9.115823164632927	0.00011678971937498228
9.159231846369273	-3.6229077450464914e-05
9.20264052810562	-0.0001878781245006518
9.246049209841967	-0.0003356885768209042
9.289457891578316	-0.00047756177167131153
9.332866573314663	-0.0006117447540535878
9.37627525505101	-0.0007368046826288291
9.419683936787356	-0.0008516082767946395
9.463092618523705	-0.000955310020472968
9.506501300260052	-0.001047350868939298
9.549909981996398	-0.0011274673139150919
9.593318663732745	-0.0011957082780398795
9.636727345469094	-0.0012524539580572383
9.68013602720544	-0.001298426524642942
9.723544708941787	-0.0013346787854727586
9.766953390678134	-0.001362546117586301
9.810362072414483	-0.0013835521221440931
9.85377075415083	-0.0013992706320122839
9.897179435887177	-0.0014111629398526823
9.940588117623523	-0.00142042253998894
9.983996799359872	-0.0014278630800179902
10.027405481096219	-0.0014338758031340014
10.070814162832566	-0.0014384640563815526
10.114222844568912	-0.0014413417273707214
10.157631526305261	-0.0014420664179216718
10.201040208041608	-0.0014401704349328616
10.244448889777955	-0.001435254441769309
10.287857571514301	-0.0014270196738676091
10.33126625325065	-0.001415233076395371
10.374674934986997	-0.0013996406785400997
10.418083616723344	-0.0013798605104181003
10.46149229845969	-0.0013552908234055888
10.50490098019604	-0.0013250609266973468
10.548309661932386	-0.0012880355915868627
10.591718343668733	-0.0012428677126715866
10.63512702540508	-0.001188083870121582
10.678535707141428	-0.0011221852070228931
10.721944388877775	-0.0010437494790483254
10.765353070614122	-0.0009515258195787607
10.808761752350469	-0.0008445189497001161
10.852170434086817	-0.0007220628711932138
10.895579115823164	-0.0005838852362500847
10.938987797559511	-0.0004301629029211003
10.982396479295858	-0.0002615672209450408
11.025805161032206	-7.929506033002229e-05
11.069213842768553	0.00011492064439226277
11.1126225245049	0.0003188280721641949
11.156031206241249	0.0005297076229728616
11.199439887977595	0.0007444596762581981
11.242848569713942	0.000959726071097549
11.286257251450289	0.001172035802277288
11.329665933186638	0.001377960002074411
11.373074614922984	0.001574259171987804
11.416483296659331	0.0017580078872352217
11.459891978395678	0.0019266879387913154
11.503300660132027	0.002078247684490546
11.546709341868373	0.0022111306821165876
11.59011802360472	0.0023242790634115593
11.633526705341067	0.0024171167205060268
11.676935387077416	0.0024895154489216025
11.720344068813763	0.002541745290526594
11.76375275055011	0.0025744096743116583
11.807161432286456	0.002588367015826973
11.850570114022805	0.0025846427882881655
11.893978795759152	0.0025643387221359094
11.937387477495498	0.0025285476838331107
11.980796159231845	0.002478283299970359
12.024204840968194	0.0024144324275045745
12.06761352270454	0.0023377363009510835
12.111022204440888	0.0022488026882865157
12.154430886177234	0.002148146508573312
12.197839567913583	0.0020362501500720102
12.24124824964993	0.0019136282570747093
12.284656931386277	0.001780877625253821
12.328065613122623	0.00163869431095608
12.371474294858972	0.0014878487742002802
12.414882976595319	0.001329123907563668
12.458291658331666	0.0011632349967620609
12.501700340068012	0.0009907594462432827
12.545109021804361	0.0008121044345256109
12.588517703540708	0.0006275327319045128
12.631926385277055	0.00043725282703172344
12.675335067013402	0.00024156200437347453
12.71874374874975	4.1013643662008575e-05
12.762152430486097	-0.00016343206029371254
12.805561112222444	-0.00037031567608747026
12.84896979395879	-0.0005776728887847728
12.89237847569514	-0.0007831201669034511
12.935787157431486	-0.000984011152202556
12.979195839167833	-0.0011776270791844096
13.02260452090418	-0.0013613623654528187
13.066013202640528	-0.0015328760090424845
13.109421884376875	-0.0016901940670290341
13.152830566113222	-0.0018317619540350431
13.196239247849569	-0.0019564541412806676
13.239647929585917	-0.0020635526185696224
13.283056611322264	-0.002152705521222719
13.326465293058611	-0.0022238753646469135
13.369873974794958	-0.0022772837600127764
13.413282656531306	-0.0023133571211371926
13.456691338267653	-0.0023326760558376146
13.500100020004	-0.002335929915414609
13.543508701740347	-0.002323877261111107
13.586917383476695	-0.002297312644829186
13.630326065213042	-0.002257039927967209
13.673734746949389	-0.002203852231202553
13.717143428685736	-0.0021385184218923707
13.760552110422084	-0.0020617757766317607
13.803960792158431	-0.001974328148646131
13.847369473894778	-0.0018768487106206391
13.890778155631125	-0.0017699862080076262
13.934186837367474	-0.0016543736559032213
13.97759551910382	-0.0015306384825914676
14.021004200840167	-0.0013994131824157721
14.064412882576514	-0.0012613455625649465
14.107821564312863	-0.0011171077179767605
14.15123024604921	-0.0009674030550111123
14.194638927785556	-0.0008129710483712888
14.238047609521903	-0.0006545898515821422
14.281456291258252	-0.00049307718963627
14.324864972994598	-0.00032929000563368047
14.368273654730945	-0.00016412315035188585
14.411682336467292	1.492833507872604e-06
14.45509101820364	0.00016659492207637613
14.498499699939988	0.00033019193104222994
14.541908381676334	0.0004912700493513757
14.585317063412681	0.0006487997068155317
14.62872574514903	0.0008017439323481958
14.672134426885377	0.000949068353990664
14.715543108621723	0.001089752913468172
14.75895179035807	0.0012228052377857845
14.802360472094419	0.001347275457948511
14.845769153830766	0.0014622720873025616
14.889177835567112	0.001566978358647244
14.93258651730346	0.001660668208655701
14.975995199039808	0.0017427209783883284
15.019403880776155	0.0018126339343543484
15.062812562512502	0.0018700318839051239
15.106221244248848	0.0019146733758172128
15.149629925985197	0.0019464531684498312
15.193038607721544	0.001965400801096147
15.23644728945789	0.0019716752565846624
15.279855971194237	0.001965555902517166
15.323264652930586	0.0019474301583540798
15.366673334666933	0.0019177786062385092
15.41008201640328	0.0018771584540267158
15.453490698139627	0.0018261863138349134
15.496899379875975	0.001765521213849118
15.540308061612322	0.001695848699323193
15.583716743348669	0.001617866833229311
15.627125425085016	0.0015322748213344034
15.670534106821364	0.0014397647857151384
15.713942788557711	0.0013410168947394392
15.757351470294058	0.001236697711321056
15.800760152030405	0.0011274613408100154
15.844168833766753	0.0010139527773783026
15.8875775155031	0.0008968127258276067
15.930986197239447	0.0007766830681224593
15.974394878975794	0.0006542120621129029
16.017803560712142	0.0005300583801642091
16.061212242448487	0.00040489329121676243
16.104620924184836	0.00027940064687540997
16.148029605921185	0.00015427473144920614
16.19143828765753	3.0216329842402967e-05
16.234846969393878	-9.207251885984605e-05
16.278255651130227	-0.00021189464721242668
16.321664332866572	-0.000328564420216608
16.36507301460292	-0.0004414146647657956
16.408481696339265	-0.0005498036477410116
16.451890378075614	-0.0006531219076222131
16.495299059811963	-0.0007507987560341246
16.538707741548308	-0.0008423082632835338
16.582116423284656	-0.0009271745313503277
16.625525105021005	-0.00100497606201546
16.66893378675735	-0.001075349076866329
16.7123424684937	-0.0011379897511239918
16.755751150230044	-0.0011926554583561247
16.799159831966392	-0.0012391652316114318
16.84256851370274	-0.0012773996740060058
16.885977195439086	-0.0013073004812676169
16.929385877175434	-0.0013288696009934702
16.972794558911783	-0.001342167907118448
17.016203240648128	-0.0013473131708462878
17.059611922384477	-0.0013444771027670728
17.10302060412082	-0.0013338813493062283
17.14642928585717	-0.0013157925460151355
17.18983796759352	-0.001290516801394883
17.233246649329864	-0.001258394180762238
17.276655331066213	-0.0012197937259963362
17.32006401280256	-0.0011751091969355656
17.363472694538906	-0.0011247551230399201
17.406881376275255	-0.0010691621480023658
17.4502900580116	-0.0010087703553791003
17.49369873974795	-0.000944019534702939
17.537107421484297	-0.0008753362375022028
17.580516103220642	-0.0008031187696403361
17.62392478495699	-0.0007277225487356785
17.66733346669334	-0.0006494490601491876
17.710742148429684	-0.0005685416792592587
17.754150830166033	-0.00048519089196382564
17.797559511902378	-0.00039955017390438594
17.840968193638727	-0.0003117622548580723
17.884376875375075	-0.0002219938539982924
17.92778555711142	-0.00013047528974719294
17.97119423884777	-3.753978878275749e-05
18.014602920584117	5.634381483651113e-05
18.058011602320462	0.00015055151777149112
18.10142028405681	0.0002443031709376195
18.144828965793156	0.00033668306149377616
18.188237647529505	0.0004266814321417754
18.231646329265853	0.0005132522753208621
18.2750550110022	0.000595379259140584
18.318463692738547	0.0006721398153862052
18.361872374474896	0.0007427579561124671
18.40528105621124	0.0008066391681990706
18.44868973794759	0.0008633847961119316
18.492098419683934	0.0009127873155972063
18.535507101420283	0.0009548107438544506
18.57891578315663	0.0009895616871021876
18.622324464892976	0.001017256368759701
18.665733146629325	0.0010381879212618753
18.709141828365674	0.0010526968190106359
18.75255051010202	0.0010611460015751903
18.795959191838367	0.001063901210624777
18.839367873574712	0.0010613163930798739
18.88277655531106	0.001053723649666341
18.92618523704741	0.0010414270364860027
18.969593918783755	0.001024699473761933
19.013002600520103	0.0010037820342676217
19.05641128225645	0.000978884963658052
19.099819963992797	0.0009501899279246925
19.143228645729145	0.0009178531715597002
19.18663732746549	0.0008820094488442808
19.23004600920184	0.0008427766856914098
19.273454690938188	0.0008002612918618507
19.316863372674533	0.0007545638881903648
19.36027205441088	0.0007057850204876884
19.40368073614723	0.0006540303070206761
19.447089417883575	0.0005994144908004206
19.490498099619924	0.0005420640672398024
19.53390678135627	0.0004821185102988623
19.577315463092617	0.0004197305792331858
19.620724144828966	0.0003550666788031849
19.66413282656531	0.00028830863443939786
19.70754150830166	0.00021965833583641875
19.750950190038008	0.00014934632120403718
19.794358871774353	7.764448127108026e-05
19.8377675535107	4.88181686519526e-06
19.881176235247047	-6.853910347549494e-05
19.924584916983395	-0.0001421283147046773
19.967993598719744	-0.00021530093797079292
20.01140228045609	-0.00028737918517706545
20.054810962192438	-0.00035760576525486684
20.098219643928786	-0.00042516859779257246
20.14162832566513	-0.0004892345884050346
20.18503700740148	-0.0005489884810587313
20.228445689137825	-0.0006036719563453537
20.271854370874173	-0.0006526183644721406
20.315263052610522	-0.0006952795863414928
20.358671734346867	-0.0007312430912370486
20.402080416083216	-0.0007602388548304494
20.445489097819564	-0.0007821370876349709
20.48889777955591	-0.0007969385534137632
20.532306461292258	-0.0008047596338475391
20.575715143028603	-0.0008058143109103549
20.61912382476495	-0.000800395007738177
20.6625325065013	-0.000788853856011254
20.705941188237645	-0.0007715855234594407
20.749349869973994	-0.0007490123017263178
20.792758551710342	-0.0007215717740662007
20.836167233446687	-0.000689707090550315
20.879575915183036	-0.0006538596851651188
20.92298459691938	-0.0006144641547264594
20.96639327865573	-0.0005719449514437341
21.00980196039208	-0.0005267144974565735
21.053210642128423	-0.00047917230972606417
21.096619323864772	-0.0004297047385600078
21.14002800560112	-0.0003786849815539742
21.183436687337466	-0.00032647313346606185
21.226845369073814	-0.0002734161530867918
21.27025405081016	-0.00021984774168831017
21.313662732546508	-0.00016608820948211395
21.357071414282856	-0.00011244445188485913
21.4004800960192	-5.921017951316526e-05
21.44388877775555	-6.666554041429712e-06
21.4872974594919	4.491663511611843e-05
21.530706141228244	9.527918244530906e-05
21.574114822964592	0.0001441681125325077
21.617523504700937	0.00019133495945785478
21.660932186437286	0.00023653303819785518
21.704340868173635	0.0002795152029683168
21.74774954990998	0.0003200326465704825
21.791158231646328	0.0003578352058490608
21.834566913382677	0.00039267337686835907
21.877975595119022	0.0004243019064733601
21.92138427685537	0.00045248459893679205
21.964792958591715	0.0004769999699985837
22.008201640328064	0.0004976475166822494
22.051610322064413	0.0005142544539129511
22.095019003800758	0.0005266826822288746
22.138427685537106	0.0005348355585495235
22.181836367273455	0.0005386639029168055
22.2252450490098	0.0005381706967158978
22.26865373074615	0.0005334141076057883
22.312062412482497	0.0005245087290834394
22.355471094218842	0.0005116251457325527
22.39887977595519	0.0004949880554301449
22.442288457691536	0.0004748731802400978
22.485697139427884	0.0004516031182136594
22.529105821164233	0.0004255421951635738
22.572514502900578	0.0003970903211995315
22.615923184636927	0.0003666758589612046
22.659331866373275	0.00033474755824009286
22.70274054810962	0.00030176568448599464
22.74614922984597	0.00026819254912357343
22.789557911582314	0.00023448272553743682
22.832966593318663	0.00020107329557583417
22.87637527505501	0.00016837450573948046
22.919783956791356	0.0001367612091233046
22.963192638527705	0.00010656542670546554
23.006601320264053	7.80702927087977e-05
23.0500100020004	5.150557654118662e-05
23.093418683736747	2.7044915529260416e-05
23.136827365473092	4.804846776767374e-06
23.18023604720944	-1.5154323675700687e-05
23.22364472894579	-3.2825844848097946e-05
23.267053410682134	-4.825215337192143e-05
23.310462092418483	-6.151901556009087e-05
23.35387077415483	-7.274845142121039e-05
23.397279455891177	-8.209076628049386e-05
23.440688137627525	-8.971605386704287e-05
23.48409681936387	-9.580555942191246e-05
23.52750550110022	-0.0001005432999882927
23.570914182836567	-0.00010410833024814686
23.614322864572912	-0.00010666801824862557
23.65773154630926	-0.00010837265290992298
23.70114022804561	-0.00010935162526967343
23.744548909781955	-0.00010971128377633074
23.787957591518303	-0.00010953437127881466
23.83136627325465	-0.00010888078787732111
23.874774954990997	-0.00010778940476994028
23.918183636727345	-0.0001062808133309133
23.96159231846369	-0.00010436108838768679
24.00500100020004	-0.00010202663005554405
24.048409681936388	-9.926981082545444e-05
24.091818363672733	-9.608467763753265e-05
24.13522704540908	-9.247170807599736e-05
24.178635727145426	-8.844082774222758e-05
24.222044408881775	-8.401246315906108e-05
24.265453090618124	-7.921700724102324e-05
24.30886177235447	-7.409342926024964e-05
24.352270454090817	-6.868778287678207e-05
24.395679135827166	-6.305213191681869e-05
24.43908781756351	-5.72440607652866e-05
24.48249649929986	-5.132660024411914e-05
24.525905181036205	-4.536819307214557e-05
24.569313862772553	-3.9442303087815905e-05
24.6127225445089	-3.362641296595498e-05
24.656131226245247	-2.800036058039565e-05
24.699539907981595	-2.2644129580778882e-05
24.742948589717944	-1.7635280251251245e-05
24.78635727145429	-1.3046195148105205e-05
24.829765953190638	-8.94127474693543e-06
24.873174634926983	-5.37420258155466e-06
24.91658331666333	-2.385421760033729e-06
24.95999199839968	0.0
