0.0	-0.7897579515903184
0.043408681736347265	-0.7883576715343068
0.08681736347269453	-0.7827565513102623
0.1302260452090418	-0.7729545909181841
0.17363472694538906	-0.758951790358072
0.21704340868173633	-0.7421484296859377
0.2604520904180836	-0.7225445089017803
0.30386077215443086	-0.69873974794959
0.3472694538907781	-0.6721344268853775
0.3906781356271254	-0.6427285457091418
0.43408681736347265	-0.610522104420884
0.4774954990998199	-0.5755151030206038
0.5209041808361672	-0.5377075415083015
0.5643128625725145	-0.4970994198839769
0.6077215443088617	-0.45509101820364073
0.651130226045209	-0.4116823364672939
0.6945389077815562	-0.36547309461892397
0.7379475895179035	-0.31786357271454335
0.7813562712542508	-0.27025405081016185
0.824764952990598	-0.219843968793759
0.8681736347269453	-0.16943388677735527
0.9115823164632926	-0.11902380476095242
0.9549909981996398	-0.06721344268853802
0.9983996799359871	-0.01540308061612361
1.0418083616723344	0.036407281456290796
1.0852170434086816	0.08681736347269453
1.128625725145029	0.13722744548909738
1.1720344068813762	0.1876375275055011
1.2154430886177234	0.23524704940988173
1.2588517703540707	0.28285657131426234
1.302260452090418	0.3290658131626323
1.3456691338267652	0.37247449489898
1.3890778155631125	0.4158831766353268
1.4324864972994598	0.4564912982596514
1.475895179035807	0.49429885977195465
1.5193038607721543	0.5307061412282454
1.5627125425085016	0.5629125825165033
1.6061212242448488	0.5937187437487497
1.649529905981196	0.6217243448689738
1.6929385877175434	0.6469293858771756
1.7363472694538906	0.6693338667733544
1.7797559511902379	0.6889377875575118
1.8231646329265851	0.7043408681736345
1.8665733146629324	0.7183436687337466
1.9099819963992797	0.7281456291258248
1.953390678135627	0.7337467493498702
1.9967993598719742	0.7365473094618924
2.0402080416083215	0.7365473094618924
2.0836167233446687	0.7337467493498702
2.127025405081016	0.7267453490698141
2.1704340868173633	0.7155431086217243
2.2138427685537105	0.7015403080616123
2.257251450290058	0.684736947389478
2.300660132026405	0.6637327465493099
2.3440688137627523	0.6399279855971196
2.3874774954990996	0.6119223844768955
2.430886177235447	0.5811162232446492
2.474294858971794	0.5489097819563913
2.5177035407081414	0.5125025005000996
2.5611122224444887	0.47329465893178657
2.604520904180836	0.4326865373074611
2.647929585917183	0.39067813562712495
2.6913382676535305	0.3472694538907781
2.7347469493898777	0.3010602120424082
2.778155631126225	0.25485097019403824
2.8215643128625723	0.20724144828965763
2.8649729945989195	0.15823164632926545
2.908381676335267	0.11062212442488484
2.951790358071614	0.061612322464492664
2.9951990398079613	0.01260252050410049
3.0386077215443086	-0.036407281456291685
3.082016403280656	-0.0840168033606723
3.125425085017003	-0.1316263252650529
3.1688337667533504	-0.17783556711342285
3.2122424484896976	-0.22264452890578124
3.255651130226045	-0.2674534906981396
3.299059811962392	-0.30946189237847577
3.3424684936987394	-0.3486697339467897
3.3858771754350867	-0.38647729545909204
3.429285857171434	-0.42288457691538284
3.4726945389077812	-0.4564912982596523
3.5161032206441285	-0.48589717943588706
3.5595119023804758	-0.5139027805561112
3.602920584116823	-0.539107821564313
3.6463292658531703	-0.5601120224044811
3.6897379475895176	-0.578315663132627
3.733146629325865	-0.5937187437487497
3.776555311062212	-0.606321264252851
3.8199639927985594	-0.6133226645329071
3.8633726745349066	-0.6189237847569515
3.906781356271254	-0.6203240648129631
3.950190038007601	-0.61752350470094
3.9935987197439484	-0.6119223844768955
4.037007401480296	-0.6021204240848173
4.080416083216643	-0.5909181836367274
4.123824764952991	-0.5741148229645932
4.1672334466893375	-0.5559111822364473
4.210642128425685	-0.5335067013402686
4.254050810162032	-0.5097019403880774
4.29745949189838	-0.48169633926785327
4.3408681736347265	-0.4522904580916185
4.384276855371074	-0.4200840168033606
4.427685537107421	-0.38647729545909204
4.471094218843769	-0.35007001400280036
4.514502900580116	-0.312262452490498
4.557911582316463	-0.27305461092218497
4.60132026405281	-0.23384676935387105
4.644728945789158	-0.19323864772954646
4.688137627525505	-0.15123024604921032
4.731546309261852	-0.11062212442488484
4.774954990998199	-0.06861372274454869
4.818363672734547	-0.02660532106421254
4.861772354470894	0.01400280056011205
4.905181036207241	0.05461092218443664
4.948589717943588	0.09521904380876123
4.991998399679936	0.13442688537707514
5.035407081416283	0.1722344468893775
5.0788157631526305	0.2086417283456692
5.122224444888977	0.2436487297459493
5.165633126625325	0.2772554510902179
5.209041808361672	0.3080616123224642
5.25245049009802	0.33746749349869987
5.295859171834366	0.36547309461892397
5.339267853570714	0.39067813562712495
5.382676535307061	0.4130826165233046
5.426085217043409	0.43408681736347265
5.4694938987797554	0.4522904580916185
5.512902580516103	0.4676935387077412
5.55631126225245	0.48169633926785327
5.599719943988798	0.4914982996599315
5.6431286257251445	0.4998999799959991
5.686537307461492	0.5041008201640329
5.729945989197839	0.5069013802760551
5.773354670934187	0.5069013802760551
5.816763352670534	0.5041008201640329
5.860172034406881	0.49849969993998755
5.903580716143228	0.4914982996599315
5.946989397879576	0.4802960592118426
5.990398079615923	0.4676935387077412
6.03380676135227	0.4522904580916185
6.077215443088617	0.4354870974194833
6.120624124824965	0.4158831766353268
6.164032806561312	0.39347869573914807
6.207441488297659	0.36967393478695687
6.250850170034006	0.3444688937787559
6.294258851770354	0.31786357271454246
6.337667533506701	0.2884576915383077
6.3810762152430485	0.25905181036207203
6.424484896979395	0.22684536907381503
6.467893578715743	0.19463892778555714
6.51130226045209	0.16103220644128768
6.5547109421884375	0.12742548509701912
6.598119623924784	0.09381876375275056
6.641528305661132	0.05881176235247043
6.684936987397479	0.023804760952190307
6.728345669133827	-0.011202240448089817
6.771754350870173	-0.04480896179235838
6.815163032606521	-0.0798159631926385
6.858571714342868	-0.11342268453690707
6.901980396079216	-0.14562912582516496
6.9453890778155625	-0.1764352870574113
6.98879775955191	-0.20584116823364695
7.032206441288257	-0.23524704940988173
7.075615123024605	-0.26185237047409515
7.1190238047609515	-0.287057411482297
7.162432486497299	-0.30946189237847577
7.205841168233646	-0.33046609321864384
7.249249849969994	-0.35007001400280036
7.292658531706341	-0.3668733746749355
7.336067213442688	-0.38227645529105825
7.379475895179035	-0.39487897579515874
7.422884576915383	-0.4046809361872379
7.46629325865173	-0.4116823364672939
7.509701940388077	-0.4172834566913384
7.553110622124424	-0.4200840168033606
7.596519303860772	-0.42148429685937217
7.639927985597119	-0.4200840168033606
7.683336667333466	-0.4158831766353268
7.726745349069813	-0.41028205641128235
7.770154030806161	-0.40188037607521476
7.813562712542508	-0.3920784156831365
7.8569713942788555	-0.379475895179036
7.900380076015202	-0.36547309461892397
7.94378875775155	-0.35007001400280036
7.987197439487897	-0.3318663732746554
8.030606121224244	-0.31366273254650956
8.074014802960592	-0.2926585317063415
8.117423484696939	-0.2716543308661734
8.160832166433286	-0.24924984996999378
8.204240848169633	-0.22544508901780347
8.247649529905981	-0.20164032806561316
8.291058211642328	-0.1764352870574113
8.334466893378675	-0.15123024604921032
8.377875575115022	-0.12462492498499689
8.42128425685137	-0.09941988397679591
8.464692938587717	-0.07281456291258248
8.508101620324064	-0.047609521904380614
8.55151030206041	-0.021004200840168075
8.59491898379676	0.0042008401680337926
8.638327665533106	0.02940588117623477
8.681736347269453	0.05321064212842597
8.7251450290058	0.07701540308061627
8.768553710742149	0.09941988397679502
8.811962392478495	0.1204240848169631
8.855371074214842	0.14142828565713117
8.898779755951189	0.16103220644128768
8.942188437687538	0.17923584716943353
8.985597119423884	0.1960392078415678
9.029005801160231	0.21144228845769142
9.072414482896578	0.22684536907381503
9.115823164632927	0.23944788957791552
9.159231846369273	0.25065013002600534
9.20264052810562	0.25905181036207203
9.246049209841967	0.2674534906981396
9.289457891578316	0.27445489097819564
9.332866573314663	0.27865573114622944
9.37627525505101	0.28145629125825167
9.419683936787356	0.28285657131426234
9.463092618523705	0.28285657131426234
9.506501300260052	0.28145629125825167
9.549909981996398	0.27865573114622944
9.593318663732745	0.2730546109221841
9.636727345469094	0.2674534906981396
9.68013602720544	0.25905181036207203
9.723544708941787	0.25065013002600534
9.766953390678134	0.23944788957791552
9.810362072414483	0.2282456491298257
9.85377075415083	0.2156431286257252
9.897179435887177	0.20164032806561316
9.940588117623523	0.18623724744948955
9.983996799359872	0.17083416683336683
10.027405481096219	0.15403080616123255
10.070814162832566	0.1358271654330867
10.114222844568912	0.11762352470494086
10.157631526305261	0.09941988397679502
10.201040208041608	0.0798159631926385
10.244448889777955	0.06021204240848199
10.287857571514301	0.04060812162432459
10.33126625325065	0.021004200840168075
10.374674934986997	0.001400280056010672
10.418083616723344	-0.018203640728145842
10.46149229845969	-0.03780756151230236
10.50490098019604	-0.0560112022404482
10.548309661932386	-0.07561512302460471
10.591718343668733	-0.09241848369673988
10.63512702540508	-0.11062212442488484
10.678535707141428	-0.12742548509701912
10.721944388877775	-0.14282856571314273
10.765353070614122	-0.15823164632926634
10.808761752350469	-0.1722344468893784
10.852170434086817	-0.18483696739347888
10.895579115823164	-0.19743948789757937
10.938987797559511	-0.20724144828965763
10.982396479295858	-0.21704340868173677
11.025805161032206	-0.22544508901780347
11.069213842768553	-0.2324464892978595
11.1126225245049	-0.23804760952190485
11.156031206241249	-0.24224844968993775
11.199439887977595	-0.24504900980196087
11.242848569713942	-0.2478495699139831
11.286257251450289	-0.2478495699139831
11.329665933186638	-0.2478495699139831
11.373074614922984	-0.24504900980196087
11.416483296659331	-0.24224844968993775
11.459891978395678	-0.23804760952190485
11.503300660132027	-0.2324464892978595
11.546709341868373	-0.22684536907381503
11.59011802360472	-0.21844368873774744
11.633526705341067	-0.21004200840168075
11.676935387077416	-0.20164032806561316
11.720344068813763	-0.19043808761752334
11.76375275055011	-0.1806361272254451
11.807161432286456	-0.16943388677735527
11.850570114022805	-0.15683136627325478
11.893978795759152	-0.1442288457691543
11.937387477495498	-0.1316263252650529
11.980796159231845	-0.11762352470494086
12.024204840968194	-0.10502100420084037
12.06761352270454	-0.09101820364072832
12.111022204440888	-0.07701540308061627
12.154430886177234	-0.06301260252050422
12.197839567913583	-0.049009801960392174
12.24124824964993	-0.035007001400280124
12.284656931386277	-0.021004200840168075
12.328065613122623	-0.007001400280056025
12.371474294858972	0.005601120224044465
12.414882976595319	0.018203640728145842
12.458291658331666	0.030806161232246332
12.501700340068012	0.04200840168033615
12.545109021804361	0.05321064212842597
12.588517703540708	0.06301260252050422
12.631926385277055	0.07281456291258248
12.675335067013402	0.08261652330466074
12.71874374874975	0.08961792358471676
12.762152430486097	0.09801960392078435
12.805561112222444	0.10362072414482881
12.84896979395879	0.10922184436887328
12.89237847569514	0.11482296459291863
12.935787157431486	0.11762352470494086
12.979195839167833	0.12182436487297466
13.02260452090418	0.12322464492898533
13.066013202640528	0.12462492498499689
13.109421884376875	0.12602520504100845
13.152830566113222	0.12602520504100845
13.196239247849569	0.12462492498499689
13.239647929585917	0.12322464492898533
13.283056611322264	0.1204240848169631
13.326465293058611	0.11762352470494086
13.369873974794958	0.11342268453690707
13.413282656531306	0.10922184436887328
13.456691338267653	0.10362072414482881
13.500100020004	0.09801960392078435
13.543508701740347	0.092418483696739
13.586917383476695	0.08541708341668297
13.630326065213042	0.07841568313662695
13.673734746949389	0.07141428285657092
13.717143428685736	0.06301260252050422
13.760552110422084	0.0560112022404482
13.803960792158431	0.047609521904380614
13.847369473894778	0.03920784156831392
13.890778155631125	0.02940588117623477
13.934186837367474	0.021004200840168075
13.97759551910382	0.01260252050410049
14.021004200840167	0.0042008401680337926
14.064412882576514	-0.005601120224045353
14.107821564312863	-0.01400280056011205
14.15123024604921	-0.022404480896179635
14.194638927785556	-0.030806161232246332
14.238047609521903	-0.03920784156831392
14.281456291258252	-0.047609521904380614
14.324864972994598	-0.05461092218443664
14.368273654730945	-0.06301260252050422
14.411682336467292	-0.07001400280056025
14.45509101820364	-0.07701540308061627
14.498499699939988	-0.0840168033606723
14.541908381676334	-0.08961792358471676
14.585317063412681	-0.09521904380876212
14.62872574514903	-0.10082016403280658
14.672134426885377	-0.10642128425685193
14.715543108621723	-0.11062212442488484
14.75895179035807	-0.11482296459291863
14.802360472094419	-0.11762352470494086
14.845769153830766	-0.1204240848169631
14.889177835567112	-0.12322464492898622
14.93258651730346	-0.12462492498499689
14.975995199039808	-0.12602520504100845
15.019403880776155	-0.12742548509701912
15.062812562512502	-0.12742548509701912
15.106221244248848	-0.12742548509701912
15.149629925985197	-0.12602520504100845
15.193038607721544	-0.12602520504100845
15.23644728945789	-0.12322464492898622
15.279855971194237	-0.12182436487297466
15.323264652930586	-0.11902380476095242
15.366673334666933	-0.11622324464893019
15.41008201640328	-0.11342268453690707
15.453490698139627	-0.10922184436887417
15.496899379875975	-0.10502100420084037
15.540308061612322	-0.10082016403280658
15.583716743348669	-0.09661932386477279
15.627125425085016	-0.09101820364072832
15.670534106821364	-0.08681736347269453
15.713942788557711	-0.08121624324865007
15.757351470294058	-0.07561512302460471
15.800760152030405	-0.07001400280056025
15.844168833766753	-0.06441288257651578
15.8875775155031	-0.05881176235247043
15.930986197239447	-0.05321064212842597
15.974394878975794	-0.047609521904380614
16.017803560712142	-0.04200840168033615
16.061212242448487	-0.036407281456291685
16.104620924184836	-0.030806161232246332
16.148029605921185	-0.025205041008201867
16.19143828765753	-0.019603920784157403
16.234846969393878	-0.01540308061612361
16.278255651130227	-0.009801960392078257
16.321664332866572	-0.005601120224045353
16.36507301460292	0.0
16.408481696339265	0.0042008401680337926
16.451890378075614	0.008401680336066697
16.495299059811963	0.01260252050410049
16.538707741548308	0.016803360672134282
16.582116423284656	0.019603920784156514
16.625525105021005	0.023804760952190307
16.66893378675735	0.02660532106421254
16.7123424684937	0.02940588117623477
16.755751150230044	0.030806161232246332
16.799159831966392	0.033606721344268564
16.84256851370274	0.035007001400280124
16.885977195439086	0.036407281456290796
16.929385877175434	0.03780756151230236
16.972794558911783	0.03920784156831392
17.016203240648128	0.03920784156831392
17.059611922384477	0.04060812162432459
17.10302060412082	0.04060812162432459
17.14642928585717	0.03920784156831392
17.18983796759352	0.03920784156831392
17.233246649329864	0.03920784156831392
17.276655331066213	0.03780756151230236
17.32006401280256	0.036407281456290796
17.363472694538906	0.035007001400280124
17.406881376275255	0.03220644128825789
17.4502900580116	0.030806161232246332
17.49369873974795	0.0280056011202241
17.537107421484297	0.025205041008201867
17.580516103220642	0.022404480896178747
17.62392478495699	0.019603920784156514
17.66733346669334	0.016803360672134282
17.710742148429684	0.01400280056011205
17.754150830166033	0.009801960392078257
17.797559511902378	0.005601120224044465
17.840968193638727	0.0028005601120222323
17.884376875375075	-0.0014002800560115602
17.92778555711142	-0.005601120224045353
17.97119423884777	-0.009801960392078257
18.014602920584117	-0.01400280056011205
18.058011602320462	-0.018203640728145842
18.10142028405681	-0.022404480896179635
18.144828965793156	-0.02660532106421254
18.188237647529505	-0.030806161232246332
18.231646329265853	-0.035007001400280124
18.2750550110022	-0.03920784156831392
18.318463692738547	-0.04340868173634771
18.361872374474896	-0.047609521904380614
18.40528105621124	-0.051810362072414406
18.44868973794759	-0.05461092218443664
18.492098419683934	-0.05881176235247043
18.535507101420283	-0.061612322464492664
18.57891578315663	-0.06581316263252646
18.622324464892976	-0.06861372274454869
18.665733146629325	-0.07141428285657181
18.709141828365674	-0.07421484296859404
18.75255051010202	-0.07701540308061627
18.795959191838367	-0.07841568313662783
18.839367873574712	-0.08121624324865007
18.88277655531106	-0.08261652330466074
18.92618523704741	-0.0840168033606723
18.969593918783755	-0.08541708341668386
19.013002600520103	-0.08541708341668386
19.05641128225645	-0.08541708341668386
19.099819963992797	-0.08541708341668386
19.143228645729145	-0.08541708341668386
19.18663732746549	-0.08541708341668386
19.23004600920184	-0.0840168033606723
19.273454690938188	-0.0840168033606723
19.316863372674533	-0.08261652330466074
19.36027205441088	-0.0798159631926385
19.40368073614723	-0.07841568313662783
19.447089417883575	-0.07701540308061627
19.490498099619924	-0.07421484296859404
19.53390678135627	-0.07141428285657181
19.577315463092617	-0.06861372274454869
19.620724144828966	-0.06581316263252646
19.66413282656531	-0.06301260252050422
19.70754150830166	-0.05881176235247043
19.750950190038008	-0.0560112022404482
19.794358871774353	-0.051810362072414406
19.8377675535107	-0.049009801960392174
19.881176235247047	-0.04480896179235838
19.924584916983395	-0.04200840168033615
19.967993598719744	-0.03780756151230236
20.01140228045609	-0.033606721344268564
20.054810962192438	-0.02940588117623566
20.098219643928786	-0.02660532106421254
20.14162832566513	-0.022404480896179635
20.18503700740148	-0.018203640728145842
20.228445689137825	-0.01540308061612361
20.271854370874173	-0.011202240448089817
20.315263052610522	-0.008401680336067585
20.358671734346867	-0.005601120224045353
20.402080416083216	-0.0014002800560115602
20.445489097819564	0.001400280056010672
20.48889777955591	0.0042008401680337926
20.532306461292258	0.007001400280056025
20.575715143028603	0.008401680336066697
20.61912382476495	0.011202240448089817
20.6625325065013	0.01260252050410049
20.705941188237645	0.015403080616122722
20.749349869973994	0.016803360672134282
20.792758551710342	0.018203640728145842
20.836167233446687	0.018203640728145842
20.879575915183036	0.019603920784156514
20.92298459691938	0.019603920784156514
20.96639327865573	0.021004200840168075
21.00980196039208	0.021004200840168075
21.053210642128423	0.021004200840168075
21.096619323864772	0.019603920784156514
21.14002800560112	0.019603920784156514
21.183436687337466	0.018203640728145842
21.226845369073814	0.016803360672134282
21.27025405081016	0.015403080616122722
21.313662732546508	0.01400280056011205
21.357071414282856	0.01260252050410049
21.4004800960192	0.009801960392078257
21.44388877775555	0.008401680336066697
21.4872974594919	0.005601120224044465
21.530706141228244	0.0028005601120222323
21.574114822964592	0.0
21.617523504700937	-0.0028005601120222323
21.660932186437286	-0.005601120224045353
21.704340868173635	-0.008401680336067585
21.74774954990998	-0.011202240448089817
21.791158231646328	-0.01540308061612361
21.834566913382677	-0.018203640728145842
21.877975595119022	-0.021004200840168075
21.92138427685537	-0.025205041008201867
21.964792958591715	-0.0280056011202241
22.008201640328064	-0.030806161232246332
22.051610322064413	-0.035007001400280124
22.095019003800758	-0.03780756151230236
22.138427685537106	-0.04060812162432459
22.181836367273455	-0.04340868173634771
22.2252450490098	-0.04620924184836994
22.26865373074615	-0.049009801960392174
22.312062412482497	-0.051810362072414406
22.355471094218842	-0.05461092218443664
22.39887977595519	-0.05741148229645976
22.442288457691536	-0.05881176235247043
22.485697139427884	-0.061612322464492664
22.529105821164233	-0.06301260252050422
22.572514502900578	-0.06441288257651578
22.615923184636927	-0.06581316263252646
22.659331866373275	-0.06721344268853802
22.70274054810962	-0.06721344268853802
22.74614922984597	-0.06861372274454869
22.789557911582314	-0.06861372274454869
22.832966593318663	-0.06861372274454869
22.87637527505501	-0.06861372274454869
22.919783956791356	-0.06861372274454869
22.963192638527705	-0.06721344268853802
23.006601320264053	-0.06721344268853802
23.0500100020004	-0.06581316263252646
23.093418683736747	-0.06441288257651578
23.136827365473092	-0.06441288257651578
23.18023604720944	-0.061612322464492664
23.22364472894579	-0.06021204240848199
23.267053410682134	-0.05881176235247043
23.310462092418483	-0.05741148229645976
23.35387077415483	-0.05461092218443664
23.397279455891177	-0.051810362072414406
23.440688137627525	-0.050410082016403734
23.48409681936387	-0.047609521904380614
23.52750550110022	-0.04480896179235838
23.570914182836567	-0.04200840168033615
23.614322864572912	-0.04060812162432459
23.65773154630926	-0.03780756151230236
23.70114022804561	-0.035007001400280124
23.744548909781955	-0.03220644128825789
23.787957591518303	-0.02940588117623566
23.83136627325465	-0.02660532106421254
23.874774954990997	-0.023804760952190307
23.918183636727345	-0.022404480896179635
23.96159231846369	-0.019603920784157403
24.00500100020004	-0.016803360672134282
24.048409681936388	-0.01540308061612361
24.091818363672733	-0.012602520504101378
24.13522704540908	-0.011202240448089817
24.178635727145426	-0.008401680336067585
24.222044408881775	-0.007001400280056025
24.265453090618124	-0.005601120224045353
24.30886177235447	-0.0042008401680337926
24.352270454090817	-0.0028005601120222323
24.395679135827166	-0.0014002800560115602
24.43908781756351	0.0
24.48249649929986	0.001400280056010672
24.525905181036205	0.001400280056010672
24.569313862772553	0.0028005601120222323
24.6127225445089	0.0028005601120222323
24.656131226245247	0.0028005601120222323
24.699539907981595	0.0028005601120222323
24.742948589717944	0.0028005601120222323
24.78635727145429	0.0028005601120222323
24.829765953190638	0.001400280056010672
24.873174634926983	0.001400280056010672
24.91658331666333	0.001400280056010672
24.95999199839968	0.0
